index,adjusted price,close,high,low,open,volume,ticker,day,dopen,dhigh,dlow,dclose,dvolume
2010-01-04,1.2162168050518345,0.9718705840585996,1.0,0.9711673464804293,0.9971870496873182,-0.17204171714094152,600028.SS,-1.4298075040129405,-0.18569084343035308,-0.09284576026683287,-0.15292175157147214,0.04369212247851085,0.4015531453105127
2010-01-05,1.2430874112986505,0.9774964846839633,0.9880449611711024,0.9514767814770744,0.9732770592149408,0.03622667262173016,600028.SS,-0.7189074473803626,-0.18569084343035308,-0.09284576026683287,-0.15292175157147214,0.04369212247851085,0.4015531453105127
2010-01-06,1.1423231016391626,0.9563994445242675,0.9760900095276225,0.9542897317897562,0.973980296793111,-0.010232204431247815,600028.SS,-0.008007390747784504,0.005461515309812437,-0.09284508316352147,0.021846061239254793,-0.16384478219109955,-0.08980116243165581
2010-01-07,1.0214090836570708,0.9310829788955493,0.9620252579642136,0.9184247024884811,0.9571025949170204,0.15034292727889204,600028.SS,0.7028926658847936,-0.13107636743552875,-0.10923030619627397,-0.2785366036971872,-0.19661387404998049,0.30955558224110574
2010-01-08,0.9743855227251426,0.9212377399865804,0.924753840692015,0.895921274357862,0.9205344152229925,0.2151867485455396,600028.SS,1.4137927225173716,-0.28399744190368825,-0.2894589572135032,-0.17476713570741553,-0.07646053723408164,0.12489536757215566
2010-01-11,0.9508735103761421,0.9163149897539697,0.9634317331205544,0.907172901237754,0.9599156324151198,0.5531049217287008,600028.SS,-1.4298075040129405,0.3058441802462544,0.3003819878331306,0.08738289075039636,-0.038231284272007296,0.6516401516128272
2010-01-12,1.0482782986056691,0.9367087923354949,0.9458508808517109,0.8987341374851262,0.9106891763140237,0.43622964773325323,600028.SS,-0.7189074473803626,-0.38230471748033606,-0.13653720564203106,-0.06553750661445297,0.1583832668812846,-0.22563035891263197
2010-01-13,0.8904174289172414,0.9036568005323193,0.9240506031138448,0.8987341374851262,0.9170183145175578,0.4782501137152124,600028.SS,-0.008007390747784504,0.04915363778832329,-0.16930629750091197,0.0,-0.25668986535461974,0.08087042247518017
2010-01-14,0.9206461652958007,0.9099859387358533,0.9135020394412879,0.8952179495942739,0.9064697508450013,-0.13134743817777586,600028.SS,0.7028926658847936,-0.08192272964720422,-0.08192272964720673,-0.027307576549068492,0.04915363778832329,-1.1760634114554644
2010-01-15,0.9575911619378461,0.9177214649103106,0.927566791004697,0.8994373750632968,0.9092826139722653,-0.1423259535295457,600028.SS,1.4137927225173716,0.021845384135942125,0.10923030619627523,0.03276909185888345,0.060075991304639274,-0.021361576909169358
2010-01-18,0.9172871076319123,0.9092826139722653,0.9156117521757993,0.900140612641467,0.914205364204876,0.04447384709405946,600028.SS,-1.4298075040129405,0.038231284272007296,-0.09284576026683414,0.005461515309812437,-0.06553818371776438,0.3601414665118651
2010-01-19,0.9609506833678071,0.9184247024884811,0.924753840692015,0.9092826139722653,0.9120956514703646,0.18471222495618678,600028.SS,-0.7189074473803626,-0.016384545929441094,0.07099969902757808,0.07099902192426667,0.07099969902757808,0.2703271488910755
2010-01-20,0.7560676440456688,0.8755274717763366,0.9198311776448219,0.8720111967000668,0.9191280272520691,0.5106708627974132,600028.SS,-0.008007390747784504,0.054615153098136984,-0.03823060716869589,-0.2894589572135032,-0.3331504025887014,0.6285708929413274
2010-01-21,0.7157608071432995,0.8670886208382913,0.8818565227944533,0.8516173941185414,0.8755274717763366,0.13534735197309294,600028.SS,0.7028926658847936,-0.3386125950018265,-0.29492047252331566,-0.15838326688128584,-0.06553818371776438,-0.7241622046853079
2010-01-22,0.6720976951734773,0.8579465323220755,0.8684950959946321,0.8417721552095728,0.8516173941185414,0.0292652110124863,600028.SS,1.4137927225173716,-0.18569152053366575,-0.10376811378315012,-0.07646053723408038,-0.07099969902757808,-0.20481102348380462
2010-01-25,0.6519447404883651,0.853727106853053,0.8628691953692686,0.8481012934131068,0.8516173941185414,-0.4705106326656978,600028.SS,-1.4298075040129405,0.0,-0.043692122478509586,0.04915363778832329,-0.03276909185888093,-0.9642236265375811
2010-01-26,0.48736575547216077,0.8192686398935362,0.8579465323220755,0.8136427392681725,0.8544303444312232,-0.06359679485106938,600028.SS,-0.7189074473803626,0.021846061239254793,-0.03823060716869589,-0.26761357307755984,-0.26761289597424964,0.7847288368407825
2010-01-27,0.43362570239370957,0.808016838642809,0.8241912157553117,0.8052038883301272,0.8220815030208003,-0.31389614182482717,600028.SS,-0.008007390747784504,-0.25122902714811873,-0.26215205776774614,-0.06553818371776438,-0.08738424495701917,-0.48299775359301356
2010-01-28,0.4403426583063047,0.8094233137991499,0.8178620775517776,0.7981715997338403,0.8101265513773204,-0.3274613880469767,600028.SS,0.7028926658847936,-0.09284508316352147,-0.04915363778832329,-0.05461447599482558,0.010923030619627397,-0.026351232598642756
2010-01-29,0.41011415381078214,0.8030941755956159,0.8171589271590248,0.7981715997338403,0.801687700439275,-0.33102372868811963,600028.SS,1.4137927225173716,-0.06553818371776438,-0.005460838206502291,0.0,-0.04915363778832329,-0.0070562006666163865
2010-02-01,0.31606935077728865,0.783403610592261,0.802391025202863,0.7791841851232383,0.8002813124683517,-0.38031187097055935,600028.SS,-1.4298075040129405,-0.01092235351631599,-0.11469114440277627,-0.14746091336496986,-0.15292175157147214,-0.09525865300822316
2010-02-02,0.2992763812882101,0.7798875098868263,0.7974682749702523,0.7784809475450679,0.7883262736394541,-0.3988557861889922,600028.SS,-0.7189074473803626,-0.09284576026683287,-0.038231284272007296,-0.005461515309813698,-0.027306899445757083,-0.035954799930586874
2010-02-03,0.38324424321307493,0.7974682749702523,0.7995779877047636,0.7580871449635426,0.7848100857486019,-0.17174408053580567,600028.SS,-0.008007390747784504,-0.027307576549068492,0.016384545929441094,-0.15838326688128584,0.13653652853871964,0.43790082237977457
2010-02-04,0.3328630159154762,0.7869197984831132,0.7925456991084768,0.7805906602795792,0.7883262736394541,-0.3221911262382991,600028.SS,0.7028926658847936,0.027307576549068492,-0.05461447599482558,0.17476781281072695,-0.08192205254389406,-0.2903883836541755
2010-02-05,0.24553447314546886,0.7686357086360992,0.7749648468396332,0.7594936201198834,0.7665259959015879,-0.16536303422086454,600028.SS,1.4137927225173716,-0.16930629750091325,-0.13653720564203106,-0.16384478219109955,-0.14199872095184476,0.3023277572920629
2010-02-08,0.20858854897127818,0.7609000952762244,0.7721518093415338,0.7524613315235965,0.7665259959015879,-0.4165111458558529,600028.SS,-1.4298075040129405,0.0,-0.021846738342566202,-0.05461447599482558,-0.06007666840795068,-0.4846349720100618
2010-02-09,0.22538314164161088,0.7644162831670765,0.7672292334797584,0.7552741946508608,0.7594936201198834,-0.4821170005627131,600028.SS,-0.7189074473803626,-0.054615153098136984,-0.03822993006538448,0.021845384135943387,0.027307576549068492,-0.12673458564970014
2010-02-10,0.2791229628370258,0.7756680844178037,0.7784809475450679,0.7623065704325652,0.7693389462142697,-0.29752259419695976,600028.SS,-0.008007390747784504,0.07646121433739178,0.08738356785370777,0.054615153098136984,0.08738424495701917,0.3558873873062434
2010-02-11,0.29591685985824917,0.7791841851232383,0.7855133233267724,0.771448658948781,0.7756680844178037,-0.35363685564255315,600028.SS,0.7028926658847936,0.04915363778832329,0.054615153098136984,0.07099969902757808,0.027306899445757083,-0.10842584589615331
2010-02-12,0.353015738717552,0.7911392239521359,0.7939521742648177,0.7784809475450679,0.783403610592261,-0.3386464917880491,600028.SS,1.4137927225173716,0.060075991304639274,0.06553818371776438,0.05461447599482558,0.09284576026683287,0.02873090366721599
2010-02-22,0.3127105249964362,0.7827003730140906,0.7946554118429882,0.7798875098868263,0.7925456991084768,-0.4882359773405946,600028.SS,-1.4298075040129405,0.07099969902757808,0.005461515309813698,0.010923707722938804,-0.06553818371776438,-0.28873419924316823
2010-02-23,0.26232837016669264,0.7721518093415338,0.7798875098868263,0.7594936201198834,0.7798875098868263,-0.47196561520607017,600028.SS,-0.7189074473803626,-0.09830659847333516,-0.11469114440277627,-0.15838394398459726,-0.08192272964720547,0.03119994703525786
2010-02-24,0.3194274809090318,0.7841069353558491,0.7848100857486019,0.7601968576980539,0.7665259959015879,-0.3727740129096683,600028.SS,-0.008007390747784504,-0.10376879088646027,0.03822993006538448,0.005461515309813698,0.09284643737014428,0.19115026984992659
2010-02-25,0.36980894008966686,0.7946554118429882,0.7981715997338403,0.7805906602795792,0.7848100857486019,-0.10902248149740103,600028.SS,0.7028926658847936,0.14199872095184476,0.10376879088646027,0.15838326688128584,0.08192205254389406,0.5085769476595858
2010-02-26,0.36645034619185113,0.7939521742648177,0.801687700439275,0.7862166480903604,0.7904359863739655,-0.3389352148859043,600028.SS,1.4137927225173716,0.043692122478509586,0.027306899445757083,0.04369279958182099,-0.005461515309813698,-0.4436731436656462
2010-03-01,0.4033958065999692,0.801687700439275,0.8066103634864681,0.7911392239521359,0.7932489366866472,-0.399254751047975,600028.SS,-1.4298075040129405,0.021846061239254793,0.03823060716869589,0.03822993006538448,0.060075991304639274,-0.116537579959848
2010-03-02,0.3630915204109991,0.7932489366866472,0.8030941755956159,0.7883262736394541,0.802391025202863,-0.44294050243860134,600028.SS,-0.7189074473803626,0.07099969902757808,-0.027307576549068492,-0.021846061239254793,-0.06553750661445297,-0.08445196186455307
2010-03-03,0.3765275191835161,0.796061886999329,0.7995779877047636,0.7841069353558491,0.7932489366866472,-0.46274604231020006,600028.SS,-0.008007390747784504,-0.07099969902757808,-0.027307576549068492,-0.03276841475557078,0.021846061239254793,-0.038388401624807514
2010-03-04,0.2858408462817657,0.7770745595741446,0.7967650373920819,0.7763712348105566,0.7946554118429882,-0.3774788664160921,600028.SS,0.7028926658847936,0.010923030619627397,-0.021846061239254793,-0.06007734551126209,-0.14746023626165844,0.1642908488655313
2010-03-05,0.28248132485180566,0.7763712348105566,0.7812938978577497,0.7735583716832923,0.777777797152315,-0.5770779976320518,600028.SS,1.4137927225173716,-0.13107569033221736,-0.12015265971258995,-0.021845384135943387,-0.0054621924131251064,-0.3851999413388567
2010-03-08,0.3059921777856237,0.7812938978577497,0.7848100857486019,0.7763712348105566,0.7784809475450679,-0.6339071347845651,600028.SS,-1.4298075040129405,0.005460838206502291,0.027307576549068492,0.021845384135943387,0.03823060716869589,-0.10980480018905799
2010-03-09,0.32614559623680844,0.7855133233267724,0.7911392239521359,0.7728551341051219,0.7812938978577497,-0.532181332301458,600028.SS,-0.7189074473803626,0.021846061239254793,0.04915363778832329,-0.027306899445757083,0.03276909185888219,0.1960385968593776
2010-03-10,0.3563741007323314,0.7918424615303064,0.801687700439275,0.7855133233267724,0.7862166480903604,-0.2251212616728802,600028.SS,-0.008007390747784504,0.038231284272007296,0.08192205254389406,0.09830659847333516,0.04915363778832329,0.5921166392362847
2010-03-11,0.43362570239370957,0.808016838642809,0.8136427392681725,0.7890295112176245,0.7925456991084768,-0.024664750440569084,600028.SS,0.7028926658847936,0.049152960685011876,0.09284576026683287,0.027307576549068492,0.12561417502240366,0.3864844790643148
2010-03-12,0.3731679977535552,0.7953586494211585,0.8122362641118317,0.7946554118429882,0.8073136010646386,-0.24276022918244902,600028.SS,1.4137927225173716,0.11469114440277627,-0.010923030619627397,0.043692122478509586,-0.09830659847333516,-0.4208783363060291
2010-03-15,0.31606935077728865,0.783403610592261,0.796061886999329,0.7798875098868263,0.7946554118429882,-0.5710227943588749,600028.SS,-1.4298075040129405,-0.09830659847333516,-0.12561417502240366,-0.11469114440277627,-0.09284576026683287,-0.633384336027659
2010-03-16,0.3765275191835161,0.796061886999329,0.7981715997338403,0.7812938978577497,0.7819972226213376,-0.5466136546966593,600028.SS,-0.7189074473803626,-0.09830659847333516,0.016384545929441094,0.01092235351631599,0.09830727557664658,0.04689918272360042
2010-03-17,0.42690735518289746,0.8066103634864681,0.8073136010646386,0.7932489366866472,0.796061886999329,-0.4870786500398681,600028.SS,-0.008007390747784504,0.10922962909296256,0.07099902192426667,0.09284576026683287,0.08192205254389406,0.11465496440340545
2010-03-18,0.4235489931681176,0.8059071259082977,0.8122362641118317,0.801687700439275,0.808016838642809,-0.47666982892765086,600028.SS,0.7028926658847936,0.09284508316352147,0.03823060716869589,0.06553750661445297,-0.005461515309813698,0.019893370133137578
2010-03-19,0.4739309161148253,0.8164556895808543,0.8192686398935362,0.8009844628611046,0.8059071259082977,-0.41130890622015864,600028.SS,1.4137927225173716,-0.016384545929441094,0.054615153098136984,-0.005461515309813698,0.08192272964720547,0.12589282663366475
2010-03-22,0.4772899737787136,0.8171589271590248,0.8234880653625588,0.8115330265336612,0.814345976846343,-0.49025370344829156,600028.SS,-1.4298075040129405,0.06553818371776438,0.03276909185888219,0.08192272964720547,0.005461515309813698,-0.1524646417622084
2010-03-23,0.4672141920852665,0.8150492144245135,0.8333333042715275,0.814345976846343,0.8171589271590248,-0.38166187910462923,600028.SS,-0.7189074473803626,0.021846061239254793,0.07646053723408038,0.021846061239254793,-0.016384545929441094,0.20928275976509939
2010-03-24,0.4604960767574898,0.8136427392681725,0.8263009284898231,0.8129395016900022,0.8150492144245135,-0.5598778666213508,600028.SS,-0.008007390747784504,-0.016384545929441094,-0.054615153098136984,-0.010923030619627397,-0.010923030619627397,-0.3439530818996023
2010-03-25,0.43026710849589384,0.8073136010646386,0.8213783526280475,0.8052038883301272,0.8136427392681725,-0.4797525359160448,600028.SS,0.7028926658847936,-0.010923030619627397,-0.03822993006538448,-0.06007666840795068,-0.04915363778832329,0.15437252400441753
2010-03-26,0.5343883888719438,0.829113878802505,0.8333333042715275,0.8002813124683517,0.8073136010646386,-0.18731696538424178,600028.SS,1.4137927225173716,-0.04915363778832329,0.09284508316352147,-0.03822993006538448,0.1693062975009145,0.5639068161931686
2010-03-29,0.6049225708546547,0.8438818679440842,0.8544303444312232,0.8241912157553117,0.8361462545842094,0.2111159093956661,600028.SS,-1.4298075040129405,0.2239214505990515,0.16384478219109955,0.18569016632704294,0.11469182150608641,0.7683695449086476
2010-03-30,0.5881282100673584,0.840365680053232,0.8466947310713485,0.8340365418496979,0.8445850183368371,-0.3780051422473574,600028.SS,-0.7189074473803626,0.06553750661445171,-0.060076668407949424,0.07646121433739178,-0.027307576549068492,-1.1365654153002853
2010-03-31,0.5142349704207592,0.8248944533334821,0.8424753056023256,0.8241912157553117,0.840365680053232,-0.37684637387785797,600028.SS,-0.008007390747784504,-0.03276841475557078,-0.03276909185888345,-0.07646121433739178,-0.12015333681590136,0.0020505482052204115
2010-04-01,0.554541343557056,0.8333333042715275,0.8375527297405502,0.8263009284898231,0.8263009284898231,-0.48099674351386906,600028.SS,0.7028926658847936,-0.10923030619627397,-0.03822993006538448,0.016384545929441094,0.06553818371776438,-0.20108474724420694
2010-04-02,0.6049225708546547,0.8438818679440842,0.8466947310713485,0.8277074908315815,0.8361462545842094,-0.2859657506160066,600028.SS,1.4137927225173716,0.07646121433739304,0.07099902192426794,0.010923707722938804,0.08192272964720547,0.37601896495311926
2010-04-06,0.554541343557056,0.8333333042715275,0.8459915806785955,0.8298172035660928,0.8452882559150073,-0.3481306312453182,600028.SS,-0.7189074473803626,0.07099902192426415,-0.005460838206503552,0.016384545929441094,-0.08192272964720547,-0.12009714374185655
2010-04-07,0.5142349704207592,0.8248944533334821,0.8333333042715275,0.8171589271590248,0.8333333042715275,-0.3987390844643999,600028.SS,-0.008007390747784504,-0.0928450831635202,-0.09830727557664658,-0.09830727557664658,-0.06553818371776438,-0.09780545718191067
2010-04-08,0.43362570239370957,0.808016838642809,0.8227848277843883,0.8052038883301272,0.8227848277843883,-0.22807385630098903,600028.SS,0.7028926658847936,-0.08192205254389406,-0.08192205254389406,-0.09284576026683287,-0.13107569033221736,0.32901880037172193
2010-04-09,0.4638544387722693,0.814345976846343,0.8150492144245135,0.8045007379373743,0.8087200762209794,-0.30181877426469367,600028.SS,1.4137927225173716,-0.10923030619627397,-0.06007666840795068,-0.005460838206502291,0.04915363778832329,-0.14243437249321367
2010-04-12,0.37988518554918704,0.7967650373920819,0.8157523648172663,0.7939521742648177,0.8150492144245135,-0.3213067386054624,600028.SS,-1.4298075040129405,0.04915363778832329,0.005460838206502291,-0.08192272964720547,-0.13653788274534245,-0.037775816615524815
2010-04-13,0.4672141920852665,0.8150492144245135,0.8185654023153657,0.7981715997338403,0.7988747501265933,-0.2735583161918434,600028.SS,-0.7189074473803626,-0.12561485212571508,0.021846738342566202,0.03276909185888219,0.14199939805515616,0.09191932235323032
2010-04-14,0.45041890376582533,0.8115330265336612,0.8248944533334821,0.801687700439275,0.8213783526280475,-0.13058687065234942,600028.SS,-0.008007390747784504,0.17476848991403834,0.049152960685011876,0.027306899445757083,-0.027307576549068492,0.2755990798995328
2010-04-15,0.510876840289016,0.8241912157553117,0.8248944533334821,0.8030941755956159,0.8115330265336612,-0.11089515036779728,600028.SS,0.7028926658847936,-0.07646121433739178,0.0,0.010923030619627397,0.09830659847333516,0.037799550942449835
2010-04-16,0.43362570239370957,0.808016838642809,0.8213783526280475,0.8066103634864681,0.8213783526280475,-0.5151409425219333,600028.SS,1.4137927225173716,0.07646121433739178,-0.027306899445757083,0.027307576549068492,-0.12561417502240366,-0.7799516287967857
2010-04-19,0.2320998656711697,0.7658227583234174,0.7988747501265933,0.7644162831670765,0.7981715997338403,-0.15030698371862988,600028.SS,-1.4298075040129405,-0.18022932812054063,-0.17476848991403834,-0.3276895643821991,-0.3276895643821991,0.7035591604258604
2010-04-20,0.1548498871910452,0.7496483812109148,0.7693389462142697,0.7412095302728694,0.7658227583234174,-0.23403152033735128,600028.SS,-0.7189074473803626,-0.25122902714811873,-0.22938228880555253,-0.18022932812054063,-0.12561417502240366,-0.1616844852788047
2010-04-21,0.18171863837357094,0.7552741946508608,0.7559774322290312,0.7376933423820172,0.7496483812109148,-0.34117082810746385,600028.SS,-0.008007390747784504,-0.12561417502240366,-0.10376879088646027,-0.027307576549068492,0.04369144537519818,-0.20685023770828226
2010-04-22,0.10782563061000802,0.7398030551165286,0.7524613315235965,0.7355836296475059,0.7524613315235965,-0.36969059159839124,600028.SS,0.7028926658847936,0.021846061239254793,-0.027306899445757083,-0.016384545929441094,-0.12015265971258995,-0.05519763986424769
2010-04-23,0.04400910018900117,0.7264415847239989,0.7440224805855512,0.7222222464403938,0.7383966671456053,-0.3738316704279374,600028.SS,1.4137927225173716,-0.10922962909296256,-0.06553818371776438,-0.10376777523149316,-0.10376845233480457,-0.008172553483814496
2010-04-26,0.013781059459550384,0.7201125337058825,0.7341772416765826,0.7151897834732718,0.7278480598803397,-0.4442537198384387,600028.SS,-1.4298075040129405,-0.08192306819886118,-0.07646053723408038,-0.05461583020144839,-0.049152960685011876,-0.13602474937713377
2010-04-27,-0.07018726623138663,0.70253163784433,0.7201125337058825,0.6962024996407961,0.7187060149568327,-0.20974505165442964,600028.SS,-0.7189074473803626,-0.07099936047592238,-0.10922996764461826,-0.14745989771000276,-0.13653754419368674,0.45216913942789577
2010-04-28,-0.05675358628923268,0.7053445445643031,0.7095639700333257,0.6919830741717734,0.6997186875316483,-0.46178598614377886,600028.SS,-0.008007390747784504,-0.14746023626165844,-0.08192272964720547,-0.03276909185888219,0.02184572268759909,-0.4863571761581492
2010-04-29,-0.08026513487216051,0.7004219251098187,0.7095639700333257,0.6990154063607691,0.7081574512842761,-0.44936684924733916,600028.SS,0.7028926658847936,0.06553750661445297,0.0,0.05461481454648128,-0.03823026861704019,0.023771154136585662
2010-04-30,-0.03995992115104519,0.7088607760478641,0.7095639700333257,0.6905766426081413,0.7018284002661597,-0.374519184462682,600028.SS,1.4137927225173716,-0.049152960685011876,0.0,-0.06553750661445297,0.06553818371776438,0.14419220873093896
2010-05-04,-0.08026513487216051,0.7004219251098187,0.7046413505788414,0.6962024996407961,0.6997186875316483,-0.5506378143989966,600028.SS,-0.7189074473803626,-0.016384545929441094,-0.03823026861704082,0.04369178392685388,-0.06553818371776438,-0.33990739925678404
2010-05-05,-0.10713458170379515,0.694796068077164,0.6954992620626257,0.67651197823015,0.694796068077164,-0.37168246542922245,600028.SS,-0.008007390747784504,-0.03823026861704019,-0.07099969902757745,-0.15292141301981643,-0.04369178392685388,0.34500996857617483
2010-05-06,-0.29186652140511166,0.6561181320559158,0.6905766426081413,0.654711656899575,0.6905766426081413,-0.36793580463822034,600028.SS,0.7028926658847936,-0.03276909185888219,-0.03823026861704019,-0.16930663605256896,-0.3003823263847863,0.0070424444602802064
2010-05-07,-0.3993461637959406,0.6336146167398792,0.6511954254160139,0.6279886725218068,0.6427566616633862,-0.2801914004659638,600028.SS,1.4137927225173716,-0.37138168686070866,-0.3058441802462557,-0.20753724322126482,-0.17476781281072695,0.16906928032654137
2010-05-10,-0.3691176593004177,0.6399437549434132,0.6441630932270183,0.6293951912708565,0.6350210483035112,-0.5049247587625361,600028.SS,-1.4298075040129405,-0.06007666840795068,-0.05461481454648128,0.010923369171283101,0.04915363778832329,-0.4336824257709868
2010-05-11,-0.41614075646627335,0.6300983852563181,0.6575245636195479,0.6258789597872955,0.6504922314305522,-0.4113933205504338,600028.SS,-0.7189074473803626,0.12015299826424566,0.10376845233480457,-0.027307915100724195,-0.07646155288904748,0.18023213752700995
2010-05-12,-0.3959882655472338,0.6343178107253409,0.6399437549434132,0.6153305268928652,0.6258789597872955,-0.4672262381641299,600028.SS,-0.008007390747784504,-0.19115269729182374,-0.13653686709037535,-0.08192171399223837,0.03276909185888219,-0.10788314975887849
2010-05-13,-0.3019429987476677,0.6540084193214045,0.6582278447904272,0.6286919972853948,0.6343178107253409,-0.2106755783340128,600028.SS,0.7028926658847936,0.06553818371776438,0.14199872095184476,0.10376845233480457,0.15292209012312785,0.494686878820005
2010-05-14,-0.3355303290240427,0.6469760871324088,0.6511954254160139,0.6406469489288749,0.6504922314305522,-0.5859777340098793,600028.SS,1.4137927225173716,0.12561451357405937,-0.05461549164979269,0.09284508316352147,-0.05461481454648128,-0.7241210118270938
2010-05-17,-0.4765979973403556,0.6174402396273765,0.6406469489288749,0.6167369148637885,0.6399437549434132,-0.4609511414615143,600028.SS,-1.4298075040129405,-0.08192205254389406,-0.08192205254389406,-0.18569118198201004,-0.2293826273572082,0.24098448630216837
2010-05-18,-0.4765979973403556,0.6174402396273765,0.6174402396273765,0.6174402396273765,0.6174402396273765,-0.8521629883309613,600028.SS,-0.7189074473803626,-0.17476781281072695,-0.18022898956888495,0.0054621924131251064,0.0,-0.7548098948844026
2010-05-19,-0.4497285505087209,0.6230660530673224,0.6371307610380227,0.6139240081438155,0.6272854785363452,-0.2609048813897392,600028.SS,-0.008007390747784504,0.07646053723408038,0.15292141301981707,-0.027307915100724195,0.04369144537519818,1.1403183733488096
2010-05-20,-0.4833156489020596,0.6160337208783269,0.6286919972853948,0.6153305268928652,0.6202531463473496,-0.5128568112478513,600028.SS,0.7028926658847936,-0.05461481454648065,-0.06553750661445361,0.010923369171283101,-0.05461481454648128,-0.4861854913223871
2010-05-21,-0.4732391715595031,0.6181434336128382,0.6188466275982998,0.5935302055622902,0.5977496310313128,-0.42972163448823003,600028.SS,1.4137927225173716,-0.17476781281072756,-0.07646155288904748,-0.16930663605256896,0.016384545929441094,0.16017834464904807
2010-05-24,-0.3791939047599374,0.6378340422089018,0.6385372361943635,0.6174402396273765,0.6209563403328111,-0.23540461662930434,600028.SS,-1.4298075040129405,0.18022898956888495,0.15292209012312785,0.18569118198201004,0.15292209012312785,0.3746417479971666
2010-05-25,-0.4631631579830201,0.6202531463473496,0.6329113355689999,0.6118142954093041,0.6329113355689999,-0.42624112419197635,600028.SS,-0.7189074473803626,0.09284542171517716,-0.043692122478509586,-0.04369246103016529,-0.13653754419368613,-0.36829734220610516
2010-05-26,-0.4665212881147632,0.6195499523618878,0.6244725718163722,0.6153305268928652,0.6188466275982998,-0.6513320352548202,600028.SS,-0.008007390747784504,-0.10922996764461826,-0.06553750661445297,0.027307915100724195,-0.005461176758158625,-0.434372124577671
2010-05-27,-0.4430104351809447,0.6244725718163722,0.6279886725218068,0.6047819632203085,0.6188466275982998,-0.49224352748302336,600028.SS,0.7028926658847936,0.0,0.027306899445757083,-0.08192272964720547,0.03823026861704019,0.3066879698130019
2010-05-28,-0.4497285505087209,0.6230660530673224,0.6357243294743905,0.6195499523618878,0.6300983852563181,-0.37566971637876384,600028.SS,1.4137927225173716,0.08738390640536348,0.06007700695960639,0.11469182150608767,-0.010923369171283101,0.22467955504418044
2010-05-31,-0.530338514184879,0.6061884383766494,0.6237692470527841,0.6047819632203085,0.6188466275982998,-0.5399597618863784,600028.SS,-1.4298075040129405,-0.08738390640536348,-0.09284609881848857,-0.11469182150608767,-0.13107569033221736,-0.317090737396474
2010-06-01,-0.5672851340081786,0.5984528250167744,0.6075948699402814,0.5942334867331693,0.6047819632203085,-0.5592999483513872,600028.SS,-0.7189074473803626,-0.10922962909296256,-0.12561417502240366,-0.08192205254389406,-0.06007666840795068,-0.03749076155741765
2010-06-02,-0.5773609157016257,0.5963431122822631,0.5998593437658242,0.5872010673587561,0.5970463934531424,-0.579641839112655,600028.SS,-0.008007390747784504,-0.06007632985629498,-0.060075991304639274,-0.05461549164979269,-0.016384545929441094,-0.03942299177055326
2010-06-03,-0.6075891883141123,0.5900140612641467,0.601265818922165,0.5893107800932674,0.5984528250167744,-0.5355104868960329,600028.SS,0.7028926658847936,0.010922692067971694,0.010923030619627397,0.016384545929441094,-0.049152960685011876,0.0849422011171812
2010-06-04,-0.6042317538314782,0.5907172552496084,0.5942334867331693,0.585794635795124,0.5879043485296354,-0.6632837503140606,600028.SS,1.4137927225173716,-0.08192205254389406,-0.05461481454648128,-0.02730723799741279,0.005461176758157995,-0.24665195630757708
2010-06-07,-0.6714061825011918,0.576652590871617,0.585794635795124,0.5745428781371058,0.5836849230606127,-0.5826605117132043,600028.SS,-1.4298075040129405,-0.03276909185888219,-0.06553818371776438,-0.08738390640536284,-0.10922962909296256,0.15533295981639736
2010-06-08,-0.6848410218585272,0.573839684151644,0.5801686915770516,0.5696202586826213,0.576652590871617,-0.6534722459967112,600028.SS,-0.7189074473803626,-0.05461481454648128,-0.04369246103016529,-0.03823026861704082,-0.02184572268759909,-0.13677642917728552
2010-06-09,-0.6075891883141123,0.5900140612641467,0.5956399182968015,0.5668073083699395,0.5759493968861554,-0.364725115835184,600028.SS,-0.008007390747784504,-0.005461176758157995,0.12015333681590136,-0.021846061239254793,0.12561417502240366,0.5567920259807145
2010-06-10,-0.647894633918264,0.5815752103261014,0.585794635795124,0.5801686915770516,0.5843881170460744,-0.6418348019485283,600028.SS,0.7028926658847936,0.06553716806279727,-0.07646087578573607,0.10376777523149316,-0.06553818371776438,-0.5347133621846846
2010-06-11,-0.6243842447505172,0.5864978297805857,0.592123773998658,0.5843881170460744,0.5843881170460744,-0.6119033004034226,600028.SS,1.4137927225173716,0.0,0.04915363778832329,0.03276909185888219,0.03823026861704019,0.05755150249285781
2010-06-15,-0.6243842447505172,0.5864978297805857,0.5864978297805857,0.5864978297805857,0.5864978297805857,-0.8521629883309613,600028.SS,-0.7189074473803626,0.016384545929441094,-0.04369246103016529,0.016384545929441094,0.0,-0.4636318263317106
2010-06-17,-0.6175775501028732,0.5801686915770516,0.5864978297805857,0.5787623036061283,0.5864978297805857,-0.7082762529295563,600028.SS,0.7028926658847936,0.0,0.0,-0.060075991304639274,-0.04915363778832329,0.2773646216183476
2010-06-18,-0.6243830853353362,0.5787623036061283,0.5886075425150971,0.5752460721225674,0.5801686915770516,-0.575823155940524,600028.SS,1.4137927225173716,-0.04915363778832329,0.016384545929441094,-0.027307915100724195,-0.01092235351631599,0.2553097880023159
2010-06-21,-0.5563105736660202,0.5928269679841197,0.5942334867331693,0.5752460721225674,0.5787623036061283,-0.43068013156731494,600028.SS,-1.4298075040129405,-0.01092235351631599,0.04369246103016529,0.0,0.10922962909296256,0.27978793108883176
2010-06-22,-0.5324850554519382,0.5977496310313128,0.5984528250167744,0.5872010673587561,0.5914204928277789,-0.47962935559347764,600028.SS,-0.7189074473803626,0.0983065984733358,0.03276841475557078,0.09284542171517716,0.03823060716869589,-0.09460489910399462
2010-06-23,-0.5597148485219876,0.592123773998658,0.5984528250167744,0.582981729075151,0.5935302055622902,-0.5991615256009376,600028.SS,-0.008007390747784504,0.016384545929440466,0.0,-0.03276841475557078,-0.04369178392685388,-0.2307553591414849
2010-06-24,-0.5767329764393166,0.5886075425150971,0.5942334867331693,0.5850914418096623,0.5893107800932674,-0.7136554086031386,600028.SS,0.7028926658847936,-0.03276909185888219,-0.03276841475557078,0.016384545929441094,-0.027307915100724195,-0.22103679208495114
2010-06-25,-0.5835399029699974,0.5872010673587561,0.5907172552496084,0.5773557848570787,0.5843881170460744,-0.6733846113026051,600028.SS,1.4137927225173716,-0.03823060716869589,-0.027307915100724195,-0.06007700695960639,-0.010923030619627397,0.07749541180401288
2010-06-28,-0.6209804336606228,0.57946549759159,0.5872010673587561,0.576652590871617,0.5872010673587561,-0.6869375711711648,600028.SS,-1.4298075040129405,0.021846061239254793,-0.027307576549068492,-0.005461176758157995,-0.06007632985629498,-0.026327532926290354
2010-06-29,-0.6958603356266923,0.5639943144645491,0.5872010673587561,0.561181407744576,0.5808720163406397,-0.531185752547484,600028.SS,-0.7189074473803626,-0.049152960685011876,0.0,-0.12015299826424566,-0.12015299826424566,0.30025168756093407
2010-06-30,-0.7639335429451172,0.5499296500865577,0.561181407744576,0.5485232185229256,0.5597748889955263,-0.6293219583128294,600028.SS,-0.008007390747784504,-0.16384545929441094,-0.20207505080813973,-0.09830659847333516,-0.10922962909296256,-0.18948376960934102
2010-07-01,-0.767336658385903,0.5492264125083872,0.5569619822755534,0.545710224617535,0.5499296500865577,-0.6773791172880377,600028.SS,0.7028926658847936,-0.07646053723408038,-0.03276909185888219,-0.021846399790909868,-0.005461515309813698,-0.0928841567152737
2010-07-02,-0.7605308912704037,0.5506328440720193,0.5527425568065307,0.5393811735994186,0.5492264125083872,-0.6024274160340811,600028.SS,1.4137927225173716,-0.005461515309813698,-0.03276909185888219,-0.04915296068501251,0.010922692067971694,0.14439288912134865
2010-07-05,-0.7809514389794098,0.5464135057884142,0.5569619822755534,0.5407875615703419,0.5471166997738759,-0.6426396264351918,600028.SS,-1.4298075040129405,-0.016384545929441094,0.03276909185888219,0.01092235351631599,-0.03276841475557078,-0.07775170024885122
2010-07-06,-0.7367039817581036,0.5555555507119212,0.5562587882900917,0.5450069870393646,0.5471166997738759,-0.6212787447638936,600028.SS,-0.7189074473803626,0.0,-0.005461176758157995,0.03276909185888219,0.07099936047592238,0.04101926765337472
2010-07-07,-0.7333004025512451,0.5562587882900917,0.5569619822755534,0.552039362821069,0.5555555507119212,-0.7280598351368781,600028.SS,-0.008007390747784504,0.06553818371776438,0.005461176758157995,0.054615153098136984,0.005461515309813698,-0.20615925686674388
2010-07-08,-0.7230896649306694,0.5583684574318942,0.561181407744576,0.55344583797741,0.5576652634464326,-0.6993177867877294,600028.SS,0.7028926658847936,0.016384545929441094,0.03276909185888219,0.010923030619628028,0.01638420737778539,0.055257115405847754
2010-07-09,-0.6720350492956457,0.5689169339190333,0.5752460721225674,0.5541490755555804,0.5583684574318942,-0.5752924140383634,600028.SS,1.4137927225173716,0.005461176758157995,0.10922962909296256,0.005461515309813068,0.08192205254389406,0.2390531906564966
2010-07-12,-0.651612878405386,0.5731363593880561,0.5759493968861554,0.5654008332135987,0.5696202586826213,-0.5846728400245063,600028.SS,-1.4298075040129405,0.08738424495701917,0.0054621924131251064,0.08738390640536348,0.03276909185888219,-0.018278954056210182
2010-07-13,-0.706072000779413,0.5618846017300376,0.570323452668083,0.561181407744576,0.5696202586826213,-0.6998644177154121,600028.SS,-0.7189074473803626,0.0,-0.04369246103016529,-0.03276909185888219,-0.08738390640536348,-0.2223826051777917
2010-07-14,-0.6618243116750705,0.5710266466535446,0.573839684151644,0.5632911204790874,0.5639943144645491,-0.6328218298649674,600028.SS,-0.008007390747784504,-0.04369246103016529,0.027307915100724195,0.016384545929441094,0.07099936047592238,0.12913666237413735
2010-07-15,-0.7196865494898835,0.5590716950100647,0.573839684151644,0.5583684574318942,0.5682137399335717,-0.6792108647744859,600028.SS,0.7028926658847936,0.03276909185888219,0.0,-0.03823060716869589,-0.09284508316352147,-0.08966644093725218
2010-07-16,-0.7537223415584688,0.552039362821069,0.5583684574318942,0.5464135057884142,0.5583684574318942,-0.598462936455753,600028.SS,1.4137927225173716,-0.07646087578573607,-0.12015333681590136,-0.09284508316352147,-0.05461481454648128,0.15557347914036201
2010-07-19,-0.6720350492956457,0.5689169339190333,0.5710266466535446,0.5428972743048532,0.5464135057884142,-0.5012577170212372,600028.SS,-1.4298075040129405,-0.09284508316352147,0.09830659847333516,-0.027307915100724195,0.13107535178056165,0.18731865108286566
2010-07-20,-0.5733298609985302,0.5893107800932674,0.5914204928277789,0.5689169339190333,0.5689169339190333,-0.25334808445519036,600028.SS,-0.7189074473803626,0.17476713570741553,0.1583836054329422,0.20207505080813973,0.15838360543294155,0.4780188321574105
2010-07-21,-0.5597148485219876,0.592123773998658,0.601265818922165,0.5843881170460744,0.5893107800932674,-0.4213667214906157,600028.SS,-0.008007390747784504,0.15838360543294155,0.07646121433739114,0.12015299826424566,0.021846399790910496,-0.32428297689208574
2010-07-22,-0.5426964887216223,0.5956399182968015,0.5984528250167744,0.5879043485296354,0.5893107800932674,-0.6526953235830129,600028.SS,0.7028926658847936,0.0,-0.021846399790910496,0.027307915100724195,0.02730723799741279,-0.4464042732991261
2010-07-23,-0.5392933732808364,0.5963431122822631,0.6054851572057701,0.592123773998658,0.5963431122822631,-0.5552388239927243,600028.SS,1.4137927225173716,0.05461481454648128,0.05461481454648128,0.03276909185888219,0.005461176758157995,0.18780335611084545
2010-07-26,-0.5052564217970695,0.6033755316566763,0.6068916759548199,0.5928269679841197,0.5970463934531424,-0.5504870550016375,600028.SS,-1.4298075040129405,0.005461853861469402,0.010923369171283101,0.005461176758157995,0.05461549164979269,0.008981240608931034
2010-07-27,-0.5188707386245036,0.6005625377512858,0.604078725642138,0.5963431122822631,0.6026722504857972,-0.6363452864952551,600028.SS,-0.7189074473803626,0.04369178392685388,-0.021846061239254793,0.02730723799741279,-0.021846399790910496,-0.1658002604814114
2010-07-28,-0.44399037289236165,0.6160337208783269,0.6195499523618878,0.5935302055622902,0.5984528250167744,-0.4272589411278772,600028.SS,-0.008007390747784504,-0.03276909185888219,0.12015333681590136,-0.02184572268759909,0.12015299826424566,0.4031309348221677
2010-07-29,-0.40995342140859475,0.6230660530673224,0.6329113355689999,0.6160337208783269,0.6167369148637885,-0.37324147822739084,600028.SS,0.7028926658847936,0.14199872095184476,0.10376777523149316,0.17476781281072695,0.05461481454648128,0.10401194238224992
2010-07-30,-0.3963395683472332,0.6258789597872955,0.6293951912708565,0.6132208141583538,0.6209563403328111,-0.5422465206263697,600028.SS,1.4137927225173716,0.03276909185888219,-0.02730723799741279,-0.02184572268759909,0.02184572268759909,-0.3261856963403053
2010-08-02,-0.3929348297251931,0.6265822845508835,0.6308017100199061,0.6216596650963991,0.6244725718163722,-0.4412256492333487,600028.SS,-1.4298075040129405,0.027307915100724195,0.010923369171283101,0.06553818371776438,0.0054621924131251064,0.1946788251627501
2010-08-03,-0.4576046897197958,0.6132208141583538,0.6322080979908294,0.6132208141583538,0.6272854785363452,-0.43734030420746406,600028.SS,-0.7189074473803626,0.02184572268759909,0.01092235351631599,-0.06553818371776438,-0.10376845233480457,0.007309958405989026
2010-08-04,-0.4644118481335129,0.6118142954093041,0.6181434336128382,0.5991561061876538,0.6118142954093041,-0.5415019415105184,600028.SS,-0.008007390747784504,-0.12015299826424566,-0.10922962909296256,-0.10922996764461763,-0.010923369171283101,-0.20110648192855843
2010-08-05,-0.5120631164447139,0.6019690565003355,0.6139240081438155,0.5984528250167744,0.6111111014238425,-0.5731209097426883,600028.SS,0.7028926658847936,-0.005461176758157995,-0.03276909185888219,-0.0054618538614700325,-0.07646053723408038,-0.06117582829778704
2010-08-06,-0.4780270924930923,0.6090013886893312,0.6097045826747928,0.5956399182968015,0.601265818922165,-0.5143477521810097,600028.SS,1.4137927225173716,-0.07646087578573607,-0.03276909185888219,-0.02184572268759909,0.05461481454648128,0.11318540499304434
2010-08-09,-0.4916409455544538,0.6061884383766494,0.610407863845672,0.6005625377512858,0.6082981511111607,-0.4935034377612697,600028.SS,-1.4298075040129405,0.05461481454648128,0.005461853861469402,0.03823026861704019,-0.021846061239254793,0.04002283901240269
2010-08-10,-0.6039618419772212,0.582981729075151,0.6061884383766494,0.5815752103261014,0.6054851572057701,-0.33556997766847674,600028.SS,-0.7189074473803626,-0.021846399790910496,-0.03276909185888219,-0.14746023626165844,-0.18022898956888495,0.30445994899755907
2010-08-11,-0.6073658849501524,0.582278404311563,0.5900140612641467,0.5780589788425403,0.5780589788425403,-0.5822841877838649,600028.SS,-0.008007390747784504,-0.21299841997942284,-0.12561417502240366,-0.027307915100724195,-0.0054621924131251064,-0.4760822299381392
2010-08-12,-0.64140214078481,0.5752460721225674,0.582278404311563,0.5724331654025944,0.576652590871617,-0.6161430116943697,600028.SS,0.7028926658847936,-0.01092235351631599,-0.06007700695960639,-0.04369144537519818,-0.05461481454648128,-0.06549638160968335
2010-08-13,-0.6005575671212537,0.5836849230606127,0.5843881170460744,0.5745428781371058,0.5752460721225674,-0.6679418684694182,600028.SS,1.4137927225173716,-0.010923369171283101,0.016384545929441094,0.016384545929441725,0.06553818371776438,-0.10010167745894595
2010-08-16,-0.529081244362043,0.5984528250167744,0.5991561061876538,0.57946549759159,0.5836849230606127,-0.47322275515383067,600028.SS,-1.4298075040129405,0.06553818371776438,0.1146918215060883,0.038230268617039556,0.11469114440277627,0.3754173671023538
2010-08-17,-0.5460996041624082,0.594936680718631,0.6005625377512858,0.5893107800932674,0.5970463934531424,-0.49217156100542453,600028.SS,-0.7189074473803626,0.10376845233480457,0.010922692067971062,0.07646087578573607,-0.02730723799741279,-0.03673581077114243
2010-08-18,-0.5665224707017773,0.5907172552496084,0.5977496310313128,0.5893107800932674,0.594936680718631,-0.5472052444854555,600028.SS,-0.008007390747784504,-0.016384545929441094,-0.02184572268759909,0.0,-0.03276909185888219,-0.10634147289255726
2010-08-19,-0.45420111051293727,0.6139240081438155,0.6160337208783269,0.5893107800932674,0.5900140612641467,0.08564799574710075,600028.SS,0.7028926658847936,-0.03823026861704019,0.14199872095184476,0.0,0.18022932812054063,1.2205530030345197
2010-08-20,-0.529081244362043,0.5984528250167744,0.6125175765801834,0.5942334867331693,0.6097045826747928,-0.3537050455261264,600028.SS,1.4137927225173716,0.15292141301981643,-0.02730723799741279,0.03823094572035159,-0.12015299826424566,-0.8476715015190376
2010-08-23,-0.5529067625761254,0.5935302055622902,0.6019690565003355,0.5907172552496084,0.5970463934531424,-0.5836834966198771,600028.SS,-1.4298075040129405,-0.09830659847333516,-0.08192239109554977,-0.027307915100724195,-0.03823026861704019,-0.443799909354973
2010-08-24,-0.5529067625761254,0.5935302055622902,0.601265818922165,0.582278404311563,0.5907172552496084,-0.5476086257233069,600028.SS,-0.7189074473803626,-0.04915363778832329,-0.005461515309813698,-0.06553818371776438,0.0,0.06940171009971677
2010-08-25,-0.6277880558404125,0.5780589788425403,0.5928269679841197,0.5773557848570787,0.5886075425150971,-0.5736519063164855,600028.SS,-0.008007390747784504,-0.016384545929441094,-0.06553818371776438,-0.03823026861704019,-0.12015333681590136,-0.050420646199335846
2010-08-26,-0.6209804336606228,0.57946549759159,0.5872010673587561,0.573839684151644,0.5801686915770516,-0.6386383685456378,600028.SS,0.7028926658847936,-0.06553818371776438,-0.043692122478509586,-0.027306899445757083,0.010923369171283101,-0.12553981303697803
2010-08-27,-0.6175775501028732,0.5801686915770516,0.5843881170460744,0.5745428781371058,0.57946549759159,-0.6510719161298066,600028.SS,1.4137927225173716,-0.005461176758157995,-0.021846061239254793,0.005461176758158625,0.005461176758157995,-0.0241682507459768
2010-08-30,-0.5869441778259649,0.5864978297805857,0.5872010673587561,0.5773557848570787,0.5815752103261014,-0.5748558012576883,600028.SS,-1.4298075040129405,0.016384545929441094,0.021846061239254793,0.02184572268759846,0.04915363778832329,0.14683187056930347
2010-08-31,-0.6243830853353362,0.5787623036061283,0.5843881170460744,0.5745428781371058,0.5836849230606127,-0.4722232373067445,600028.SS,-0.7189074473803626,0.016384545929441094,-0.021846061239254793,-0.02184572268759846,-0.060075991304639274,0.19778768779450187
2010-09-01,-0.6311909393981622,0.5773557848570787,0.5893107800932674,0.573839684151644,0.57946549759159,-0.3578104454805364,600028.SS,-0.008007390747784504,-0.03276909185888219,0.03823060716869589,-0.005461176758158625,-0.010923369171283101,0.22051107263293965
2010-09-02,-0.5801358599970663,0.5879043485296354,0.5907172552496084,0.576652590871617,0.582981729075151,-0.3072938044921978,600028.SS,0.7028926658847936,0.027307915100724195,0.010923030619627397,0.02184572268759909,0.08192272964720547,0.09725905742935308
2010-09-03,-0.5971544516804679,0.5843881170460744,0.5928269679841197,0.57946549759159,0.585794635795124,-0.5268598193787921,600028.SS,1.4137927225173716,0.02184572268759909,0.016384545929441094,0.02184572268759909,-0.027307915100724195,-0.4237149163016796
2010-09-06,-0.5154671594176451,0.601265818922165,0.604078725642138,0.5864978297805857,0.5864978297805857,-0.2514714774916819,600028.SS,-1.4298075040129405,0.005461176758157995,0.08738390640536348,0.05461481454648128,0.13107636743552875,0.531023688547091
2010-09-07,-0.529081244362043,0.5984528250167744,0.6054851572057701,0.5942334867331693,0.601265818922165,-0.5368448482532107,600028.SS,-0.7189074473803626,0.11469182150608767,0.010922692067971694,0.06007700695960639,-0.021846399790910496,-0.550653536554187
2010-09-08,-0.5563105736660202,0.5928269679841197,0.5970463934531424,0.5900140612641467,0.594936680718631,-0.4977982823557874,600028.SS,-0.008007390747784504,-0.04915363778832329,-0.06553750661445297,-0.03276909185888219,-0.04369178392685388,0.07513393954738651
2010-09-09,-0.6209804336606228,0.57946549759159,0.594936680718631,0.5773557848570787,0.5928269679841197,-0.5002515155965663,600028.SS,0.7028926658847936,-0.016384545929441094,-0.016384545929441094,-0.09830727557664658,-0.10376845233480457,-0.004916796017360785
2010-09-10,-0.6277880558404125,0.5780589788425403,0.5850914418096623,0.5724331654025944,0.5808720163406397,-0.6278500618488854,600028.SS,1.4137927225173716,-0.09284508316352147,-0.07646053723408038,-0.03823026861704019,-0.010923369171283101,-0.24631493690215325
2010-09-13,-0.5899804543033191,0.5801686915770516,0.5843881170460744,0.5724331654025944,0.576652590871617,-0.6126821111141336,600028.SS,-1.4298075040129405,-0.03276909185888219,-0.0054621924131251064,0.0,0.016384545929441094,0.029073458587617975
2010-09-14,-0.5865425564070876,0.5808720163406397,0.585794635795124,0.576652590871617,0.582278404311563,-0.6148087497212452,600028.SS,-0.7189074473803626,0.04369144537519818,0.010923369171283101,0.03276909185888219,0.0054621924131251064,-0.004286813675289568
2010-09-15,-0.5899804543033191,0.5801686915770516,0.5864978297805857,0.5773557848570787,0.5801686915770516,-0.5678931284052948,600028.SS,-0.008007390747784504,-0.016384545929441094,0.005461176758157995,0.005461176758157995,-0.0054621924131251064,0.09031289673595239
2010-09-16,-0.6518475440381253,0.56751054594811,0.5808720163406397,0.5632911204790874,0.5787623036061283,-0.5354030900034311,600028.SS,0.7028926658847936,-0.01092235351631599,-0.04369144537519818,-0.10922962909296256,-0.09830625992167946,0.06248677354491586
2010-09-17,-0.6655963530266149,0.5646975956354282,0.5710266466535446,0.5625878829009169,0.5682137399335717,-0.6071359902310004,600028.SS,1.4137927225173716,-0.08192272964720547,-0.07646155288904748,-0.005461515309813698,-0.021846061239254793,-0.13855330552200798
2010-09-20,-0.6655963530266149,0.5646975956354282,0.5696202586826213,0.5583684574318942,0.5646975956354282,-0.6488300355013856,600028.SS,-1.4298075040129405,-0.02730723799741279,-0.01092235351631599,-0.03276909185888219,0.0,-0.080610074837024
2010-09-21,-0.6484094142588576,0.5682137399335717,0.5696202586826213,0.5639943144645491,0.5654008332135987,-0.7381574040286568,600028.SS,-0.7189074473803626,0.005461515309813698,0.0,0.04369178392685388,0.02730723799741279,-0.17249202711849954
2010-09-27,-0.6484094142588576,0.5682137399335717,0.5717299714171327,0.5654008332135987,0.5696202586826213,-0.6746716161583834,600028.SS,-1.4298075040129405,0.03276909185888219,0.016384545929441094,0.010923369171283101,0.0,0.12227579893426384
2010-09-28,-0.6930928115884134,0.5590716950100647,0.56751054594811,0.5541490755555804,0.5668073083699395,-0.5193288622981024,600028.SS,-0.7189074473803626,-0.021846061239254793,-0.03276909185888219,-0.08738390640536348,-0.07099936047592238,0.2994626250622285
2010-09-29,-0.6690326277415921,0.5639943144645491,0.5689169339190333,0.5569619822755534,0.5576652634464326,-0.6019369992115485,600028.SS,-0.008007390747784504,-0.07099936047592238,0.01092235351631599,0.02184572268759909,0.03823026861704019,-0.15953101419105478
2010-09-30,-0.6071653061237501,0.576652590871617,0.5773557848570787,0.5618846017300376,0.5618846017300376,-0.4631473426944354,600028.SS,0.7028926658847936,0.03276841475557078,0.06553818371776438,0.03823026861704019,0.09830727557664658,0.26753264839456636
2010-10-08,-0.5246740753740641,0.5935302055622902,0.601265818922165,0.5773557848570787,0.582278404311563,-0.1180548521058662,600028.SS,1.4137927225173716,0.15838326688128584,0.18569118198201004,0.12015299826424566,0.13107569033221736,0.6654789989664088
2010-10-11,-0.4421842359225959,0.610407863845672,0.6139240081438155,0.5963431122822631,0.5977496310313128,0.1208083159506563,600028.SS,-1.4298075040129405,0.12015333681590136,0.09830659847333516,0.14746023626165844,0.13107602888387307,0.46056872027045503
2010-10-12,-0.3253223739999027,0.6343178107253409,0.6378340422089018,0.601265818922165,0.6075948699402814,0.31209645570905886,600028.SS,-0.7189074473803626,0.07646053723408038,0.18569118198201004,0.03823094572035159,0.18569050487869865,0.3687992156254947
2010-10-13,-0.3665681053162639,0.6258789597872955,0.6385372361943635,0.6195499523618878,0.6315049040053679,-0.0132973390767169,600028.SS,-0.008007390747784504,0.18569118198201004,0.005461176758157995,0.14199905950350045,-0.06553818371776438,-0.6278506422578858
2010-10-14,-0.32875911248095263,0.6336146167398792,0.6378340422089018,0.6202531463473496,0.6371307610380227,0.26091610937824533,600028.SS,0.7028926658847936,0.043691783926854515,-0.005461176758157995,0.005461176758158625,0.06007700695960639,0.5287573864105329
2010-10-15,-0.1947121668547921,0.661040795103109,0.6624471830740323,0.6216596650963991,0.6300983852563181,0.6064448586917996,600028.SS,1.4137927225173716,-0.054615153098137616,0.19115168163685664,0.01092336917128247,0.21299841997942284,0.6663205170594313
2010-10-18,-0.20502423736223221,0.6589310823685975,0.6905766426081413,0.6575245636195479,0.6596342763540592,0.8752164401355447,600028.SS,-1.4298075040129405,0.22938296590886392,0.21846027384089223,0.2785355880422201,-0.016384545929441725,0.5182603366382497
2010-10-19,-0.18783915365876488,0.6624471830740323,0.6631505078376203,0.6434598992415567,0.6596342763540592,0.026693480922652193,600028.SS,-0.7189074473803626,0.0,-0.21299808142776713,-0.10922962909296256,0.027306899445757715,-1.6369368373092006
2010-10-20,-0.29095127906082247,0.6413501865070452,0.6666666085430549,0.6350210483035112,0.6469760871324088,0.40964318359674096,600028.SS,-0.008007390747784504,-0.09830659847333516,0.027306899445757083,-0.06553818371776438,-0.16384444363944384,0.738503392742011
2010-10-21,-0.2875150043458456,0.6420533804925069,0.654711656899575,0.6350210483035112,0.6476793247105793,-0.12146263190961125,600028.SS,0.7028926658847936,0.005461515309813698,-0.09284508316352147,0.0,0.005461176758157995,-1.0246573477157388
2010-10-22,-0.318448201388694,0.6357243294743905,0.6399437549434132,0.6258789597872955,0.6371307610380227,0.028045743832431396,600028.SS,1.4137927225173716,-0.08192272964720484,-0.11469114440277627,-0.07099969902757808,-0.049152960685011876,0.2882084438462543
2010-10-25,-0.25658064788781565,0.6483825186960409,0.6490857998669202,0.6244725718163722,0.6350210483035112,0.2624347039242356,600028.SS,-1.4298075040129405,-0.016384545929441725,0.07099936047592238,-0.01092235351631599,0.09830659847333516,0.45193822937452094
2010-10-26,-0.27376619535735514,0.6448663743978976,0.669479515263028,0.6364275234598522,0.6617439890885706,0.8624054194939201,600028.SS,-0.7189074473803626,0.20753690466960914,0.15838258977797443,0.09284508316352147,-0.027307237997412158,1.1571244963633702
2010-10-27,-0.318448201388694,0.6357243294743905,0.6462728059615296,0.6336146167398792,0.645569611976068,-0.02384458354067682,600028.SS,-0.008007390747784504,-0.12561417502240366,-0.18022898956888495,-0.02184572268759909,-0.070999360475923,-1.7097101439595161
2010-10-28,-0.3253223739999027,0.6343178107253409,0.6392404737725339,0.6322080979908294,0.6343178107253409,-0.35661958848482644,600028.SS,0.7028926658847936,-0.08738424495701917,-0.05461481454648128,-0.010923369171283101,-0.010923369171283101,-0.6420885738817979
2010-10-29,-0.3596939327050552,0.6272854785363452,0.6392404737725339,0.6230660530673224,0.6343178107253409,-0.3105737950379037,600028.SS,1.4137927225173716,0.0,0.0,-0.07099936047592238,-0.05461481454648128,0.08863504859749516
2010-11-01,-0.3012628858021904,0.6392404737725339,0.6406469489288749,0.6272854785363452,0.6279886725218068,-0.27059860939242003,600028.SS,-1.4298075040129405,-0.04915363778832329,0.010923030619627397,0.03276909185888219,0.09284542171517716,0.0769251938530912
2010-11-02,-0.3115744925435579,0.6371307610380227,0.645569611976068,0.6293951912708565,0.6406469489288749,-0.2230506073452955,600028.SS,-0.7189074473803626,0.09830727557664658,0.03823060716869589,0.016384545929441094,-0.016384545929440466,0.09153272294568605
2010-11-03,-0.3047003199323492,0.6385372361943635,0.645569611976068,0.6308017100199061,0.6378340422089018,-0.2198147060502366,600028.SS,-0.008007390747784504,-0.02184572268759909,0.0,0.010923369171283101,0.010923030619626767,0.006057218647240172
2010-11-04,-0.24970647527660694,0.6497889938523819,0.654711656899575,0.6385372361943635,0.6399437549434132,0.05743827944496557,600028.SS,0.7028926658847936,0.016384545929441094,0.07099936047592238,0.060075991304639274,0.08738390640536348,0.5346204792664094
2010-11-05,-0.25658064788781565,0.6483825186960409,0.660337470339521,0.6434598992415567,0.6575245636195479,0.07038790357192938,600028.SS,1.4137927225173716,0.13653686709037535,0.04369144537519818,0.03823060716869589,-0.010923030619627397,0.02479443361969204
2010-11-08,-0.23252115969010334,0.6533051381505253,0.6596342763540592,0.6490857998669202,0.6511954254160139,-0.12573457469134564,600028.SS,-1.4298075040129405,-0.04915363778832329,-0.005461176758157995,0.043692122478509586,0.03823026861704019,-0.3784936769244448
2010-11-09,-0.29095127906082247,0.6413501865070452,0.654711656899575,0.6378340422089018,0.6540084193214045,-0.14605809182575874,600028.SS,-0.7189074473803626,0.021846399790910496,-0.03823026861704019,-0.08738390640536348,-0.09284508316352147,-0.039387550096732026
2010-11-10,-0.3253223739999027,0.6343178107253409,0.6413501865070452,0.6308017100199061,0.6385372361943635,-0.25783298241714214,600028.SS,-0.008007390747784504,-0.12015299826424566,-0.10376845233480457,-0.05461481454648128,-0.054615153098136984,-0.21579201145948196
2010-11-11,-0.16377896981194368,0.667369933306643,0.697608974797137,0.6308017100199061,0.6329113355689999,0.9955625469050555,600028.SS,0.7028926658847936,-0.043692122478509586,0.4369195320268174,0.0,0.25669088100958815,2.417543536054477
2010-11-12,-0.2703285293441609,0.645569611976068,0.694796068077164,0.6434598992415567,0.660337470339521,1.6191298194826311,600028.SS,1.4137927225173716,0.21299808142776713,-0.02184572268759909,0.09830659847333516,-0.16930663605256896,1.2026409032979364
2010-11-15,-0.35625673045793266,0.6279886725218068,0.6497889938523819,0.6174402396273765,0.6399437549434132,0.19832245488546307,600028.SS,-1.4298075040129405,-0.15838258977797443,-0.3495359641731096,-0.20207505080813973,-0.13653788274534245,-2.740840676715346
2010-11-16,-0.5178005984119644,0.594936680718631,0.6293951912708565,0.5928269679841197,0.6265822845508835,0.13876443039732525,600028.SS,-0.7189074473803626,-0.10376845233480457,-0.15838326688128584,-0.19115269729182374,-0.256689865354621,-0.1150686675577311
2010-11-17,-0.5796686156789148,0.582278404311563,0.5970463934531424,0.5731363593880561,0.5836849230606127,-0.14621579568384238,600028.SS,-0.008007390747784504,-0.3331514182436685,-0.251228688596463,-0.15292209012312785,-0.09830727557664658,-0.5498951829838127
2010-11-18,-0.5418598547266403,0.5900140612641467,0.592123773998658,0.5836849230606127,0.5843881170460744,-0.37831500309104965,600028.SS,0.7028926658847936,0.005461176758157995,-0.03823026861704019,0.08192272964720547,0.06007700695960639,-0.44789072681364134
2010-11-19,-0.5556086637151304,0.5872010673587561,0.594936680718631,0.5752460721225674,0.5935302055622902,-0.4203385375556546,600028.SS,1.4137927225173716,0.07099969902757808,0.02184572268759909,-0.06553818371776438,-0.021846399790910496,-0.08124564062060997
2010-11-22,-0.5831055860430014,0.5815752103261014,0.5907172552496084,0.5780589788425403,0.582278404311563,-0.4870250012855939,600028.SS,-1.4298075040129405,-0.08738424495701917,-0.03276909185888219,0.02184572268759909,-0.04369178392685388,-0.12881901856146696
2010-11-23,-0.6449733714269161,0.5689169339190333,0.582981729075151,0.5654008332135987,0.582278404311563,-0.37872265163168983,600028.SS,-0.7189074473803626,0.0,-0.060075991304639274,-0.09830625992167946,-0.09830727557664658,0.20872437966871976
2010-11-24,-0.6209129556970586,0.573839684151644,0.5773557848570787,0.5661040271990604,0.5668073083699395,-0.5055949489144891,600028.SS,-0.008007390747784504,-0.12015232116093426,-0.04369246103016529,0.005461176758157995,0.038231284272007296,-0.24491404423711652
2010-11-25,-0.5899804543033191,0.5801686915770516,0.5843881170460744,0.5717299714171327,0.57946549759159,-0.4211573876168406,600028.SS,0.7028926658847936,0.09830659847333516,0.05461481454648128,0.04369246103016529,0.04915262213335617,0.1626905698265733
2010-11-26,-0.6106020446047996,0.5759493968861554,0.5836849230606127,0.5717299714171327,0.5787623036061283,-0.4414723577226695,600028.SS,1.4137927225173716,-0.005461176758157995,-0.005461176758157995,0.0,-0.03276807620391508,-0.03937106336813905
2010-11-29,-0.6140392468519225,0.5752460721225674,0.5780589788425403,0.5717299714171327,0.573839684151644,-0.5821515038612006,600028.SS,-1.4298075040129405,-0.03823026861704019,-0.04369246103016529,0.0,-0.0054621924131251064,-0.27154666486865103
2010-11-30,-0.6312257218536076,0.5717299714171327,0.5836849230606127,0.5625878829009169,0.5752460721225674,-0.3251931582214234,600028.SS,-0.7189074473803626,0.01092235351631599,0.04369246103016529,-0.07099969902757808,-0.027306899445757083,0.4954732813959289
2010-12-01,-0.6484094142588576,0.5682137399335717,0.573839684151644,0.5632911204790874,0.5661040271990604,-0.5903139223705715,600028.SS,-0.008007390747784504,-0.07099936047592238,-0.07646053723408038,0.005461515309813698,-0.027307915100724195,-0.5115874184020122
2010-12-02,-0.62435085359329,0.5731363593880561,0.582278404311563,0.5710266466535446,0.573839684151644,-0.43012412748110507,600028.SS,0.7028926658847936,0.06007700695960639,0.06553716806279727,0.060075991304639274,0.03823026861704019,0.3088122895848603
2010-12-03,-0.6140392468519225,0.5752460721225674,0.5808720163406397,0.5717299714171327,0.5752460721225674,-0.5763536493825514,600028.SS,1.4137927225173716,0.01092235351631599,-0.01092235351631599,0.0054621924131251064,0.016384545929441094,-0.2822530218079334
2010-12-06,-0.5590463297283255,0.5864978297805857,0.5893107800932674,0.5759493968861554,0.5780589788425403,-0.32744151744781924,600028.SS,-1.4298075040129405,0.02184572268759909,0.06553750661445297,0.03276909185888219,0.08738390640536348,0.4799525960197175
2010-12-07,-0.5796686156789148,0.582278404311563,0.585794635795124,0.5731363593880561,0.5815752103261014,-0.49618993158665675,600028.SS,-0.7189074473803626,0.027307915100724195,-0.02730723799741279,-0.021846738342566202,-0.03276909185888219,-0.32569067512532074
2010-12-08,-0.6106020446047996,0.5759493968861554,0.582278404311563,0.5759493968861554,0.582278404311563,-0.5843108833023726,600028.SS,-0.008007390747784504,0.005461176758157995,-0.027307915100724195,0.021846738342566202,-0.04915262213335617,-0.17016491818862073
2010-12-09,-0.6484094142588576,0.5682137399335717,0.5787623036061283,0.56751054594811,0.573839684151644,-0.5504998941790238,600028.SS,0.7028926658847936,-0.06553716806279727,-0.027306899445757083,-0.06553818371776438,-0.06007700695960639,0.06503481182692102
2010-12-10,-0.6346619965685849,0.5710266466535446,0.573839684151644,0.5654008332135987,0.56751054594811,-0.6554812138847106,600028.SS,1.4137927225173716,-0.04915363778832329,-0.03823026861704019,-0.016384545929441094,0.02184572268759909,-0.2026876023345076
2010-12-13,-0.5521716933510441,0.5879043485296354,0.5907172552496084,0.5710266466535446,0.5717299714171327,-0.17583503874496992,600028.SS,-1.4298075040129405,0.03276909185888219,0.13107535178056165,0.04369144537519818,0.13107636743552875,0.9250253496703813
2010-12-14,-0.5762311815487565,0.582981729075151,0.5872010673587561,0.5808720163406397,0.5872010673587561,-0.505384118068411,600028.SS,-0.7189074473803626,0.12015232116093426,-0.027307576549068492,0.07646155288904748,-0.03823026861704019,-0.6358659481299261
2010-12-15,-0.5762311815487565,0.582981729075151,0.5886075425150971,0.5801686915770516,0.582278404311563,-0.5400823396931224,600028.SS,-0.008007390747784504,-0.03823060716869589,0.010923030619627397,-0.0054621924131251064,0.0,-0.06711553172243058
2010-12-16,-0.5968536993823826,0.5787623036061283,0.585794635795124,0.5780589788425403,0.5815752103261014,-0.6445787894487518,600028.SS,0.7028926658847936,-0.005461176758157995,-0.02184572268759909,-0.016384545929441094,-0.03276909185888219,-0.20175231597261256
2010-12-17,-0.6071653061237501,0.576652590871617,0.57946549759159,0.573839684151644,0.5773557848570787,-0.6676660156064659,600028.SS,1.4137927225173716,-0.03276909185888219,-0.04915363778832329,-0.03276807620391508,-0.016384545929441094,-0.044718586506460524
2010-12-20,-0.641535241647648,0.5696202586826213,0.57946549759159,0.5639943144645491,0.576652590871617,-0.5229124524921424,600028.SS,-1.4298075040129405,-0.005461176758157995,0.0,-0.07646155288904748,-0.05461481454648128,0.27903668262750947
2010-12-21,-0.5865425564070876,0.5808720163406397,0.5843881170460744,0.5696202586826213,0.570323452668083,-0.48269136585277095,600028.SS,-0.7189074473803626,-0.04915363778832329,0.03823026861704019,0.04369246103016529,0.08738390640536348,0.07739952278589547
2010-12-22,-0.5968536993823826,0.5787623036061283,0.594936680718631,0.576652590871617,0.5914204928277789,-0.3884767057547262,600028.SS,-0.008007390747784504,0.16384478219110019,0.08192272964720547,0.05461481454648128,-0.016384545929441094,0.18155003341227668
2010-12-23,-0.6209129556970586,0.573839684151644,0.5850914418096623,0.5710266466535446,0.5801686915770516,-0.5712601110551585,600028.SS,0.7028926658847936,-0.08738424495701981,-0.07646053723408038,-0.04369246103016529,-0.03823026861704019,-0.35276336919761936
2010-12-24,-0.6209129556970586,0.573839684151644,0.57946549759159,0.570323452668083,0.5724331654025944,-0.6325220751371955,600028.SS,1.4137927225173716,-0.060075991304639274,-0.04369246103016529,-0.005461176758157995,0.0,-0.1183554694382723
2010-12-27,-0.6449733714269161,0.5689169339190333,0.582981729075151,0.5661040271990604,0.573839684151644,-0.5630159802194616,600028.SS,-1.4298075040129405,0.010923369171283101,0.027307915100724195,-0.03276909185888219,-0.038231284272007296,0.13388862640530594
2010-12-28,-0.6690326277415921,0.5639943144645491,0.5689169339190333,0.5632911204790874,0.56751054594811,-0.5729011840238395,600028.SS,-0.7189074473803626,-0.04915363778832329,-0.10923064474792968,-0.02184572268759909,-0.03823026861704019,-0.019252641555561965
2010-12-29,-0.6655963530266149,0.5646975956354282,0.5654008332135987,0.5618846017300376,0.5646975956354282,-0.655477605001275,600028.SS,-0.008007390747784504,-0.021846061239254793,-0.027306899445757083,-0.010923369171283101,0.005461853861469402,-0.15946983596707534
2010-12-30,-0.6793444663659964,0.5618846017300376,0.5661040271990604,0.5576652634464326,0.5654008332135987,-0.6071236728198941,600028.SS,0.7028926658847936,0.005461515309813698,0.005461176758157995,-0.03276841475557078,-0.021846399790910496,0.093087316013623
2010-12-31,-0.6552847462852474,0.5668073083699395,0.56751054594811,0.561181407744576,0.5625878829009169,-0.6380638603910034,600028.SS,1.4137927225173716,-0.021846061239254793,0.010923369171283101,0.02730723799741279,0.03823094572035159,-0.059866499280938894
2011-01-04,-0.6071653061237501,0.576652590871617,0.5780589788425403,0.5654008332135987,0.5682137399335717,-0.44506799823317267,600028.SS,-0.7189074473803626,0.04369178392685388,0.08192171399223837,0.03276909185888219,0.07646087578573607,0.37209331432123444
2011-01-05,-0.6380987350496348,0.570323452668083,0.573839684151644,0.5689169339190333,0.5731363593880561,-0.5212732678204742,600028.SS,-0.008007390747784504,0.03823026861704019,-0.03276807620391508,0.027306899445757083,-0.04915363778832329,-0.14718024985423311
2011-01-06,-0.6484094142588576,0.5682137399335717,0.573839684151644,0.5625878829009169,0.5717299714171327,-0.631364952816079,600028.SS,0.7028926658847936,-0.01092235351631599,0.0,-0.049152960685011876,-0.016384545929441094,-0.21254520427373969
2011-01-07,-0.6140392468519225,0.5752460721225674,0.5850914418096623,0.5639943144645491,0.56751054594811,-0.29291564640604717,600028.SS,1.4137927225173716,-0.03276909185888219,0.08738390640536348,0.010922692067971694,0.05461481454648128,0.6526646771858854
2011-01-10,-0.6071653061237501,0.576652590871617,0.5815752103261014,0.570323452668083,0.5752460721225674,-0.39227399029788007,600028.SS,-1.4298075040129405,0.060075991304639274,-0.027307915100724195,0.04915363778832329,0.010923369171283101,-0.19184120405525823
2011-01-11,-0.5521716933510441,0.5879043485296354,0.5977496310313128,0.5731363593880561,0.5745428781371058,-0.15966716020391203,600028.SS,-0.7189074473803626,-0.005461176758157364,0.12561451357405937,0.02184572268759909,0.08738390640536348,0.44850060268327596
2011-01-12,-0.5521716933510441,0.5879043485296354,0.594936680718631,0.582278404311563,0.5900140612641467,-0.3973670379165098,600028.SS,-0.008007390747784504,0.12015299826424503,-0.021846061239254793,0.07099936047592238,0.0,-0.45869409904465136
2011-01-13,-0.4937401826821068,0.5998593437658242,0.6026722504857972,0.5872010673587561,0.5907172552496084,-0.04581421117297276,600028.SS,0.7028926658847936,0.005461176758157995,0.06007632985629498,0.03823060716869589,0.09284542171517716,0.6779406173824036
2011-01-14,-0.47311743296544395,0.604078725642138,0.6097045826747928,0.5872010673587561,0.594936680718631,-0.02326000032763864,600028.SS,1.4137927225173716,0.03276909185888219,0.05461481454648128,0.0,0.032768753307226485,0.043321131280095536
2011-01-17,-0.5418598547266403,0.5900140612641467,0.6061884383766494,0.5872010673587561,0.5977496310313128,-0.03276339544523537,600028.SS,-1.4298075040129405,0.021846061239254793,-0.02730723799741279,0.0,-0.10922962909296256,-0.01851615446751477
2011-01-18,-0.5178005984119644,0.594936680718631,0.6047819632203085,0.582278404311563,0.585794635795124,-0.45640058790934845,600028.SS,-0.7189074473803626,-0.09284542171517716,-0.010923030619627397,-0.03823060716869589,0.03823026861704019,-0.8173565293187062
2011-01-19,-0.45249561078092715,0.6082981511111607,0.6082981511111607,0.5914204928277789,0.5935302055622902,-0.3460632317454792,600028.SS,-0.008007390747784504,0.06007632985629498,0.027307576549068492,0.07099969902757872,0.10376845233480457,0.21264979066792153
2011-01-20,-0.5281119732702956,0.5928269679841197,0.6160337208783269,0.5907172552496084,0.610407863845672,-0.32049251611425833,600028.SS,0.7028926658847936,0.13107602888387307,0.06007632985629498,-0.005461515309814329,-0.12015299826424566,0.04913979623653688
2011-01-21,-0.4353095995453146,0.6118142954093041,0.6188466275982998,0.5893107800932674,0.5907172552496084,-0.24801239067041864,600028.SS,1.4137927225173716,-0.15292209012312785,0.02184572268759909,-0.010923030619627397,0.14746023626165844,0.1396253609474168
2011-01-24,-0.4009396640214163,0.6188466275982998,0.6392404737725339,0.6068916759548199,0.6118142954093041,-0.16824686750709358,600028.SS,-1.4298075040129405,0.16384478219109955,0.15838360543294155,0.13653754419368674,0.05461481454648128,0.15367847586453626
2011-01-25,-0.44562259758489997,0.6097045826747928,0.6322080979908294,0.6047819632203085,0.6167369148637885,-0.2892286905850675,600028.SS,-0.7189074473803626,0.03823026861704019,-0.054615153098136984,-0.016384545929441094,-0.07099936047592238,-0.23355165688311683
2011-01-26,-0.4353095995453146,0.6118142954093041,0.6125175765801834,0.6005625377512858,0.6075948699402814,-0.4265291019094317,600028.SS,-0.008007390747784504,-0.07099936047592238,-0.15292141301981643,-0.03276909185888219,0.016384545929441094,-0.2650292789350092
2011-01-27,-0.3940647957610987,0.6202531463473496,0.6216596650963991,0.6005625377512858,0.6054851572057701,-0.24368978686751247,600028.SS,0.7028926658847936,-0.016384545929441094,0.07099969902757808,0.0,0.06553818371776501,0.35250191666846153
2011-01-28,-0.42156125432289676,0.6146272021292771,0.6195499523618878,0.604078725642138,0.6153305268928652,-0.3896709977117785,600028.SS,1.4137927225173716,0.07646155288904748,-0.016384545929441094,0.027307576549068492,-0.04369246103016592,-0.2817740440010782
2011-01-31,-0.33219677849414775,0.6329113355689999,0.6350210483035112,0.610407863845672,0.6118142954093041,-0.1152005793639918,600028.SS,-1.4298075040129405,-0.027307915100724195,0.12015232116093426,0.04915363778832329,0.14199905950350045,0.5292530666153958
2011-02-01,-0.3253223739999027,0.6343178107253409,0.6399437549434132,0.6293951912708565,0.6329113355689999,-0.4445489277457719,600028.SS,-0.7189074473803626,0.16384478219109955,0.03823094572035159,0.14746023626165844,0.010923030619627397,-0.6354787496406743
2011-02-09,-0.35625673045793266,0.6279886725218068,0.6399437549434132,0.6258789597872955,0.6293951912708565,-0.46493990801786855,600028.SS,-0.008007390747784504,-0.02730723799741279,0.0,-0.027307915100724195,-0.04915363778832329,-0.03951768262525549
2011-02-10,-0.35625673045793266,0.6279886725218068,0.6286919972853948,0.6153305268928652,0.6272854785363452,-0.42703996700093155,600028.SS,0.7028926658847936,-0.016384545929441094,-0.08738390640536348,-0.08192171399223837,0.0,0.07292216582785362
2011-02-11,-0.37000461191427747,0.6251757658018339,0.6315049040053679,0.6195499523618878,0.6272854785363452,-0.3694362553829793,600028.SS,1.4137927225173716,0.0,0.02184572268759909,0.03276909185888219,-0.02184572268759909,0.11092961074963746
2011-02-14,-0.3012628858021904,0.6392404737725339,0.6434598992415567,0.6216596650963991,0.6223628590818608,-0.14242262315589393,600028.SS,-1.4298075040129405,-0.03823026861704019,0.09284542171517716,0.016384545929441094,0.10922996764461826,0.4377116443581507
2011-02-15,-0.26689179086311055,0.6462728059615296,0.6554148508850366,0.6322080979908294,0.6399437549434132,0.2950399098093689,600028.SS,-0.7189074473803626,0.13653754419368674,0.09284508316352147,0.08192171399223837,0.05461481454648128,0.8436555200569521
2011-02-16,-0.23939463665220312,0.6518987065868932,0.6540084193214045,0.6420533804925069,0.6469760871324088,-0.32317281085932054,600028.SS,-0.008007390747784504,0.05461481454648128,-0.010922692067971694,0.07646087578573607,0.043692122478509586,-1.1926815785750848
2011-02-17,-0.23939463665220312,0.6518987065868932,0.6659634145575932,0.6462728059615296,0.6575245636195479,-0.027950741298493256,600028.SS,0.7028926658847936,0.08192205254389406,0.09284542171517654,0.03276909185888219,0.0,0.5692818132186004
2011-02-18,-0.2840773383326505,0.6427566616633862,0.6624471830740323,0.6364275234598522,0.6596342763540592,-0.08353834801111809,600028.SS,1.4137927225173716,0.016384545929441094,-0.027307915100723567,-0.07646087578573607,-0.07099936047592238,-0.10740995908131865
2011-02-21,-0.23939463665220312,0.6518987065868932,0.6554148508850366,0.6406469489288749,0.6476793247105793,0.07684361215691522,600028.SS,-1.4298075040129405,-0.09284508316352147,-0.05461481454648128,0.03276909185888219,0.07099936047592238,0.30918296540061674
2011-02-22,-0.42156125432289676,0.6146272021292771,0.6596342763540592,0.6125175765801834,0.6568213696340863,1.1417113316861989,600028.SS,-0.7189074473803626,0.07099936047592238,0.03276909185888219,-0.21845959673758084,-0.2894596343168146,2.0538841892206525
2011-02-23,-0.4834285759407393,0.6019690565003355,0.6132208141583538,0.5963431122822631,0.6033755316566763,0.17548935375204758,600028.SS,-0.008007390747784504,-0.41507347078756257,-0.3604583176894256,-0.12561485212571508,-0.09830625992167946,-1.8639715030074377
2011-02-24,-0.4868669376030433,0.601265818922165,0.6075948699402814,0.5970463934531424,0.601265818922165,-0.1408753190415054,600028.SS,0.7028926658847936,-0.016384545929441094,-0.04369246103016529,0.005461853861469402,-0.005461515309813698,-0.6104339830934823
2011-02-25,-0.5143636280478785,0.5956399182968015,0.6005625377512858,0.5886075425150971,0.6005625377512858,-0.06181746002973237,600028.SS,1.4137927225173716,-0.005461853861469402,-0.05461481454648128,-0.06553818371776438,-0.043692122478509586,0.1523134322488819
2011-02-28,-0.4971780805783378,0.5991561061876538,0.5998593437658242,0.5914204928277789,0.5977496310313128,-0.33176139440076285,600028.SS,-1.4298075040129405,-0.02184572268759909,-0.005461176758157995,0.021846061239255424,0.027307576549069124,-0.5208910375045984
2011-03-01,-0.45936931962606325,0.6068916759548199,0.6082981511111607,0.5970463934531424,0.5991561061876538,-0.21246410618028044,600028.SS,-0.7189074473803626,0.010923030619628028,0.06553784516610868,0.043692122478508955,0.060076329856294346,0.22993298640950727
2011-03-02,-0.47311743296544395,0.604078725642138,0.6082981511111607,0.5998593437658242,0.6019690565003355,-0.36961589827082986,600028.SS,-0.008007390747784504,0.02184606123925416,0.0,0.021846061239254793,-0.021846061239254793,-0.30332145541077815
2011-03-03,-0.47311743296544395,0.604078725642138,0.610407863845672,0.5970463934531424,0.6054851572057701,-0.045354472965394556,600028.SS,0.7028926658847936,0.027306899445757083,0.016384545929441094,-0.021846061239254793,0.0,0.6252970671705727
2011-03-04,-0.418124283958811,0.6153305268928652,0.6188466275982998,0.6019690565003355,0.604078725642138,0.07870855391716708,600028.SS,1.4137927225173716,-0.010922692067971694,0.06553750661445297,0.03823060716869589,0.08738424495701917,0.23912582332272525
2011-03-07,-0.3871901593838174,0.6216596650963991,0.6279886725218068,0.6132208141583538,0.6153305268928652,0.12666760840875746,600028.SS,-1.4298075040129405,0.08738424495701917,0.07099936047592238,0.08738390640536348,0.04915363778832329,0.09232561956732026
2011-03-08,-0.411249879464566,0.6167369148637885,0.6223628590818608,0.6111111014238425,0.6223628590818608,-0.27110953038744984,600028.SS,-0.7189074473803626,0.05461481454648128,-0.04369144537519818,-0.016384545929441094,-0.038231284272007296,-0.7674739669726616
2011-03-09,-0.4078136047495887,0.6174402396273765,0.6251757658018339,0.6153305268928652,0.6160337208783269,-0.3079069481975542,600028.SS,-0.008007390747784504,-0.04915363778832329,0.02184572268759909,0.03276909185888219,0.0054621924131251064,-0.07116476092895778
2011-03-10,-0.4628067537562225,0.6061884383766494,0.6174402396273765,0.6047819632203085,0.6160337208783269,-0.4168905258448314,600028.SS,0.7028926658847936,0.0,-0.060075991304639274,-0.08192272964720547,-0.08738424495701917,-0.21040772866758253
2011-03-11,-0.4868669376030433,0.601265818922165,0.6075948699402814,0.5998593437658242,0.604078725642138,-0.5474137646522942,600028.SS,1.4137927225173716,-0.09284542171517716,-0.07646155288904748,-0.03823026861704019,-0.03823026861704019,-0.2519565013241958
2011-03-14,-0.4834285759407393,0.6019690565003355,0.6082981511111607,0.5970463934531424,0.5991561061876538,-0.536844705388634,600028.SS,-1.4298075040129405,-0.038230268617039556,0.005461853861469402,-0.021846061239254793,0.005461515309813698,0.02020246034935339
2011-03-15,-0.5315487117513454,0.592123773998658,0.6005625377512858,0.582981729075151,0.5984528250167744,-0.41573834166886336,600028.SS,-0.7189074473803626,-0.0054618538614700325,-0.06007666840795068,-0.10922962909296256,-0.07646087578573607,0.23342258942970304
2011-03-16,-0.5109268895668286,0.5963431122822631,0.5984528250167744,0.5914204928277789,0.5914204928277789,-0.565161557700231,600028.SS,-0.008007390747784504,-0.05461481454648065,-0.016384545929441094,0.06553750661445361,0.03276841475557078,-0.288413474860191
2011-03-17,-0.4799925331087987,0.6026722504857972,0.610407863845672,0.5900140612641467,0.5942334867331693,-0.11976435720675041,600028.SS,0.7028926658847936,0.021846399790909868,0.09284576026683287,-0.010922692067972323,0.04915363778832329,0.8589610392470642
2011-03-18,-0.4868669376030433,0.601265818922165,0.6090013886893312,0.5984528250167744,0.6068916759548199,-0.6108339155668635,600028.SS,1.4137927225173716,0.09830659847333516,-0.010923030619627397,0.06553750661445297,-0.010922692067971694,-0.947429700826587
2011-03-21,-0.4799925331087987,0.6026722504857972,0.6075948699402814,0.5998593437658242,0.6033755316566763,-0.5725484638071598,600028.SS,-1.4298075040129405,-0.02730723799741279,-0.010923369171283101,0.010923369171283101,0.010922692067971694,0.07366579396985533
2011-03-22,-0.4799925331087987,0.6026722504857972,0.6061884383766494,0.5963431122822631,0.6047819632203085,-0.6229639566752482,600028.SS,-0.7189074473803626,0.010922692067971694,-0.010922692067971694,-0.027307915100724195,0.0,-0.0974332477169828
2011-03-23,-0.47311743296544395,0.604078725642138,0.6047819632203085,0.5984528250167744,0.604078725642138,-0.379488666645538,600028.SS,-0.008007390747784504,-0.005461515309813698,-0.010923030619627397,0.016384545929441094,0.010923030619627397,0.4694652393894631
2011-03-24,-0.46968092636743075,0.6047819632203085,0.6111111014238425,0.6005625377512858,0.6026722504857972,-0.3961941756459512,600028.SS,0.7028926658847936,-0.010923030619627397,0.04915363778832329,0.016384545929441094,0.005461515309813698,-0.03240861963392597
2011-03-25,-0.44562259758489997,0.6097045826747928,0.610407863845672,0.6026722504857972,0.6047819632203085,-0.3533055526893605,600028.SS,1.4137927225173716,0.016384545929441094,-0.005461515309813698,0.016384545929441094,0.03823026861704019,0.08254504755405055
2011-03-28,-0.44905887229987723,0.6090013886893312,0.6153305268928652,0.6068916759548199,0.6082981511111607,-0.3416859356557391,600028.SS,-1.4298075040129405,0.027307576549068492,0.03823060716869589,0.03276909185888219,-0.005461176758157995,0.022228926115093455
2011-03-29,-0.4903032123180206,0.6005625377512858,0.610407863845672,0.5998593437658242,0.6090013886893312,-0.425710407135829,600028.SS,-0.7189074473803626,0.005461515309813698,-0.03823060716869589,-0.05461481454648128,-0.06553818371776438,-0.16226304244709608
2011-03-30,-0.45249561078092715,0.6082981511111607,0.6118142954093041,0.594936680718631,0.5998593437658242,-0.36513742921482617,600028.SS,-0.008007390747784504,-0.07099936047592238,0.010922692067971694,-0.03823060716869589,0.06007666840795068,0.11665715537835383
2011-03-31,-0.4937401826821068,0.5998593437658242,0.6075948699402814,0.5970463934531424,0.6054851572057701,-0.5950210865562346,600028.SS,0.7028926658847936,0.04369144537519818,-0.03276909185888219,0.016384545929441094,-0.06553784516610868,-0.4436170576361813
2011-04-01,-0.4834285759407393,0.6019690565003355,0.6033755316566763,0.5963431122822631,0.5977496310313128,-0.5729494101357053,600028.SS,1.4137927225173716,-0.060075991304639274,-0.03276841475557078,-0.005461853861469402,0.016384545929441094,0.0423903500126416
2011-04-06,-0.43187262918122843,0.6125175765801834,0.6146272021292771,0.6005625377512858,0.601265818922165,-0.21366478356275753,600028.SS,-0.008007390747784504,0.027307576549068492,0.08738322930205206,0.03276909185888219,0.08192239109554977,0.6928548164011156
2011-04-07,-0.43187262918122843,0.6125175765801834,0.6223628590818608,0.6111111014238425,0.6188466275982998,-0.15649785864757357,600028.SS,0.7028926658847936,0.13653686709037535,0.06007700695960639,0.08192272964720547,0.0,0.11008707421771206
2011-04-08,-0.3871901593838174,0.6216596650963991,0.6258789597872955,0.6082981511111607,0.6118142954093041,-0.12774690921415083,600028.SS,1.4137927225173716,-0.05461481454648128,0.027306899445757083,-0.021846061239254793,0.07099969902757808,0.05527428508758739
2011-04-11,-0.4078136047495887,0.6174402396273765,0.6300983852563181,0.6146272021292771,0.6230660530673224,-0.19124964206551254,600028.SS,-1.4298075040129405,0.08738390640536348,0.03276909185888219,0.049152960685011876,-0.03276909185888219,-0.12267778405038894
2011-04-12,-0.3803159867726087,0.6230660530673224,0.6315049040053679,0.6097045826747928,0.6160337208783269,-0.08111089250916491,600028.SS,-0.7189074473803626,-0.05461481454648128,0.010923369171283101,-0.03823026861704019,0.04369144537519818,0.2122666898975496
2011-04-13,-0.37000461191427747,0.6251757658018339,0.6258789597872955,0.6167369148637885,0.6202531463473496,-0.4189783922481477,600028.SS,-0.008007390747784504,0.03276909185888282,-0.04369246103016529,0.05461481454648128,0.016384545929441094,-0.6519117046595749
2011-04-14,-0.3940647957610987,0.6202531463473496,0.6265822845508835,0.6195499523618878,0.6244725718163722,-0.4212888043928253,600028.SS,0.7028926658847936,0.03276909185888156,0.0054621924131251064,0.021846738342566202,-0.038230268617039556,-0.004641302303306819
2011-04-15,-0.37000461191427747,0.6251757658018339,0.6300983852563181,0.6174402396273765,0.6195499523618878,-0.2322285942263612,600028.SS,1.4137927225173716,-0.03823026861704019,0.027306899445757083,-0.016384545929441094,0.038230268617039556,0.36450166705117
2011-04-18,-0.3150107672585352,0.6364275234598522,0.6476793247105793,0.6230660530673224,0.6244725718163722,0.22036265140710828,600028.SS,-1.4298075040129405,0.03823026861704019,0.13653788274534245,0.04369144537519818,0.08738390640536348,0.8728379402707122
2011-04-19,-0.34250838523551524,0.6308017100199061,0.6378340422089018,0.6237692470527841,0.6329113355689999,-0.43080616296991125,600028.SS,-0.7189074473803626,0.06553750661445297,-0.07646087578573607,0.005461176758157995,-0.04369144537519818,-1.2562519957211291
2011-04-20,-0.37344181416139954,0.6244725718163722,0.6364275234598522,0.6209563403328111,0.6308017100199061,-0.5021232030494361,600028.SS,-0.008007390747784504,-0.01638386882612969,-0.010923369171283101,-0.02184572268759909,-0.04915363778832329,-0.13775113511554024
2011-04-21,-0.37344181416139954,0.6244725718163722,0.6279886725218068,0.6216596650963991,0.6272854785363452,-0.595699152894412,600028.SS,0.7028926658847936,-0.027307915100724195,-0.06553818371776438,0.0054621924131251064,0.0,-0.18068729713550108
2011-04-22,-0.4284349631680333,0.6132208141583538,0.6244725718163722,0.6097045826747928,0.6209563403328111,-0.358054619676498,600028.SS,1.4137927225173716,-0.04915363778832329,-0.027306899445757083,-0.09284609881848857,-0.08738390640536348,0.4582180434661995
2011-04-25,-0.4628067537562225,0.6061884383766494,0.6132208141583538,0.604078725642138,0.6125175765801834,-0.5124828663242879,600028.SS,-1.4298075040129405,-0.06553750661445297,-0.08738390640536348,-0.04369178392685388,-0.054615153098136984,-0.29806789224747565
2011-04-26,-0.4971780805783378,0.5991561061876538,0.6097045826747928,0.5977496310313128,0.6061884383766494,-0.3631725692119837,600028.SS,-0.7189074473803626,-0.04915363778832329,-0.027307915100724195,-0.04915329923666758,-0.05461481454648065,0.2878263615147853
2011-04-27,-0.4868669376030433,0.601265818922165,0.6054851572057701,0.5991561061876538,0.6019690565003355,-0.5468469401272809,600028.SS,-0.008007390747784504,-0.032768753307226485,-0.03276909185888219,0.010923030619628028,0.016384545929440466,-0.3544819908370954
2011-04-28,-0.4971780805783378,0.5991561061876538,0.6097045826747928,0.5977496310313128,0.6047819632203085,-0.49700186824463477,600028.SS,0.7028926658847936,0.02184572268759909,0.03276909185888219,-0.010923030619628028,-0.016384545929440466,0.09596363908975526
2011-04-29,-0.45593304491108594,0.6075948699402814,0.6090013886893312,0.5998593437658242,0.6026722504857972,-0.5107405520628067,600028.SS,1.4137927225173716,-0.016384545929441094,-0.005461176758157995,0.016384545929441094,0.06553750661445235,-0.02668578378743129
2011-05-03,-0.4421842359225959,0.610407863845672,0.6125175765801834,0.6033755316566763,0.6075948699402814,-0.6279915909522938,600028.SS,-0.7189074473803626,0.03823026861704019,0.027307576549068492,0.027307576549068492,0.021846399790910496,-0.2263551878706494
2011-05-04,-0.5143636280478785,0.5956399182968015,0.6097045826747928,0.5907172552496084,0.6075948699402814,-0.4745560916129588,600028.SS,-0.008007390747784504,0.0,-0.021846399790910496,-0.09830727557664658,-0.11469148295443196,0.2957836403326282
2011-05-05,-0.4765553308616758,0.6033755316566763,0.604078725642138,0.5900140612641467,0.594936680718631,-0.5471283274397014,600028.SS,0.7028926658847936,-0.09830659847333516,-0.04369178392685388,-0.005461176758157995,0.06007666840795068,-0.14017233581841368
2011-05-06,-0.5109268895668286,0.5963431122822631,0.6019690565003355,0.5928269679841197,0.5942334867331693,-0.5847648261773425,600028.SS,1.4137927225173716,-0.005461176758157995,-0.01638420737778539,0.02184572268759909,-0.05461549164979269,-0.07278329997836325
2011-05-09,-0.5281119732702956,0.5928269679841197,0.5991561061876538,0.5900140612641467,0.5963431122822631,-0.6230350721768907,600028.SS,-1.4298075040129405,0.01638386882612969,-0.02184606123925416,-0.02184572268759909,-0.02730723799741279,-0.07400576214761033
2011-05-10,-0.5212378006590869,0.5942334867331693,0.5963431122822631,0.5928269679841197,0.594936680718631,-0.7480953186503059,600028.SS,-0.7189074473803626,-0.010922692067971694,-0.021846399790911127,0.02184572268759909,0.010923369171283101,-0.24141870201416202
2011-05-11,-0.5384228843625541,0.5907172552496084,0.5963431122822631,0.5900140612641467,0.5942334867331693,-0.5809915615175716,600028.SS,-0.008007390747784504,-0.005461176758157995,0.0,-0.02184572268759909,-0.027307915100724195,0.3221489267429662
2011-05-12,-0.5659193429243522,0.5850914418096623,0.5893107800932674,0.5787623036061283,0.5886075425150971,-0.365297909614899,600028.SS,0.7028926658847936,-0.04369246103016529,-0.05461481454648128,-0.08738390640536348,-0.04369144537519818,0.4158760506838299
2011-05-13,-0.5659193429243522,0.5850914418096623,0.5850914418096623,0.5850914418096623,0.5850914418096623,-0.8521629883309613,600028.SS,1.4137927225173716,-0.027306899445757083,-0.03276841475557078,0.04915363778832329,0.0,-0.9393195004120638
2011-05-16,-0.5796686156789148,0.582278404311563,0.5893107800932674,0.5815752103261014,0.5850914418096623,-0.5944735239030522,600028.SS,-1.4298075040129405,0.0,0.03276841475557078,-0.027307915100724195,-0.021846738342566202,0.4968835676621407
2011-05-17,-0.5831055860430014,0.5815752103261014,0.585794635795124,0.5801686915770516,0.582981729075151,-0.6614045655766696,600028.SS,-0.7189074473803626,-0.016384545929441094,-0.02730723799741279,-0.010923369171283101,-0.005461176758157995,-0.12929079540619687
2011-05-18,-0.5659193429243522,0.5850914418096623,0.5879043485296354,0.5801686915770516,0.5815752103261014,-0.6362112422533612,600028.SS,-0.008007390747784504,-0.010923369171283101,0.016384545929441094,0.0,0.027307915100724195,0.04841182809037166
2011-05-19,-0.5727930517694884,0.5836849230606127,0.5886075425150971,0.582981729075151,0.585794635795124,-0.7047573182736939,600028.SS,0.7028926658847936,0.03276909185888219,0.005461176758157995,0.021846738342566202,-0.010923369171283101,-0.13240610415712234
2011-05-20,-0.5727930517694884,0.5836849230606127,0.585794635795124,0.5815752103261014,0.5836849230606127,-0.7209080779115702,600028.SS,1.4137927225173716,-0.016384545929441094,-0.02184572268759909,-0.010923369171283101,0.0,-0.031338539887822384
2011-05-23,-0.6380987350496348,0.570323452668083,0.582981729075151,0.5696202586826213,0.582278404311563,-0.5447509304430969,600028.SS,-1.4298075040129405,-0.010923369171283101,-0.02184572268759909,-0.09284508316352147,-0.10376845233480457,0.339612398152001
2011-05-24,-0.6449733714269161,0.5689169339190333,0.5717299714171327,0.5590716950100647,0.5696202586826213,-0.5731020950990972,600028.SS,-0.7189074473803626,-0.09830625992167946,-0.08738390640536348,-0.08192272964720547,-0.010923369171283101,-0.05487242236846346
2011-05-25,-0.672469598105678,0.5632911204790874,0.5696202586826213,0.5604781701664056,0.5696202586826213,-0.4862349663883628,600028.SS,-0.008007390747784504,0.0,-0.016384545929441094,0.010923030619627397,-0.04369144537519818,0.16737706620873605
2011-05-26,-0.6759074960019094,0.5625878829009169,0.56751054594811,0.5590716950100647,0.5654008332135987,-0.5251723775377415,600028.SS,0.7028926658847936,-0.03276909185888219,-0.016384545929441094,-0.010923030619627397,-0.005461515309813698,-0.07529268550859447
2011-05-27,-0.6759074960019094,0.5625878829009169,0.5661040271990604,0.561181407744576,0.5639943144645491,-0.605405720074479,600028.SS,1.4137927225173716,-0.010923369171283101,-0.010923369171283101,0.016384545929441094,0.0,-0.15495017185884322
2011-05-30,-0.6827814367300822,0.561181407744576,0.5654008332135987,0.5576652634464326,0.561181407744576,-0.6931617708154821,600028.SS,-1.4298075040129405,-0.02184572268759909,-0.005461176758157995,-0.02730723799741279,-0.010923030619627397,-0.16946104510873494
2011-05-31,-0.6552847462852474,0.5668073083699395,0.56751054594811,0.5604781701664056,0.561181407744576,-0.6895847523919668,600028.SS,-0.7189074473803626,0.0,0.016384545929441094,0.02184572268759909,0.043692122478509586,0.006715214049958462
2011-06-01,-0.6690326277415921,0.5639943144645491,0.5661040271990604,0.561181407744576,0.5661040271990604,-0.6913024877347652,600028.SS,-0.008007390747784504,0.03823026861704019,-0.010923369171283101,0.005461515309813698,-0.021846399790910496,-0.0034980626990719107
2011-06-02,-0.7240271680464433,0.5527425568065307,0.5625878829009169,0.552039362821069,0.5604781701664056,-0.5495354713257606,600028.SS,0.7028926658847936,-0.04369178392685388,-0.02730723799741279,-0.07099936047592238,-0.08738390640536348,0.2732758050925826
2011-06-03,-0.7102774315258081,0.5555555507119212,0.5597748889955263,0.552039362821069,0.55344583797741,-0.6344876432514178,600028.SS,1.4137927225173716,-0.05461481454648065,-0.021846399790910496,0.0,0.021846399790910496,-0.1640525234709463
2011-06-07,-0.6690326277415921,0.5639943144645491,0.5661040271990604,0.5527425568065307,0.5555555507119212,-0.6450594231535371,600028.SS,-0.7189074473803626,0.016384545929440466,0.04915363778832329,0.005461176758157995,0.06553750661445297,-0.020577007523270706
2011-06-08,-0.6621591507794924,0.5654008332135987,0.5661040271990604,0.5590716950100647,0.5632911204790874,-0.7029638212247611,600028.SS,-0.008007390747784504,0.06007632985629498,0.0,0.04915363778832329,0.010923369171283101,-0.11187891691382004
2011-06-09,-0.6896558412243272,0.5597748889955263,0.5654008332135987,0.5576652634464326,0.5654008332135987,-0.692052868394728,600028.SS,0.7028926658847936,0.016384545929441094,-0.005461176758157995,-0.010922692067971694,-0.04369246103016529,0.020861953456340662
2011-06-10,-0.6896558412243272,0.5597748889955263,0.5625878829009169,0.5569619822755534,0.5618846017300376,-0.7283879702233717,600028.SS,1.4137927225173716,-0.027307915100724195,-0.021846061239254793,-0.005461853861469402,0.0,-0.07027297988066819
2011-06-13,-0.7034041864467446,0.5569619822755534,0.5604781701664056,0.55344583797741,0.5583684574318942,-0.7237635805311042,600028.SS,-1.4298075040129405,-0.02730723799741279,-0.016384545929441094,-0.027307237997412158,-0.02184572268759909,0.008735533237378619
2011-06-14,-0.6312257218536076,0.5717299714171327,0.5745428781371058,0.5569619822755534,0.5569619822755534,-0.4974547613755417,600028.SS,-0.7189074473803626,-0.010923030619627397,0.1092299676446189,0.027307237997412158,0.11469182150608767,0.43635210031257204
2011-06-15,-0.6484094142588576,0.5682137399335717,0.5724331654025944,0.5668073083699395,0.570323452668083,-0.7113924709784237,600028.SS,-0.008007390747784504,0.10376845233480457,-0.016384545929441725,0.07646121433739178,-0.027307915100724195,-0.41285823778032793
2011-06-16,-0.6655963530266149,0.5646975956354282,0.5696202586826213,0.5639943144645491,0.5682137399335717,-0.631251425169689,600028.SS,0.7028926658847936,-0.016384545929441094,-0.02184572268759909,-0.021846399790910496,-0.02730723799741279,0.15440283753882178
2011-06-17,-0.62435085359329,0.5731363593880561,0.573839684151644,0.5632911204790874,0.5646975956354282,-0.553771946423472,600028.SS,1.4137927225173716,-0.02730723799741279,0.03276909185888219,-0.005461176758157995,0.06553750661445297,0.14926882712108663
2011-06-20,-0.6243501579441811,0.5639943144645491,0.5682137399335717,0.5597748889955263,0.5625878829009169,-0.5150847843203131,600028.SS,-1.4298075040129405,-0.016384545929441094,-0.04369246103016529,-0.027307915100724195,-0.07099936047592238,0.07444067021372512
2011-06-21,-0.6208579994174548,0.5646975956354282,0.5668073083699395,0.5618846017300376,0.5668073083699395,-0.6766814847143661,600028.SS,-0.7189074473803626,0.03276909185888219,-0.010922692067971694,0.016384545929441094,0.005461853861469402,-0.3118954289384178
2011-06-22,-0.6138729867148931,0.5661040271990604,0.5668073083699395,0.5618846017300376,0.5646975956354282,-0.7011697651405284,600028.SS,-0.008007390747784504,-0.016384545929441094,0.0,0.0,0.010922692067971694,-0.04742113994248821
2011-06-23,-0.5964073245374989,0.5696202586826213,0.5696202586826213,0.561181407744576,0.5654008332135987,-0.7195615606423726,600028.SS,0.7028926658847936,0.005461515309813698,0.021846061239254793,-0.005461176758157995,0.027307915100724195,-0.03566136971020756
2011-06-24,-0.5544946976087297,0.5780589788425403,0.5801686915770516,0.5646975956354282,0.56751054594811,-0.4830531113837913,600028.SS,1.4137927225173716,0.016384545929441094,0.08192171399223837,0.027307576549068492,0.06553716806279727,0.4560266025798223
2011-06-27,-0.5544946976087297,0.5780589788425403,0.5914204928277789,0.576652590871617,0.5780589788425403,-0.5712936096926253,600028.SS,-1.4298075040129405,0.08192171399223837,0.08738424495701981,0.09284542171517716,0.0,-0.17039551671950764
2011-06-28,-0.5684656505459982,0.5752460721225674,0.57946549759159,0.570323452668083,0.5780589788425403,-0.6872918753211941,600028.SS,-0.7189074473803626,0.0,-0.0928454217151778,-0.04915363778832329,-0.02184572268759909,-0.22393866000509519
2011-06-29,-0.582436835366303,0.5724331654025944,0.5836849230606127,0.5717299714171327,0.5752460721225674,-0.4726521354002817,600028.SS,-0.008007390747784504,-0.02184572268759909,0.03276909185888219,0.010923369171283101,-0.02184572268759909,0.41384311483564784
2011-06-30,-0.5510013796668214,0.5787623036061283,0.582981729075151,0.5724331654025944,0.5752460721225674,-0.5241696048629095,600028.SS,0.7028926658847936,0.0,-0.005461176758157995,0.005461176758157995,0.04915363778832329,-0.09955889745023205
2011-07-01,-0.5684656505459982,0.5752460721225674,0.5808720163406397,0.573839684151644,0.5808720163406397,-0.6877669310959877,600028.SS,1.4137927225173716,0.04369246103016529,-0.016384545929441094,0.010923369171283101,-0.027307915100724195,-0.315754521592589
2011-07-04,-0.533537572553718,0.582278404311563,0.5836849230606127,0.5752460721225674,0.5759493968861554,-0.4360437771170785,600028.SS,-1.4298075040129405,-0.03823026861704019,0.02184572268759909,0.01092235351631599,0.05461481454648128,0.4853748965367808
2011-07-05,-0.5300447183778828,0.582981729075151,0.585794635795124,0.57946549759159,0.582278404311563,-0.6209648340200291,600028.SS,-0.7189074473803626,0.04915262213335617,0.016384545929441094,0.03276909185888219,0.0054621924131251064,-0.3568867767011808
2011-07-06,-0.5475085254909866,0.57946549759159,0.5843881170460744,0.5752460721225674,0.5836849230606127,-0.6624359608588531,600028.SS,-0.008007390747784504,0.010923369171283101,-0.010923369171283101,-0.03276909185888219,-0.027307915100724195,-0.08018007795058166
2011-07-07,-0.5859301533082109,0.5717299714171327,0.5815752103261014,0.5696202586826213,0.57946549759159,-0.4921884128139629,600028.SS,0.7028926658847936,-0.03276909185888219,-0.02184572268759909,-0.04369144537519818,-0.060075991304639274,0.3282131193464477
2011-07-08,-0.5999008743624431,0.5689169339190333,0.5731363593880561,0.56751054594811,0.5724331654025944,-0.5785780694751076,600028.SS,1.4137927225173716,-0.05461481454648128,-0.06553818371776438,-0.016384545929441094,-0.021846738342566202,-0.1668253491912747
2011-07-11,-0.5929151660107725,0.570323452668083,0.573839684151644,0.5682137399335717,0.5682137399335717,-0.5753178563560092,600028.SS,-1.4298075040129405,-0.03276909185888219,0.0054621924131251064,0.005461176758157995,0.010923369171283101,0.006104114763310594
2011-07-12,-0.6278425483539438,0.5632911204790874,0.5689169339190333,0.5625878829009169,0.5682137399335717,-0.6018984816793899,600028.SS,-0.7189074473803626,0.0,-0.038231284272007296,-0.04369178392685388,-0.05461481454648128,-0.05145715340654589
2011-07-13,-0.6103792050069126,0.5668073083699395,0.56751054594811,0.5632911204790874,0.5632911204790874,-0.6595658177259668,600028.SS,-0.008007390747784504,-0.03823026861704019,-0.01092235351631599,0.005461515309813698,0.027307576549068492,-0.11142163784641389
2011-07-14,-0.6138729867148931,0.5661040271990604,0.56751054594811,0.5618846017300376,0.5668073083699395,-0.5474420953189892,600028.SS,0.7028926658847936,0.027307576549068492,0.0,-0.010923369171283101,-0.005461853861469402,0.21609558883365806
2011-07-15,-0.6103792050069126,0.5668073083699395,0.56751054594811,0.5632911204790874,0.5639943144645491,-0.6910105284436744,600028.SS,1.4137927225173716,-0.021846399790910496,0.0,0.010923369171283101,0.005461853861469402,-0.2771199339760279
2011-07-18,-0.6208579994174548,0.5646975956354282,0.5682137399335717,0.5639943144645491,0.56751054594811,-0.6830525988354801,600028.SS,-1.4298075040129405,0.027307915100724195,0.005461176758157995,0.005461176758157995,-0.016384545929441094,0.015165740800931445
2011-07-19,-0.6313363300619238,0.5625878829009169,0.5661040271990604,0.5618846017300376,0.5625878829009169,-0.6238341448114691,600028.SS,-0.7189074473803626,-0.03823060716869589,-0.016384545929441094,-0.016384545929441094,-0.016384545929441094,0.11404435636375782
2011-07-20,-0.6418139650572848,0.5604781701664056,0.5654008332135987,0.5583684574318942,0.5646975956354282,-0.629576437392818,600028.SS,-0.008007390747784504,0.016384545929441094,-0.005461176758157995,-0.02730723799741279,-0.016384545929441094,-0.011261203098752065
2011-07-21,-0.6697570303470038,0.554852269541042,0.561181407744576,0.552039362821069,0.561181407744576,-0.6139958627032575,600028.SS,0.7028926658847936,-0.027307576549068492,-0.03276909185888219,-0.04915329923666758,-0.043692122478509586,0.029869386562692606
2011-07-22,-0.6732503482889113,0.5541490755555804,0.5569619822755534,0.5527425568065307,0.5555555507119212,-0.6957282583965044,600028.SS,1.4137927225173716,-0.04369178392685388,-0.03276909185888219,0.005461176758157995,-0.005461176758157995,-0.15784175953688498
2011-07-25,-0.7291348556870941,0.5428972743048532,0.5527425568065307,0.5421940803193915,0.552039362821069,-0.5759451250199416,600028.SS,-1.4298075040129405,-0.027307576549068492,-0.03276909185888219,-0.08192205254389406,-0.08738424495701917,0.23087015388796414
2011-07-26,-0.7116703529248815,0.5464135057884142,0.5485232185229256,0.5407875615703419,0.5436005118830237,-0.6735810563069673,600028.SS,-0.7189074473803626,-0.06553818371776438,-0.03276841475557078,-0.010923369171283101,0.027307915100724195,-0.18851876879474935
2011-07-27,-0.7151636708667893,0.545710224617535,0.5471166997738759,0.5400843675848802,0.5450069870393646,-0.5448571657845757,600028.SS,-0.008007390747784504,0.010923030619627397,-0.010923369171283101,-0.005461176758157995,-0.005461853861468771,0.24811636232492304
2011-07-28,-0.7221496111014962,0.5443037930539029,0.545710224617535,0.5393811735994186,0.5414907991485124,-0.6813911583473751,600028.SS,0.7028926658847936,-0.027307576549068492,-0.010923030619626767,-0.005461176758157995,-0.010922692067972323,-0.2635509010419123
2011-07-29,-0.7116703529248815,0.5464135057884142,0.5513361252428985,0.5407875615703419,0.5428972743048532,-0.6460393312846058,600028.SS,1.4137927225173716,0.010923030619627397,0.043692122478508955,0.01092235351631599,0.016384545929441094,0.0680069999579024
2011-08-01,-0.7186562931595883,0.5450069870393646,0.5478199373520464,0.5436005118830237,0.5464135057884142,-0.7366626305979429,600028.SS,-1.4298075040129405,0.027307915100724195,-0.027307576549068492,0.021846061239254793,-0.010923369171283101,-0.17499180337814096
2011-08-02,-0.7570772253277037,0.5372714608649073,0.5436005118830237,0.5344584233668079,0.5414907991485124,-0.6463942441619616,600028.SS,-0.7189074473803626,-0.03823094572035159,-0.03276909185888219,-0.07099969902757808,-0.060075991304639274,0.17393789754781255
2011-08-03,-0.7710493376801538,0.5344584233668079,0.5386778488358306,0.5330520353958845,0.5344584233668079,-0.7139468461279496,600028.SS,-0.008007390747784504,-0.054615153098136984,-0.03823060716869589,-0.01092235351631599,-0.021846738342566202,-0.13048974960923798
2011-08-04,-0.7675560197382459,0.5351617481303959,0.5393811735994186,0.5344584233668079,0.5351617481303959,-0.7544228652870527,600028.SS,0.7028926658847936,0.0054621924131251064,0.0054621924131251064,0.01092235351631599,0.0054621924131251064,-0.07826057223291534
2011-08-05,-0.8374126394888788,0.5210970401596958,0.5274260911778123,0.5196905650033549,0.5274260911778123,-0.6090215790283262,600028.SS,1.4137927225173716,-0.06007700695960639,-0.09284609881848857,-0.11469080585112056,-0.10922996764461826,0.2802861034735983
2011-08-08,-0.9561682901690604,0.4971870060946094,0.5189873274251845,0.4957805309382685,0.5161743335197939,-0.45606122242483155,600028.SS,-1.4298075040129405,-0.08738390640536348,-0.06553750661445297,-0.18569118198201004,-0.18569118198201004,0.294867117209815
2011-08-09,-0.9631539985207309,0.4957805309382685,0.4985935248436591,0.48312234171661816,0.4901546739056138,-0.48489442458537013,600028.SS,-0.7189074473803626,-0.20207505080813973,-0.15838326688128584,-0.09830659847333453,-0.010923030619627397,-0.05580224510518524
2011-08-10,-0.9456899595245908,0.49929671882912074,0.5049225758617756,0.4978902436727799,0.5021096691418026,-0.6221561071864623,600028.SS,-0.008007390747784504,0.09284542171517716,0.049152960685011876,0.11469114440277563,0.027307576549068492,-0.2649545734460723
2011-08-11,-0.9317190065873223,0.5021096691418026,0.5028129503126818,0.49156119265466347,0.4922643866401251,-0.650036303236861,600028.SS,0.7028926658847936,-0.07646087578573607,-0.01638386882612969,-0.049152960685011876,0.021846061239254793,-0.05396395090380031
2011-08-12,-0.9247328344695792,0.5035161442981434,0.5063290946108252,0.5021096691418026,0.5035161442981434,-0.6389386947317162,600028.SS,1.4137927225173716,0.08738390640536348,0.02730723799741279,0.08192205254389406,0.010923030619627397,0.021222001562604384
2011-08-15,-0.9002830871217685,0.5084388073453365,0.5098452825016775,0.4985935248436591,0.5056258570326547,-0.6424605425826411,600028.SS,-1.4298075040129405,0.016384545929441094,0.027307576549068492,-0.02730723799741279,0.03823060716869589,-0.006978092393580341
2011-08-16,-0.9107614177662381,0.5063290946108252,0.5091420013307982,0.5042193818763139,0.5077355697671662,-0.6656849063109082,600028.SS,-0.7189074473803626,0.016384545929441725,-0.005461853861469402,0.04369178392685388,-0.016384545929441094,-0.04498311702526553
2011-08-17,-0.9212402121767802,0.5042193818763139,0.5070322885962869,0.5042193818763139,0.5056258570326547,-0.7212321506748849,600028.SS,-0.008007390747784504,-0.016384545929441725,-0.016384545929441094,0.0,-0.016384545929441094,-0.10733210242259979
2011-08-18,-0.9561682901690604,0.4971870060946094,0.5049225758617756,0.49648381210914777,0.5042193818763139,-0.6639262744301752,600028.SS,0.7028926658847936,-0.010923030619627397,-0.016384545929441094,-0.06007632985629498,-0.054615153098136984,0.11035510337368941
2011-08-19,-0.977125415224072,0.49296758062558677,0.4936709053891748,0.48523205445112944,0.4901546739056138,-0.6547203668416343,600028.SS,1.4137927225173716,-0.10922996764461826,-0.08738322930205206,-0.08738390640536348,-0.03276909185888219,0.01757301884492042
2011-08-22,-0.9876030502194326,0.49085786789107544,0.49648381210914777,0.4887481551565641,0.4922643866401251,-0.7343014207790202,600028.SS,-1.4298075040129405,0.016384545929441094,0.02184572268759909,0.027306899445757083,-0.016384545929441094,-0.1536919445116528
2011-08-23,-0.9282256886454144,0.5028129503126818,0.5035161442981434,0.4880449611711024,0.49156119265466347,-0.6953649910471679,600028.SS,-0.7189074473803626,-0.005461176758157995,0.05461481454648128,-0.005461176758157995,0.09284609881848857,0.07492149319223969
2011-08-24,-0.9352111651140487,0.5014064315636321,0.5035161442981434,0.4978902436727799,0.5035161442981434,-0.7030401419661952,600028.SS,-0.008007390747784504,0.09284508316352147,0.0,0.07646087578573607,-0.010923369171283101,-0.014989576124326321
2011-08-25,-0.8618626187197257,0.5161743335197939,0.5168776146906731,0.5014064315636321,0.5021096691418026,-0.5152854469354374,600028.SS,0.7028926658847936,-0.010923030619627397,0.10376845233480457,0.027307576549068492,0.11469114440277627,0.36198340313003224
2011-08-26,-0.8618626187197257,0.5161743335197939,0.5196905650033549,0.5084388073453365,0.5126581892216504,-0.6344342988608068,600028.SS,1.4137927225173716,0.08192239109554977,0.021846061239254793,0.054615153098136984,0.0,-0.2300159605163388
2011-08-29,-0.8443978840744767,0.5196905650033549,0.5210970401596958,0.5084388073453365,0.5154711395343322,-0.5601543095771194,600028.SS,-1.4298075040129405,0.021846061239254793,0.010923030619627397,0.0,0.027307915100724195,0.14309719520416533
2011-08-30,-0.8548764466019826,0.5175808522688435,0.5330520353958845,0.5168776146906731,0.5203937589888166,-0.5777053159880108,600028.SS,-0.7189074473803626,0.03823026861704019,0.09284542171517716,0.06553784516610868,-0.016384545929441094,-0.03403953571141032
2011-08-31,-0.8548764466019826,0.5175808522688435,0.5218002777378662,0.5140646207852826,0.5182840462543052,-0.7183943322053357,600028.SS,-0.008007390747784504,-0.016384545929441094,-0.08738390640536348,-0.021846399790910496,0.0,-0.27156570368531835
2011-09-01,-0.8688480951883604,0.5147679019561617,0.5225034717233279,0.5140646207852826,0.5182840462543052,-0.7286781654475163,600028.SS,0.7028926658847936,0.0,0.005461176758157995,0.0,-0.021846061239254793,-0.020021574908892427
2011-09-02,-0.9072690273564754,0.5070322885962869,0.5154711395343322,0.5049225758617756,0.5147679019561617,-0.7249968807290783,600028.SS,1.4137927225173716,-0.02730723799741279,-0.05461481454648128,-0.07099936047592238,-0.06007666840795068,0.0069163377608317655
2011-09-05,-0.9596609124618594,0.49648381210914777,0.5056258570326547,0.49437409937463644,0.5035161442981434,-0.7229257481157371,600028.SS,-1.4298075040129405,-0.08738390640536348,-0.07646087578573607,-0.08192205254389406,-0.08192205254389406,0.003810446574349656
2011-09-06,-0.9596609124618594,0.49648381210914777,0.5049225758617756,0.4922643866401251,0.49296758062558677,-0.6873108204063552,600028.SS,-0.7189074473803626,-0.08192272964720547,-0.005461853861469402,-0.016384545929441094,0.0,0.06851450603567319
2011-09-07,-0.9212402121767802,0.5042193818763139,0.5049225758617756,0.4971870060946094,0.49929671882912074,-0.6727127316217459,600028.SS,-0.008007390747784504,0.04915363778832329,0.0,0.03823026861704019,0.06007632985629498,0.02797422752562289
2011-09-08,-0.9317190065873223,0.5021096691418026,0.5056258570326547,0.5007032375781705,0.5056258570326547,-0.7673819060530671,600028.SS,0.7028926658847936,0.04915363778832329,0.005461853861469402,0.027307915100724195,-0.016384545929441094,-0.18279606474623034
2011-09-09,-0.9317190065873223,0.5021096691418026,0.5077355697671662,0.49929671882912074,0.5028129503126818,-0.7629849940358061,600028.SS,1.4137927225173716,-0.02184572268759909,0.016384545929441725,-0.010923369171283101,0.0,0.008296741831468805
2011-09-13,-0.9456899595245908,0.49929671882912074,0.5014064315636321,0.4936709053891748,0.4978902436727799,-0.7402780982270801,600028.SS,-0.7189074473803626,-0.03823094572035159,-0.04915363778832391,-0.04369144537519818,-0.021846061239254793,0.04361565182918267
2011-09-14,-0.9387030917577387,0.5007032375781705,0.5028129503126818,0.49437409937463644,0.4999999564072913,-0.7371315928879684,600028.SS,-0.008007390747784504,0.016384545929441725,0.010923369171283101,0.005461176758157995,0.010923369171283101,0.005884778968526447
2011-09-15,-0.9212402121767802,0.5042193818763139,0.5049225758617756,0.4999999564072913,0.5014064315636321,-0.7259922430804358,600028.SS,0.7028926658847936,0.010923030619626767,0.01638386882612969,0.043691783926854515,0.02730723799741279,0.021302518144104953
2011-09-16,-0.9107614177662381,0.5063290946108252,0.5077355697671662,0.5049225758617756,0.5056258570326547,-0.7306052905676199,600028.SS,1.4137927225173716,0.03276909185888219,0.021846399790911127,0.038230268617039556,0.016384545929441094,-0.009082953991576099
2011-09-19,-0.935555511422959,0.49437409937463644,0.5007032375781705,0.49437409937463644,0.5007032375781705,-0.7337935061516028,600028.SS,-1.4298075040129405,-0.03823026861704019,-0.05461481454648191,-0.08192205254389406,-0.09284542171517716,-0.006334534860015054
2011-09-20,-0.9284714846638958,0.4957805309382685,0.49929671882912074,0.4922643866401251,0.49437409937463644,-0.6892371007620056,600028.SS,-0.7189074473803626,-0.04915363778832329,-0.010923369171283101,-0.016384545929441094,0.010922692067971694,0.08576210434219372
2011-09-21,-0.8682579528609683,0.5077355697671662,0.5084388073453365,0.4922643866401251,0.49648381210914777,-0.5492097400910563,600028.SS,-0.008007390747784504,0.016384545929441094,0.07099969902757808,0.0,0.0928457602668335,0.26992010881566814
2011-09-22,-0.9390972929194542,0.4936709053891748,0.5035161442981434,0.49296758062558677,0.5021096691418026,-0.683628970441114,600028.SS,0.7028926658847936,0.04369178392685388,-0.03823060716869589,0.005461176758157995,-0.10922962909296319,-0.25947164586020055
2011-09-23,-0.9426402338311305,0.49296758062558677,0.49437409937463644,0.48523205445112944,0.4887481551565641,-0.6712939062422663,600028.SS,1.4137927225173716,-0.10376879088646027,-0.07099936047592238,-0.060075991304639274,-0.0054621924131251064,0.02360898271834009
2011-09-26,-0.9816014534738324,0.48523205445112944,0.4936709053891748,0.4845288604656678,0.4887481551565641,-0.7065552130669854,600028.SS,-1.4298075040129405,0.0,-0.005461176758157995,-0.005461176758157995,-0.060075991304639274,-0.06820169082156596
2011-09-27,-0.9638918503422472,0.4887481551565641,0.4901546739056138,0.4845288604656678,0.4894514799201521,-0.7009768296355484,600028.SS,-0.7189074473803626,0.0054621924131251064,-0.027307915100724195,0.0,0.027306899445757083,0.010575732518593702
2011-09-28,-0.9745181223638787,0.48663844242205273,0.49156119265466347,0.48312234171661816,0.49085786789107544,-0.6926619125078857,600028.SS,-0.008007390747784504,0.01092235351631599,0.010923369171283101,-0.01092336917128247,-0.016384545929441094,0.015854349278907765
2011-09-29,-0.9709756452182745,0.48734176718564076,0.49085786789107544,0.48171582296756843,0.48382553570207976,-0.7111068722667443,600028.SS,0.7028926658847936,-0.05461481454648128,-0.0054621924131251064,-0.01092336917128373,0.0054621924131251064,-0.03576392051691342
2011-09-30,-0.9709756452182745,0.48734176718564076,0.4901546739056138,0.4845288604656678,0.4880449611711024,-0.7146956552775695,600028.SS,1.4137927225173716,0.03276909185888219,-0.005461176758157995,0.021846738342566202,0.0,-0.007107206483200901
2011-10-10,-0.9816014534738324,0.48523205445112944,0.4887481551565641,0.48382553570207976,0.48734176718564076,-0.7505394085581808,600028.SS,-1.4298075040129405,-0.005461176758157995,-0.010923369171283101,-0.0054621924131251064,-0.016384545929441094,-0.06932519667435275
2011-10-11,-0.9957692751089228,0.48241914773115646,0.49296758062558677,0.47819972226213375,0.49085786789107544,-0.5571002003500638,600028.SS,-0.7189074473803626,0.027306899445757083,0.03276909185888219,-0.04369144537519818,-0.02184572268759909,0.3729485034588242
2011-10-12,-0.9957692751089228,0.48241914773115646,0.48241914773115646,0.48241914773115646,0.48241914773115646,-0.8521629883309613,600028.SS,-0.008007390747784504,-0.06553716806279727,-0.08192171399223837,0.03276909185888219,0.0,-0.5693438673922027
2011-10-13,-0.9320137299264637,0.4950772933600981,0.49648381210914777,0.48734176718564076,0.49085786789107544,-0.5288173373846968,600028.SS,0.7028926658847936,0.06553716806279727,0.10922962909296256,0.03823026861704019,0.09830625992167946,0.6235305908842941
2011-10-14,-0.9284714846638958,0.4957805309382685,0.4971870060946094,0.49085786789107544,0.4936709053891748,-0.6852242273612218,600028.SS,1.4137927225173716,0.021846738342566202,0.005461176758157995,0.027306899445757083,0.005461515309813698,-0.30188458189838335
2011-10-17,-0.9143038949118423,0.4985935248436591,0.49929671882912074,0.49437409937463644,0.4950772933600981,-0.6871821304803329,600028.SS,-1.4298075040129405,0.01092235351631599,0.016384545929441094,0.027307915100724195,0.021846399790910496,-0.0039613325835539965
2011-10-18,-0.9638918503422472,0.4887481551565641,0.49648381210914777,0.4887481551565641,0.4957805309382685,-0.6617902812990463,600028.SS,-0.7189074473803626,0.005461515309813698,-0.02184572268759909,-0.04369246103016529,-0.07646155288904748,0.0487947730994996
2011-10-19,-0.9568075917001483,0.4901546739056138,0.49437409937463644,0.4880449611711024,0.4901546739056138,-0.7542104132386052,600028.SS,-0.008007390747784504,-0.04369178392685388,-0.016384545929441094,-0.005461176758157995,0.010923369171283101,-0.1784577905974234
2011-10-20,-0.9638918503422472,0.4887481551565641,0.49085786789107544,0.48523205445112944,0.48663844242205273,-0.6230249474264603,600028.SS,0.7028926658847936,-0.027307915100724195,-0.027307915100724195,-0.02184572268759909,-0.010923369171283101,0.2528646000678704
2011-10-21,-0.9816014534738324,0.48523205445112944,0.49085786789107544,0.48312234171661816,0.4894514799201521,-0.7076122494349214,600028.SS,1.4137927225173716,0.021846738342566202,0.0,-0.016384545929440466,-0.027306899445757083,-0.16334871029923123
2011-10-24,-0.9249294712843643,0.49648381210914777,0.4971870060946094,0.4845288604656678,0.4859352484365911,-0.5970644848072006,600028.SS,-1.4298075040129405,-0.027307915100724195,0.04915363778832329,0.01092336917128247,0.08738390640536348,0.213055656543182
2011-10-25,-0.9072189406206339,0.4999999564072913,0.5021096691418026,0.4922643866401251,0.4957805309382685,-0.6491438841302166,600028.SS,-0.7189074473803626,0.07646087578573607,0.03823060716869589,0.060075991304639274,0.027307237997413417,-0.10064282796541521
2011-10-26,-0.9072189406206339,0.4999999564072913,0.5035161442981434,0.49648381210914777,0.4985935248436591,-0.6235219981345509,600028.SS,-0.008007390747784504,0.021846399790910496,0.010923030619627397,0.03276909185888219,0.0,0.04923850093867999
2011-10-27,-0.9001353776276434,0.5014064315636321,0.5042193818763139,0.4999999564072913,0.5014064315636321,-0.6977775016721054,600028.SS,0.7028926658847936,0.02184572268759909,0.005461515309813698,0.027307237997413417,0.010923030619626767,-0.14341926282049747
2011-10-28,-0.8717999662405003,0.5070322885962869,0.5077355697671662,0.49929671882912074,0.5049225758617756,-0.5097832165348447,600028.SS,1.4137927225173716,0.02730723799741279,0.027307576549069124,-0.005461515309814329,0.04369178392685388,0.3624455587225382
2011-10-31,-0.8965933642481119,0.5021096691418026,0.5063290946108252,0.4999999564072913,0.5063290946108252,-0.6206443266596267,600028.SS,-1.4298075040129405,0.010923369171283101,-0.010923030619628028,0.005461515309814329,-0.03823026861704019,-0.21402938127776608
2011-11-01,-0.893051582751617,0.5028129503126818,0.5063290946108252,0.4985935248436591,0.49929671882912074,-0.5944272047227092,600028.SS,-0.7189074473803626,-0.054615153098136984,0.0,-0.010922692067972323,0.005461853861469402,0.05038667697618547
2011-11-02,-0.8611732304527963,0.5091420013307982,0.5091420013307982,0.4971870060946094,0.49929671882912074,-0.5687299607686256,600028.SS,-0.008007390747784504,0.0,0.02184572268759909,-0.010923369171283101,0.049152960685011876,0.04938386212421048
2011-11-03,-0.8682579528609683,0.5077355697671662,0.5119549952361888,0.5070322885962869,0.5091420013307982,-0.567509338248951,600028.SS,0.7028926658847936,0.07646087578573607,0.021846399790910496,0.07646087578573607,-0.010922692067971062,0.0021698613181047413
2011-11-04,-0.8009594667668324,0.5210970401596958,0.526019703206889,0.5105485200798479,0.5112517140653096,-0.1506553558829775,600028.SS,1.4137927225173716,0.016384545929441094,0.10922996764461826,0.027307915100724195,0.10376845233480393,0.8039028063413385
2011-11-07,-0.7938754400077693,0.5225034717233279,0.5316455166468349,0.5175808522688435,0.5196905650033549,-0.49252427501060086,600028.SS,-1.4298075040129405,0.06553818371776438,0.04369144537519818,0.05461481454648128,0.010922692067971694,-0.6596302134720394
2011-11-08,-0.7372029940522281,0.5337552293813462,0.5386778488358306,0.5203937589888166,0.5225034717233279,-0.1252100939845431,600028.SS,-0.7189074473803626,0.02184572268759909,0.05461481454648128,0.02184572268759909,0.08738390640536348,0.7083433670345316
2011-11-09,-0.7513712794533907,0.5309423226613732,0.5386778488358306,0.5267228971923505,0.5330520353958845,-0.5055108327363738,600028.SS,-0.008007390747784504,0.08192272964720547,0.0,0.04915363778832329,-0.02184572268759909,-0.7337629922781288
2011-11-10,-0.8009594667668324,0.5210970401596958,0.5281294159414003,0.5203937589888166,0.526019703206889,-0.6051225376375956,600028.SS,0.7028926658847936,-0.05461481454648128,-0.08192171399223837,-0.04915363778832329,-0.07646087578573607,-0.19232992293067888
2011-11-11,-0.7690811144680121,0.5274260911778123,0.5309423226613732,0.5203937589888166,0.5203937589888166,-0.6745313542016547,600028.SS,1.4137927225173716,-0.04369246103016529,0.02184572268759909,0.0,0.049152960685011876,-0.1340702812510123
2011-11-14,-0.7372029940522281,0.5337552293813462,0.5372714608649073,0.5302391286759116,0.5309423226613732,-0.7053647473959853,600028.SS,-1.4298075040129405,0.08192272964720547,0.04915363778832329,0.07646155288904748,0.04915363778832329,-0.05966049904496578
2011-11-15,-0.7336614444387691,0.5344584233668079,0.5351617481303959,0.5281294159414003,0.5330520353958845,-0.7087950625338171,600028.SS,-0.7189074473803626,0.016384545929441094,-0.016384545929441094,-0.016384545929441094,0.005461176758157995,-0.006801531032718372
2011-11-16,-0.8186693017814539,0.5175808522688435,0.5323487106322965,0.5161743335197939,0.5309423226613732,-0.5862984152923751,600028.SS,-0.008007390747784504,-0.016384545929441094,-0.021846738342566202,-0.09284609881848857,-0.13107535178056165,0.23610436671211138
2011-11-17,-0.8222110832779491,0.5168776146906731,0.5218002777378662,0.5161743335197939,0.5196905650033549,-0.7334122627116249,600028.SS,0.7028926658847936,-0.08738390640536348,-0.08192171399223837,0.0,-0.005461515309813698,-0.28395883508050107
2011-11-18,-0.8647157075984004,0.5084388073453365,0.5147679019561617,0.5077355697671662,0.5147679019561617,-0.7072968789877742,600028.SS,1.4137927225173716,-0.03823060716869589,-0.054615153098136984,-0.06553750661445235,-0.06553784516610868,0.050190429790411974
2011-11-21,-0.843463627321211,0.5126581892216504,0.5133614267998209,0.5084388073453365,0.5091420013307982,-0.7788500680009564,600028.SS,-1.4298075040129405,-0.043692122478509586,-0.010923030619627397,0.005461515309813068,0.032768753307226485,-0.13820665288272604
2011-11-22,-0.843463627321211,0.5126581892216504,0.5147679019561617,0.5070322885962869,0.5091420013307982,-0.7267325859510149,600028.SS,-0.7189074473803626,0.0,0.010923030619627397,-0.010923369171283101,0.0,0.10034698814624153
2011-11-23,-0.8540885080446242,0.5105485200798479,0.5133614267998209,0.5084388073453365,0.5133614267998209,-0.7515549893528823,600028.SS,-0.008007390747784504,0.03276909185888219,-0.010923030619627397,0.010923369171283101,-0.01638420737778539,-0.04806564402515149
2011-11-24,-0.8399213820586432,0.5133614267998209,0.5140646207852826,0.5056258570326547,0.5070322885962869,-0.7608008928113748,600028.SS,0.7028926658847936,-0.04915363778832329,0.005461176758157995,-0.021846061239254793,0.02184572268759909,-0.018019467805383115
2011-11-25,-0.8540885080446242,0.5105485200798479,0.5133614267998209,0.5084388073453365,0.5119549952361888,-0.7092596829830139,600028.SS,1.4137927225173716,0.03823094572035159,-0.005461176758157995,0.021846061239254793,-0.02184572268759909,0.09923539203780171
2011-11-28,-0.8611732304527963,0.5091420013307982,0.5140646207852826,0.5091420013307982,0.5105485200798479,-0.7497084460654984,600028.SS,-1.4298075040129405,-0.010923030619627397,0.005461176758157995,0.005461176758157995,-0.010923369171283101,-0.07820799682225693
2011-11-29,-0.8292946462709396,0.5154711395343322,0.5175808522688435,0.5091420013307982,0.5126581892216504,-0.739851318256179,600028.SS,-0.7189074473803626,0.01638420737778539,0.027307915100724195,0.0,0.04915363778832329,0.018829185351036712
2011-11-30,-0.9107614177662381,0.49929671882912074,0.5147679019561617,0.4985935248436591,0.5140646207852826,-0.6836908556488058,600028.SS,-0.008007390747784504,0.010922692067971694,-0.021846061239254793,-0.08192205254389406,-0.12561451357405937,0.10814566607281613
2011-12-01,-0.8399213820586432,0.5133614267998209,0.5210970401596958,0.5042193818763139,0.5098452825016775,-0.5961108327007143,600028.SS,0.7028926658847936,-0.03276841475557078,0.04915363778832329,0.04369178392685388,0.10922996764461826,0.16875219836034627
2011-12-02,-0.8788830654674178,0.5056258570326547,0.5154711395343322,0.5014064315636321,0.5119549952361888,-0.7353177158966048,600028.SS,1.4137927225173716,0.016384545929441094,-0.043692122478509586,-0.021846061239254793,-0.06007632985629498,-0.2687067539787063
2011-12-05,-0.850546726548129,0.5112517140653096,0.5133614267998209,0.5021096691418026,0.5070322885962869,-0.6842031928665953,600028.SS,-1.4298075040129405,-0.03823094572035159,-0.016384545929441094,0.005461515309813698,0.04369178392685388,0.09841233764300725
2011-12-06,-0.8009594667668324,0.5210970401596958,0.5210970401596958,0.5098452825016775,0.5098452825016775,-0.6277838410118682,600028.SS,-0.7189074473803626,0.021846399790910496,0.06007666840795068,0.06007666840795068,0.07646121433739178,0.10864504860263195
2011-12-07,-0.7797071546066068,0.5253163784433009,0.5267228971923505,0.5203937589888166,0.5225034717233279,-0.6392981854870272,600028.SS,-0.008007390747784504,0.09830659847333516,0.04369178392685388,0.08192205254389406,0.03276841475557078,-0.022395160597646346
2011-12-08,-0.7974169896212279,0.5218002777378662,0.5274260911778123,0.5189873274251845,0.5253163784433009,-0.7822912594811215,600028.SS,0.7028926658847936,0.02184572268759909,0.005461176758157995,-0.010922692067971694,-0.027306899445757083,-0.27601009916780844
2011-12-09,-0.8045017120294002,0.5203937589888166,0.5232066657087896,0.5154711395343322,0.5203937589888166,-0.7707396087169535,600028.SS,1.4137927225173716,-0.03823026861704019,-0.03276909185888219,-0.027307576549068492,-0.010923369171283101,0.022097823074203684
2011-12-12,-0.8647157075984004,0.5084388073453365,0.5189873274251845,0.5084388073453365,0.5189873274251845,-0.7615870579420303,600028.SS,-1.4298075040129405,-0.010922692067971694,-0.03276841475557078,-0.05461481454648128,-0.09284508316352147,0.017470096607555854
2011-12-13,-0.8965933642481119,0.5021096691418026,0.5112517140653096,0.4978902436727799,0.5091420013307982,-0.6566900221250487,600028.SS,-0.7189074473803626,-0.07646121433739178,-0.06007666840795068,-0.08192272964720547,-0.04915363778832329,0.20215572432254206
2011-12-14,-0.9178463720574463,0.4978902436727799,0.5021096691418026,0.49085786789107544,0.5021096691418026,-0.6451922188832615,600028.SS,-0.008007390747784504,-0.05461481454648128,-0.07099936047592238,-0.054615153098136984,-0.03276909185888219,0.02199395428774112
2011-12-15,-0.9178463720574463,0.4978902436727799,0.4978902436727799,0.4978902436727799,0.4978902436727799,-0.8521629883309613,600028.SS,0.7028926658847936,-0.03276909185888219,-0.03276909185888219,0.054615153098136984,0.0,-0.3994194092645408
2011-12-16,-0.875341283970922,0.5063290946108252,0.5119549952361888,0.49156119265466347,0.4936709053891748,-0.5175954366978885,600028.SS,1.4137927225173716,-0.03276841475557078,0.10923030619627397,-0.049152960685011876,0.06553818371776438,0.6451769945553567
2011-12-19,-0.9143038949118423,0.4985935248436591,0.5035161442981434,0.49156119265466347,0.5028129503126818,-0.580657730482523,600028.SS,-1.4298075040129405,0.07099936047592238,-0.06553818371776438,0.0,-0.06007632985629498,-0.12182820231758223
2011-12-20,-0.9001353776276434,0.5014064315636321,0.5105485200798479,0.4957805309382685,0.49648381210914777,-0.5977186865495784,600028.SS,-0.7189074473803626,-0.04915363778832329,0.054615153098136984,0.03276841475557078,0.02184572268759909,-0.03309425666663263
2011-12-21,-0.9072189406206339,0.4999999564072913,0.5077355697671662,0.4971870060946094,0.5049225758617756,-0.7122313966183771,600028.SS,-0.008007390747784504,0.06553750661445297,-0.02184606123925416,0.010923030619627397,-0.010923030619626767,-0.22107310841806546
2011-12-22,-0.935555511422959,0.49437409937463644,0.5021096691418026,0.49156119265466347,0.4971870060946094,-0.5968813013624512,600028.SS,0.7028926658847936,-0.06007632985629498,-0.04369212247851022,-0.04369144537519818,-0.043691783926854515,0.22231907726318867
2011-12-23,-0.9107614177662381,0.49929671882912074,0.5014064315636321,0.49437409937463644,0.4950772933600981,-0.7773334176555088,600028.SS,1.4137927225173716,-0.016384545929441094,-0.005461515309813698,0.02184572268759909,0.03823026861704019,-0.3482664462310075
2011-12-26,-0.8965933642481119,0.5021096691418026,0.5035161442981434,0.49437409937463644,0.4957805309382685,-0.7233086935076278,600028.SS,-1.4298075040129405,0.005461515309813698,0.016384545929441094,0.0,0.021846061239254793,0.10402594891257347
2011-12-27,-0.9213876897878686,0.4971870060946094,0.5028129503126818,0.49437409937463644,0.5014064315636321,-0.7563574317881474,600028.SS,-0.7189074473803626,0.043692122478509586,-0.005461176758157995,0.0,-0.03823060716869589,-0.06393377282849881
2011-12-28,-0.9072189406206339,0.4999999564072913,0.5035161442981434,0.4950772933600981,0.4950772933600981,-0.6295690332808468,600028.SS,-0.008007390747784504,-0.04915363778832329,0.005461176758157995,0.005461176758157995,0.021846061239255424,0.2443829090864684
2011-12-29,-0.9001353776276434,0.5014064315636321,0.5042193818763139,0.4971870060946094,0.49929671882912074,-0.7134318006947076,600028.SS,0.7028926658847936,0.03276909185888219,0.005461515309813698,0.016384545929441094,0.010923030619626767,-0.16195112456522043
2011-12-30,-0.8824255426130215,0.5049225758617756,0.5070322885962869,0.4999999564072913,0.5049225758617756,-0.6317315122621813,600028.SS,1.4137927225173716,0.04369178392685388,0.02184572268759909,0.021846061239255424,0.02730723799741279,0.15741052725179513
2012-01-04,-0.8186693017814539,0.5175808522688435,0.5232066657087896,0.5112517140653096,0.5119549952361888,-0.42565893861922416,600028.SS,-0.008007390747784504,0.05461549164979269,0.12561417502240366,0.08738390640536284,0.09830727557664658,0.39731754178475315
2012-01-05,-0.7974169896212279,0.5218002777378662,0.5281294159414003,0.5133614267998209,0.5147679019561617,-0.46546588569697395,600028.SS,0.7028926658847936,0.02184572268759909,0.038231284272007296,0.016384545929441094,0.03276909185888219,-0.07696997051024657
2012-01-06,-0.7761646774610026,0.526019703206889,0.5309423226613732,0.5168776146906731,0.5274260911778123,-0.5334813067761927,600028.SS,1.4137927225173716,0.09830659847333516,0.02184572268759909,0.027307576549068492,0.03276909185888219,-0.13138250116989386
2012-01-09,-0.6805303162136506,0.5450069870393646,0.5485232185229256,0.5210970401596958,0.5274260911778123,-0.2514185679063041,600028.SS,-1.4298075040129405,0.0,0.13653754419368674,0.03276909185888219,0.14745989771000276,0.5438982180392277
2012-01-10,-0.666362726461597,0.5478199373520464,0.5506328440720193,0.5344584233668079,0.5379746548503689,-0.2583114234612515,600028.SS,-0.7189074473803626,0.08192272964720547,0.01638386882612969,0.10376777523149316,0.021846061239254793,-0.013480573174337252
2012-01-11,-0.6982406149943446,0.5414907991485124,0.55344583797741,0.5386778488358306,0.5478199373520464,-0.534829600535343,600028.SS,-0.008007390747784504,0.07646087578573607,0.021846399790911127,0.03276909185888219,-0.04915363778832329,-0.5335723751276702
2012-01-12,-0.7124084366294342,0.5386778488358306,0.5443037930539029,0.5351617481303959,0.5407875615703419,-0.605512315683151,600028.SS,0.7028926658847936,-0.054615153098136984,-0.070999360475923,-0.027306899445757083,-0.021846061239254793,-0.13652755865431704
2012-01-13,-0.7265767220305971,0.5358649421158576,0.5407875615703419,0.5309423226613732,0.5400843675848802,-0.6016152557619832,600028.SS,1.4137927225173716,-0.005461176758157995,-0.027307915100724195,-0.03276909185888219,-0.02184572268759909,0.007332555767999455
2012-01-16,-0.7549125971838133,0.5302391286759116,0.5358649421158576,0.528832609926862,0.5351617481303959,-0.672189872117313,600028.SS,-1.4298075040129405,-0.03823026861704019,-0.03823026861704019,-0.016384545929440466,-0.04369144537519818,-0.13631904227517203
2012-01-17,-0.6840732571253274,0.5443037930539029,0.5555555507119212,0.526019703206889,0.5295358039123236,-0.38492999946746864,600028.SS,-0.7189074473803626,-0.04369246103016529,0.15292209012312785,-0.02184572268759972,0.10922962909296256,0.5539231914259272
2012-01-18,-0.7407452393147955,0.5330520353958845,0.5450069870393646,0.5316455166468349,0.5436005118830237,-0.4993230821936058,600028.SS,-0.008007390747784504,0.10922996764461826,-0.08192272964720547,0.04369144537519818,-0.08738390640536348,-0.22084235412593456
2012-01-19,-0.7124084366294342,0.5386778488358306,0.5443037930539029,0.5337552293813462,0.5344584233668079,-0.523139389766359,600028.SS,0.7028926658847936,-0.07099969902757808,-0.005461176758157995,0.016384545929441094,0.04369144537519818,-0.046124942796670516
2012-01-20,-0.6840732571253274,0.5443037930539029,0.5450069870393646,0.5365681361013193,0.5386778488358306,-0.5093677601345168,600028.SS,1.4137927225173716,0.03276909185888219,0.005461176758157995,0.02184572268759909,0.04369246103016529,0.02638003515681402
2012-01-30,-0.6982406149943446,0.5414907991485124,0.5513361252428985,0.5379746548503689,0.545710224617535,-0.4688182526794986,600028.SS,-1.4298075040129405,0.054615153098137616,0.04915363778832329,0.010923369171283101,-0.021846399790910496,0.07803302772840734
2012-01-31,-0.6769889984832279,0.545710224617535,0.5464135057884142,0.5407875615703419,0.5421940803193915,-0.6780789114648686,600028.SS,-0.7189074473803626,-0.027307237997413417,-0.03823026861704019,0.02184572268759909,0.03276909185888282,-0.4038364746395304
2012-02-01,-0.666362726461597,0.5478199373520464,0.5576652634464326,0.5428972743048532,0.5450069870393646,-0.506755263948318,600028.SS,-0.008007390747784504,0.02184572268759909,0.08738390640536348,0.016384545929441094,0.016384545929440466,0.33028885359182025
2012-02-02,-0.641569328453985,0.5527425568065307,0.5541490755555804,0.5450069870393646,0.5485232185229256,-0.5514238677225922,600028.SS,0.7028926658847936,0.027307915100724195,-0.027307576549068492,0.016384545929441094,0.03823026861704019,-0.08634782781803775
2012-02-03,-0.6592786997025338,0.5492264125083872,0.552039362821069,0.5428972743048532,0.5513361252428985,-0.46017291463211635,600028.SS,1.4137927225173716,0.02184572268759909,-0.016384545929441094,-0.016384545929441094,-0.02730723799741279,0.17583321234612626
2012-02-06,-0.6699042760750559,0.5471166997738759,0.5506328440720193,0.5436005118830237,0.5492264125083872,-0.6245071177169147,600028.SS,-1.4298075040129405,-0.016384545929441094,-0.010923369171283101,0.005461515309813698,-0.016384545929441094,-0.3171759148336596
2012-02-07,-0.7159513775411114,0.5379746548503689,0.545710224617535,0.5330520353958845,0.5436005118830237,-0.6059401578211219,600028.SS,-0.7189074473803626,-0.043692122478509586,-0.038230268617039556,-0.08192205254389406,-0.07099936047592238,0.03562995257513152
2012-02-08,-0.6699042760750559,0.5471166997738759,0.5485232185229256,0.5337552293813462,0.5421940803193915,-0.2732484553481512,600028.SS,-0.008007390747784504,-0.010922692067971694,0.021846399790909868,0.005461176758157995,0.07099936047592238,0.6415585889680283
2012-02-09,-0.7017833240229856,0.5407875615703419,0.545710224617535,0.5379746548503689,0.5436005118830237,-0.4970179249807467,600028.SS,0.7028926658847936,0.010922692067971694,-0.021846399790909868,0.03276909185888219,-0.04915363778832329,-0.43182313974656783
2012-02-10,-0.708867118899012,0.5393811735994186,0.5421940803193915,0.5365681361013193,0.5386778488358306,-0.6208860286772623,600028.SS,1.4137927225173716,-0.03823060716869589,-0.027307237997413417,-0.010923369171283101,-0.01092235351631599,-0.2391191268795642
2012-02-13,-0.7159513775411114,0.5379746548503689,0.5393811735994186,0.5330520353958845,0.5344584233668079,-0.6133270949855674,600028.SS,-1.4298075040129405,-0.03276909185888219,-0.02184572268759909,-0.027306899445757083,-0.010923369171283101,0.014396100531186022
2012-02-14,-0.7124084366294342,0.5386778488358306,0.5421940803193915,0.5358649421158576,0.5379746548503689,-0.6356879541551983,600028.SS,-0.7189074473803626,0.027307915100724195,0.02184572268759909,0.02184572268759909,0.005461176758157995,-0.043317466190374895
2012-02-15,-0.6911568201183175,0.5428972743048532,0.5450069870393646,0.5358649421158576,0.5379746548503689,-0.6155599316651378,600028.SS,-0.008007390747784504,0.0,0.02184572268759909,0.0,0.03276909185888219,0.0386411529069114
2012-02-16,-0.7194924633884977,0.5372714608649073,0.5443037930539029,0.5344584233668079,0.5436005118830237,-0.6379760297338958,600028.SS,0.7028926658847936,0.04369178392685388,-0.005461176758157995,-0.010923369171283101,-0.04369144537519818,-0.043424018862887485
2012-02-17,-0.7301187354101287,0.5351617481303959,0.5421940803193915,0.5351617481303959,0.5379746548503689,-0.6476822925502996,600028.SS,1.4137927225173716,-0.04369178392685388,-0.016384545929441094,0.0054621924131251064,-0.016384545929441094,-0.01890747463891487
2012-02-20,-0.7336614444387691,0.5344584233668079,0.5414907991485124,0.5337552293813462,0.5400843675848802,-0.5257771916171303,600028.SS,-1.4298075040129405,0.016384545929441094,-0.005461853861469402,-0.010923369171283101,-0.0054621924131251064,0.23496330776529212
2012-02-21,-0.7513712794533907,0.5309423226613732,0.5337552293813462,0.5253163784433009,0.5330520353958845,-0.32068248252064585,600028.SS,-0.7189074473803626,-0.05461481454648128,-0.06007632985629498,-0.06553818371776438,-0.027306899445757083,0.3954312970834924
2012-02-22,-0.7407452393147955,0.5330520353958845,0.5330520353958845,0.5267228971923505,0.528832609926862,-0.49129698754785156,600028.SS,-0.008007390747784504,-0.03276909185888156,-0.005461176758157995,0.010923369171283101,0.016384545929441094,-0.32929025756539654
2012-02-23,-0.7372029940522281,0.5337552293813462,0.5372714608649073,0.5302391286759116,0.5323487106322965,-0.38644162470672105,600028.SS,0.7028926658847936,0.027306899445756455,0.03276909185888219,0.027307915100724195,0.005461176758157995,0.20207533953901716
2012-02-24,-0.7230356361832108,0.5365681361013193,0.5372714608649073,0.5281294159414003,0.5344584233668079,-0.21357839397442294,600028.SS,1.4137927225173716,0.016384545929441094,0.0,-0.016384545929441094,0.02184572268759909,0.33325862143270296
2012-02-27,-0.7017833240229856,0.5407875615703419,0.5478199373520464,0.5365681361013193,0.5379746548503689,-0.003852214071873045,600028.SS,-1.4298075040129405,0.027307915100724195,0.08192205254389406,0.06553716806279727,0.03276909185888219,0.4043651389928836
2012-02-28,-0.6982406149943446,0.5414907991485124,0.5428972743048532,0.5379746548503689,0.5393811735994186,-0.43315997488836605,600028.SS,-0.7189074473803626,0.010923369171283101,-0.03823060716869589,0.010923369171283101,0.005461515309813698,-0.8282947308788272
2012-02-29,-0.7265767220305971,0.5358649421158576,0.5414907991485124,0.5351617481303959,0.5407875615703419,-0.5284056327323812,600028.SS,-0.008007390747784504,0.01092235351631599,-0.010923030619627397,-0.02184572268759909,-0.04369178392685388,-0.18390806823023131
2012-03-01,-0.7442865570452191,0.5323487106322965,0.5365681361013193,0.5316455166468349,0.5344584233668079,-0.5860786150354864,600028.SS,0.7028926658847936,-0.04915363778832329,-0.03823060716869589,-0.027307915100724195,-0.027307915100724195,-0.11143252915185793
2012-03-02,-0.7159513775411114,0.5379746548503689,0.5393811735994186,0.5323487106322965,0.5330520353958845,-0.49845559606133416,600028.SS,1.4137927225173716,-0.01092235351631599,0.021846738342566202,0.005461176758157995,0.04369246103016529,0.16883513523194552
2012-03-05,-0.7442865570452191,0.5323487106322965,0.5400843675848802,0.5316455166468349,0.5393811735994186,-0.6064147974251924,600028.SS,-1.4298075040129405,0.04915363778832329,0.005461176758157995,-0.005461176758157995,-0.04369246103016529,-0.20843176548979261
2012-03-06,-0.7867907175995973,0.5239099904723775,0.5351617481303959,0.5232066657087896,0.5330520353958845,-0.4296655632476565,600028.SS,-0.7189074473803626,-0.04915363778832329,-0.03823026861704019,-0.06553818371776438,-0.06553716806279727,0.34075449950099146
2012-03-07,-0.7938754400077693,0.5225034717233279,0.5281294159414003,0.5203937589888166,0.5210970401596958,-0.5700097913380561,600028.SS,-0.008007390747784504,-0.09284542171517716,-0.05461481454648128,-0.02184572268759909,-0.010923369171283101,-0.27090062713681634
2012-03-08,-0.7726231278475436,0.5267228971923505,0.528832609926862,0.5218002777378662,0.5239099904723775,-0.6414058541629644,600028.SS,0.7028926658847936,0.021846061239254793,0.005461176758158625,0.010923369171283101,0.03276909185888219,-0.13790356546522034
2012-03-09,-0.7549125971838133,0.5302391286759116,0.5316455166468349,0.5267228971923505,0.5274260911778123,-0.5944144835638863,600028.SS,1.4137927225173716,0.027306899445757083,0.02184572268759846,0.03823026861704019,0.027307915100724195,0.09045901276443445
2012-03-12,-0.7761646774610026,0.526019703206889,0.5295358039123236,0.5232066657087896,0.5295358039123236,-0.6333765109009677,600028.SS,-1.4298075040129405,0.016384545929441094,-0.016384545929441094,-0.027307915100724195,-0.03276909185888219,-0.07534016872473834
2012-03-13,-0.7513712794533907,0.5309423226613732,0.5323487106322965,0.5246131844578392,0.5253163784433009,-0.5867456808012637,600028.SS,-0.7189074473803626,-0.03276909185888219,0.02184572268759909,0.010923369171283101,0.03823026861704019,0.08976355079172327
2012-03-14,-0.7655391010884806,0.5281294159414003,0.5400843675848802,0.5267228971923505,0.5323487106322965,-0.12877587579853172,600028.SS,-0.008007390747784504,0.05461481454648128,0.06007700695960639,0.016384545929441094,-0.02184572268759909,0.8832128732277196
2012-03-15,-0.747829266073859,0.5316455166468349,0.5393811735994186,0.5281294159414003,0.5295358039123236,-0.24452947652237567,600028.SS,0.7028926658847936,-0.02184572268759909,-0.005461176758157995,0.010923369171283101,0.027306899445757083,-0.22346671541748714
2012-03-16,-0.7124084366294342,0.5386778488358306,0.5393811735994186,0.5309423226613732,0.5337552293813462,-0.5009302714116135,600028.SS,1.4137927225173716,0.03276909185888219,0.0,0.02184572268759909,0.05461481454648128,-0.49476709715098155
2012-03-19,-0.7194924633884977,0.5372714608649073,0.5386778488358306,0.5295358039123236,0.5386778488358306,-0.5803807347029578,600028.SS,-1.4298075040129405,0.03823026861704019,-0.0054621924131251064,-0.010923369171283101,-0.01092235351631599,-0.15344004263524388
2012-03-20,-0.7336614444387691,0.5344584233668079,0.5428972743048532,0.5309423226613732,0.5414907991485124,-0.46245082197986015,600028.SS,-0.7189074473803626,0.021846061239254793,0.03276909185888219,0.010923369171283101,-0.021846738342566202,0.22729539739385102
2012-03-21,-0.7619968558259123,0.528832609926862,0.5351617481303959,0.5267228971923505,0.5330520353958845,-0.6413804801718552,600028.SS,-0.008007390747784504,-0.06553750661445297,-0.060075991304639274,-0.03276909185888219,-0.04369144537519755,-0.3453297117554815
2012-03-22,-0.7867907175995973,0.5239099904723775,0.5281294159414003,0.5225034717233279,0.5274260911778123,-0.7070237964553078,600028.SS,0.7028926658847936,-0.04369246103016529,-0.05461481454648128,-0.03276909185888219,-0.03823026861704082,-0.12680684688527005
2012-03-23,-0.7938754400077693,0.5225034717233279,0.5267228971923505,0.5203937589888166,0.5239099904723775,-0.6914055986900682,600028.SS,1.4137927225173716,-0.027306899445757083,-0.010923369171283101,-0.016384545929441094,-0.010923369171283101,0.029941959320750486
2012-03-26,-0.7903338903943103,0.5232066657087896,0.526019703206889,0.5218002777378662,0.5225034717233279,-0.7679148033468838,600028.SS,-1.4298075040129405,-0.010923369171283101,-0.005461176758157995,0.010923369171283101,0.005461176758157995,-0.14776652319491831
2012-03-27,-0.7867907175995973,0.5239099904723775,0.5281294159414003,0.5225034717233279,0.526019703206889,-0.6945578186122451,600028.SS,-0.7189074473803626,0.027307915100724195,0.016384545929441094,0.005461176758157995,0.0054621924131251064,0.14131677229573394
2012-03-28,-0.8576312170732647,0.5098452825016775,0.526019703206889,0.5084388073453365,0.5239099904723775,-0.6151749116311342,600028.SS,-0.008007390747784504,-0.016384545929441094,-0.016384545929441094,-0.10922962909296256,-0.10922996764461826,0.15294043116404932
2012-03-29,-0.9001353776276434,0.5014064315636321,0.5105485200798479,0.5007032375781705,0.5084388073453365,-0.578608673552022,600028.SS,0.7028926658847936,-0.12015299826424566,-0.12015299826424566,-0.06007632985629498,-0.06553818371776438,0.07034952925093467
2012-03-30,-0.8788830654674178,0.5056258570326547,0.5063290946108252,0.5021096691418026,0.5028129503126818,-0.7077066145935337,600028.SS,1.4137927225173716,-0.04369178392685388,-0.03276909185888219,0.010922692067971694,0.03276909185888219,-0.24920718357007338
2012-04-05,-0.875341283970922,0.5063290946108252,0.5077355697671662,0.5007032375781705,0.5042193818763139,-0.5542729662821915,600028.SS,0.7028926658847936,0.010922692067971694,0.010923030619628028,-0.010922692067971694,0.005461515309813698,0.29578006980565097
2012-04-06,-0.8824255426130215,0.5049225758617756,0.5070322885962869,0.5014064315636321,0.5070322885962869,-0.5477701993479661,600028.SS,1.4137927225173716,0.02184572268759909,-0.0054618538614700325,0.005461176758157995,-0.010923369171283101,0.012358815349806816
2012-04-09,-0.8965933642481119,0.5021096691418026,0.5049225758617756,0.5014064315636321,0.5042193818763139,-0.7133387896438216,600028.SS,-1.4298075040129405,-0.02184572268759909,-0.016384545929441094,0.0,-0.02184572268759909,-0.31955697706212427
2012-04-10,-0.8859677878755897,0.5042193818763139,0.5049225758617756,0.4978902436727799,0.5021096691418026,-0.6821438186290606,600028.SS,-0.7189074473803626,-0.016384545929441094,0.0,-0.027307576549068492,0.016384545929441094,0.059988662732421545
2012-04-11,-0.8859677878755897,0.5042193818763139,0.5056258570326547,0.4985935248436591,0.5014064315636321,-0.6978281999622972,600028.SS,-0.008007390747784504,-0.005461515309813698,0.005461853861469402,0.005461853861469402,0.0,-0.030438922850797464
2012-04-12,-0.850546726548129,0.5112517140653096,0.5133614267998209,0.5028129503126818,0.5042193818763139,-0.5479618552832598,600028.SS,0.7028926658847936,0.021846061239254793,0.06007632985629498,0.03276909185888219,0.05461481454648128,0.2888989454224266
2012-04-13,-0.850546726548129,0.5112517140653096,0.5133614267998209,0.5091420013307982,0.5112517140653096,-0.6997030055898394,600028.SS,1.4137927225173716,0.05461481454648128,0.0,0.049152960685011876,0.0,-0.29288463731337633
2012-04-16,-0.850546726548129,0.5112517140653096,0.5126581892216504,0.5077355697671662,0.5091420013307982,-0.7428018071846584,600028.SS,-1.4298075040129405,-0.016384545929441094,-0.005461515309813698,-0.010922692067971062,0.0,-0.08331976932700619
2012-04-17,-0.8647157075984004,0.5084388073453365,0.5126581892216504,0.5070322885962869,0.5112517140653096,-0.7261900856730477,600028.SS,-0.7189074473803626,0.016384545929441094,0.0,-0.0054618538614700325,-0.02184572268759909,0.03185840972170807
2012-04-18,-0.843463627321211,0.5126581892216504,0.5140646207852826,0.5056258570326547,0.5105485200798479,-0.5782554129345524,600028.SS,-0.008007390747784504,-0.005461176758157995,0.010922692067971694,-0.010922692067971694,0.032768753307226485,0.28517286088897537
2012-04-19,-0.8647157075984004,0.5084388073453365,0.5126581892216504,0.5056258570326547,0.5119549952361888,-0.552898981745262,600028.SS,0.7028926658847936,0.010923030619627397,-0.010922692067971694,0.0,-0.032768753307226485,0.04872645382156564
2012-04-20,-0.8222110832779491,0.5168776146906731,0.5175808522688435,0.5063290946108252,0.5084388073453365,-0.4070456222740684,600028.SS,1.4137927225173716,-0.027307576549068492,0.03823060716869589,0.005461515309813698,0.06553784516610868,0.2811581268071714
2012-04-23,-0.850546726548129,0.5112517140653096,0.5154711395343322,0.5105485200798479,0.5147679019561617,-0.6279103444887177,600028.SS,-1.4298075040129405,0.04915329923666758,-0.016384545929441094,0.03276909185888219,-0.043692122478509586,-0.42622004835178695
2012-04-24,-0.843463627321211,0.5126581892216504,0.5175808522688435,0.5056258570326547,0.5098452825016775,-0.39704028178375583,600028.SS,-0.7189074473803626,-0.03823026861704019,0.016384545929441094,-0.03823060716869589,0.010923030619627397,0.4451504778662421
2012-04-25,-0.84700517693467,0.5119549952361888,0.5147679019561617,0.5077355697671662,0.5105485200798479,-0.5152610729963646,600028.SS,-0.008007390747784504,0.005461515309813698,-0.021846061239254793,0.016384545929441725,-0.005461176758157995,-0.22822578455770778
2012-04-26,-0.84700517693467,0.5119549952361888,0.5140646207852826,0.5084388073453365,0.5126581892216504,-0.635809028778136,600028.SS,0.7028926658847936,0.01638420737778539,-0.005461853861469402,0.005461515309813068,0.0,-0.2327147517192428
2012-04-27,-0.8824255426130215,0.5049225758617756,0.5098452825016775,0.5042193818763139,0.5070322885962869,-0.5406501145781455,600028.SS,1.4137927225173716,-0.043692122478509586,-0.03276841475557078,-0.03276909185888219,-0.05461549164979269,0.18337144549114165
2012-05-02,-0.8257537923065896,0.5161743335197939,0.5175808522688435,0.5091420013307982,0.5098452825016775,-0.38530047216066976,600028.SS,-0.008007390747784504,0.021846399790910496,0.06007632985629498,0.03823026861704019,0.08738390640536348,0.2994759126945029
2012-05-03,-0.8292946462709396,0.5154711395343322,0.5161743335197939,0.5126581892216504,0.5154711395343322,-0.7004937858674704,600028.SS,0.7028926658847936,0.04369178392685388,-0.010923369171283101,0.027307576549068492,-0.005461176758157995,-0.6081744985067566
2012-05-04,-0.850546726548129,0.5112517140653096,0.5161743335197939,0.5098452825016775,0.5147679019561617,-0.5251220829952663,600028.SS,1.4137927225173716,-0.005461515309813698,0.0,-0.02184572268759909,-0.03276909185888219,0.33809732051349695
2012-05-07,-0.843463627321211,0.5126581892216504,0.5140646207852826,0.5091420013307982,0.5112517140653096,-0.4967010886188132,600028.SS,-1.4298075040129405,-0.027307576549068492,-0.016384545929441094,-0.005461853861469402,0.010923030619627397,0.054637820681440005
2012-05-08,-0.8576312170732647,0.5098452825016775,0.5133614267998209,0.5056258570326547,0.5126581892216504,-0.5090426873191657,600028.SS,-0.7189074473803626,0.010923030619627397,-0.005461176758157995,-0.02730723799741279,-0.02184572268759909,-0.023990886615626657
2012-05-09,-0.9072189406206339,0.4999999564072913,0.5077355697671662,0.4999999564072913,0.5063290946108252,-0.4449996344275061,600028.SS,-0.008007390747784504,-0.04915329923666758,-0.04369178392685325,-0.043692122478508955,-0.07646121433739114,0.12335073124219893
2012-05-10,-0.9036769272411024,0.5007032375781705,0.5021096691418026,0.49929671882912074,0.4999999564072913,-0.5853830136234042,600028.SS,0.7028926658847936,-0.04915363778832266,-0.04369212247851022,-0.005461515309814329,0.005461853861468771,-0.2709761473768756
2012-05-11,-0.9036769272411024,0.5007032375781705,0.5007032375781705,0.5007032375781705,0.5007032375781705,-0.8521629883309613,600028.SS,1.4137927225173716,0.005461853861468771,-0.010922692067971694,0.010923369171283101,0.0,-0.5147879405350257
2012-05-14,-0.9320137299264637,0.4950772933600981,0.5028129503126818,0.49437409937463644,0.5014064315636321,-0.439207121841722,600028.SS,-1.4298075040129405,0.005461176758157995,0.016384545929441094,-0.04915363778832329,-0.04369246103016529,0.7963835640864537
2012-05-15,-0.9461815515615536,0.4922643866401251,0.4957805309382685,0.4922643866401251,0.4936709053891748,-0.6679306318598914,600028.SS,-0.7189074473803626,-0.060075991304639274,-0.05461549164979269,-0.016384545929441094,-0.02184572268759909,-0.4413791998990998
2012-05-16,-0.9674338637217793,0.4880449611711024,0.49437409937463644,0.4859352484365911,0.4922643866401251,-0.5499935759079626,600028.SS,-0.008007390747784504,-0.010923369171283101,-0.010922692067971694,-0.04915363778832329,-0.03276909185888219,0.22730917627312566
2012-05-17,-0.935555511422959,0.49437409937463644,0.4957805309382685,0.48663844242205273,0.4880449611711024,-0.6834848573523197,600028.SS,0.7028926658847936,-0.03276909185888219,0.010922692067971694,0.005461176758157995,0.04915363778832329,-0.25768168557098425
2012-05-18,-0.9745181223638787,0.48663844242205273,0.4922643866401251,0.48523205445112944,0.4922643866401251,-0.6527173682083364,600028.SS,1.4137927225173716,0.03276909185888219,-0.02730723799741279,-0.01092235351631599,-0.06007700695960639,0.059164074688455644
2012-05-21,-0.9532660420866893,0.49085786789107544,0.4922643866401251,0.4845288604656678,0.48734176718564076,-0.6436533996824237,600028.SS,-1.4298075040129405,-0.03823026861704019,0.0,-0.005461176758157995,0.03276909185888219,0.01729922652291602
2012-05-22,-0.9426402338311305,0.49296758062558677,0.4950772933600981,0.49085786789107544,0.4922643866401251,-0.663224492572278,600028.SS,-0.7189074473803626,0.03823026861704019,0.02184572268759909,0.04915262213335617,0.016384545929441094,-0.0379361668253793
2012-05-23,-0.9497237968241214,0.49156119265466347,0.49437409937463644,0.4894514799201521,0.49296758062558677,-0.6790018104183607,600028.SS,-0.008007390747784504,0.005461176758157995,-0.005461176758157995,-0.01092235351631599,-0.01092235351631599,-0.030618192060977757
2012-05-24,-0.9603500688457525,0.4894514799201521,0.49296758062558677,0.4859352484365911,0.4922643866401251,-0.6877632041939888,600028.SS,0.7028926658847936,-0.005461176758157995,-0.010923369171283101,-0.027307915100724195,-0.016384545929441094,-0.017084876378268887
2012-05-25,-0.9497237968241214,0.49156119265466347,0.4922643866401251,0.4880449611711024,0.4894514799201521,-0.7271910197428935,600028.SS,1.4137927225173716,-0.02184572268759909,-0.005461176758157995,0.016384545929441094,0.016384545929441094,-0.07623864750651883
2012-05-28,-0.9533701575699894,0.4767932035130841,0.4789029162475954,0.4718705840585998,0.4789029162475954,-0.5999920905574069,600028.SS,-1.4298075040129405,-0.08192272964720547,-0.10376845233480457,-0.12561417502240366,-0.11469182150608767,0.24517479925083385
2012-05-29,-0.9497240287071578,0.4774963974985457,0.4774963974985457,0.4732770592149407,0.4767932035130841,-0.42852944201930376,600028.SS,-0.7189074473803626,-0.016384545929441094,-0.010923369171283101,0.010923030619627397,0.005461176758157995,0.3305569786008708
2012-05-30,-0.9570165183158574,0.4760900095276224,0.47819972226213375,0.4732770592149407,0.475386771949452,-0.6236593406847138,600028.SS,-0.008007390747784504,-0.010922692067971694,0.0054621924131251064,0.0,-0.01092235351631599,-0.3765790477318783
2012-05-31,-0.9898335331456332,0.46976087132408845,0.4739802967931111,0.46835435257503877,0.4739802967931111,-0.6317632716787153,600028.SS,0.7028926658847936,-0.010923030619627397,-0.03276909185888219,-0.03823094572035159,-0.04915363778832329,-0.015816668329829964
2012-06-01,-0.9825412754199698,0.4711673464804293,0.4725737780440614,0.46976087132408845,0.46976087132408845,-0.6780072555624364,600028.SS,1.4137927225173716,-0.03276909185888219,-0.010923369171283101,0.010923369171283101,0.010923030619627397,-0.08938664581653769
2012-06-04,-1.0591136916680164,0.45639940093155873,0.46905763374591797,0.4556961633533883,0.46905763374591797,-0.50285870715892,600028.SS,-1.4298075040129405,-0.005461515309813698,-0.02730723799741279,-0.10922996764461826,-0.11469148295443196,0.3376668683249568
2012-06-05,-1.0554673309221483,0.457102682102438,0.45991558882241096,0.45499296936792666,0.4585091136660701,-0.7016490944296141,600028.SS,-0.7189074473803626,-0.08192239109554977,-0.07099936047592238,-0.005461176758157995,0.005461853861469402,-0.383639920590649
2012-06-06,-1.0554673309221483,0.457102682102438,0.45921230765153176,0.4556961633533883,0.45780587608789963,-0.71573750451986,600028.SS,-0.008007390747784504,-0.005461515309813698,-0.005461853861469402,0.005461176758157995,0.0,-0.027360385735084074
2012-06-07,-1.0627600524138843,0.4556961633533883,0.4620253015569224,0.45499296936792666,0.45991558882241096,-0.700267022515347,600028.SS,0.7028926658847936,0.016384545929441094,0.021846399790911127,-0.005461176758157995,-0.010923369171283101,0.029657024078984844
2012-06-08,-1.0736995984175606,0.453586450618877,0.45921230765153176,0.453586450618877,0.45921230765153176,-0.7384545437135261,600028.SS,1.4137927225173716,-0.005461853861469402,-0.021846399790911127,-0.010923369171283101,-0.016384545929441094,-0.07384619074397572
2012-06-11,-1.0481746094304119,0.4585091136660701,0.4620253015569224,0.4542896881970475,0.45499296936792666,-0.62726747873992,600028.SS,-1.4298075040129405,-0.03276841475557078,0.021846399790911127,0.005461515309814329,0.03823060716869589,0.21428883029336085
2012-06-12,-1.0627600524138843,0.4556961633533883,0.45780587608789963,0.453586450618877,0.457102682102438,-0.7195047999249292,600028.SS,-0.7189074473803626,0.016384545929441094,-0.03276909185888282,-0.005461515309814329,-0.021846061239254793,-0.1781051591226997
2012-06-13,-1.070053237671693,0.4542896881970475,0.457102682102438,0.44936702514985427,0.45639940093155873,-0.5135481577801514,600028.SS,-0.008007390747784504,-0.005461853861469402,-0.005461176758157995,-0.03276909185888219,-0.010923030619626767,0.39709391656494264
2012-06-14,-1.0882841138688877,0.45077354389890395,0.453586450618877,0.45007026272802475,0.45288325663341533,-0.6734707772768197,600028.SS,0.7028926658847936,-0.02730723799741279,-0.027307915100724195,0.005461515309813698,-0.027307237997413417,-0.3086662227732447
2012-06-15,-1.0591136916680164,0.45639940093155873,0.457102682102438,0.44936702514985427,0.45147673788436565,-0.6010943963616229,600028.SS,1.4137927225173716,-0.010923369171283101,0.027307915100724195,-0.005461515309813698,0.04369178392685388,0.13942524369381223
2012-06-18,-1.0664066450427887,0.45499296936792666,0.45780587608789963,0.45288325663341533,0.45639940093155873,-0.674285565014827,600028.SS,-1.4298075040129405,0.03823060716869589,0.005461176758157995,0.027307915100724195,-0.010922692067971694,-0.14136622179020855
2012-06-19,-1.0846389125382017,0.45147673788436565,0.4542896881970475,0.447960637178931,0.4542896881970475,-0.6232110502777756,600028.SS,-0.7189074473803626,-0.016384545929440466,-0.02730757654906786,-0.03823026861704019,-0.027307915100724195,0.09833516393743505
2012-06-20,-1.0773454953973562,0.45288325663341533,0.45288325663341533,0.45077354389890395,0.4521799754625361,-0.7300562619996512,600028.SS,-0.008007390747784504,-0.016384545929441725,-0.010922692067972323,0.02184572268759909,0.010923369171283101,-0.20628294327609364
2012-06-21,-1.0919309383808284,0.45007026272802475,0.45288325663341533,0.4486638311643926,0.45147673788436565,-0.5253536726854782,600028.SS,0.7028926658847936,-0.005461515309813698,0.0,-0.016384545929441094,-0.021846399790910496,0.3946749204827531
2012-06-25,-1.102869788735396,0.447960637178931,0.45077354389890395,0.447960637178931,0.44936702514985427,-0.6402188234533066,600028.SS,-1.4298075040129405,-0.016384545929441094,-0.016384545929441094,-0.005461176758157995,-0.01638386882612969,-0.2217529463398426
2012-06-26,-1.113808870973,0.44585092444441965,0.4486638311643926,0.4437412117099083,0.44725731241534294,-0.6478528169512595,600028.SS,-0.7189074473803626,-0.016384545929441094,-0.016384545929441094,-0.03276909185888219,-0.016384545929441094,-0.014910185816436024
2012-06-27,-1.113808870973,0.44585092444441965,0.4486638311643926,0.44444440569536997,0.44585092444441965,-0.7395130956882751,600028.SS,-0.008007390747784504,-0.01092235351631599,0.0,0.005461176758157995,0.0,-0.17699207729162506
2012-06-28,-1.1320404428193038,0.44233469296085864,0.447960637178931,0.441631498975397,0.4465541184298813,-0.749637088315226,600028.SS,0.7028926658847936,0.005461176758157995,-0.005461176758157995,-0.02184572268759909,-0.027307915100724195,-0.019713251517262335
2012-06-29,-1.128395009605581,0.4430378869463203,0.4437412117099083,0.43530236077186296,0.44092817421180897,-0.6704105435074792,600028.SS,1.4137927225173716,-0.04369246103016529,-0.03276909185888219,-0.04915363778832329,0.005461176758157995,0.1526388174875443
2012-07-02,-1.1466265814518846,0.4395217862408856,0.44725731241534294,0.43881859225542397,0.44585092444441965,-0.7032429227039557,600028.SS,-1.4298075040129405,0.038231284272007296,0.027306899445757083,0.027307915100724195,-0.027306899445757083,-0.06351642854772085
2012-07-03,-1.1393340918431845,0.44092817421180897,0.44444440569536997,0.43811526749183594,0.4395217862408856,-0.7265090898496439,600028.SS,-0.7189074473803626,-0.04915363778832329,-0.02184572268759909,-0.0054621924131251064,0.01092235351631599,-0.045063753423107616
2012-07-04,-1.1429802207060167,0.4402249802263473,0.44444440569536997,0.43881859225542397,0.44233469296085864,-0.7139367710695459,600028.SS,-0.008007390747784504,0.02184572268759909,0.0,0.0054621924131251064,-0.005461176758157995,0.02406663321640495
2012-07-05,-1.197674472478855,0.4296765037392082,0.4402249802263473,0.428973222568329,0.4395217862408856,-0.6113288978443447,600028.SS,0.7028926658847936,-0.02184572268759909,-0.03276909185888219,-0.07646155288904748,-0.08192205254389406,0.19774006079874817
2012-07-06,-1.208613786599496,0.42756679100469686,0.43037974131737866,0.4219408903793333,0.428973222568329,-0.5534976402248494,600028.SS,1.4137927225173716,-0.08192272964720547,-0.07646053723408038,-0.05461481454648128,-0.016384545929441094,0.11136853395352295
2012-07-09,-1.3107116556007632,0.40787618240863316,0.42616031584835595,0.40646970725229226,0.42616031584835595,-0.3787624114645148,600028.SS,-1.4298075040129405,-0.02184572268759909,-0.03276909185888219,-0.12015299826424566,-0.15292209012312785,0.33686959840685715
2012-07-10,-1.2961257488512186,0.41068913272131496,0.4127988454558263,0.40435999451778093,0.4085794199868037,-0.523185913926312,600028.SS,-0.7189074473803626,-0.13653754419368613,-0.10376845233480457,-0.016384545929441094,0.021846061239254793,-0.2787693137517403
2012-07-11,-1.3034187022259909,0.40928270115768284,0.41068913272131496,0.4071729884231715,0.40928270115768284,-0.6615595984883207,600028.SS,-0.008007390747784504,0.005461853861468771,-0.016384545929441094,0.021846399790910496,-0.010922692067971694,-0.26709956153684267
2012-07-12,-1.292479619988387,0.41139241389219416,0.41701827092484894,0.40576646967412183,0.4099858951431445,-0.3552471630352331,600028.SS,0.7028926658847936,0.005461176758157995,0.04915363778832329,-0.010923369171283101,0.016384545929441094,0.590674493804863
2012-07-13,-1.2560167081788163,0.41842474608118985,0.4212376528011628,0.41139241389219416,0.41209560787765587,-0.5164387119129852,600028.SS,1.4137927225173716,0.016384545929441094,0.032768753307226485,0.04369246103016529,0.05461481454648128,-0.3111139148692279
2012-07-16,-1.2706019192792515,0.41561175217579926,0.4219408903793333,0.41561175217579926,0.41912798365936027,-0.6581201275945784,600028.SS,-1.4298075040129405,0.054615153098136984,0.005461515309813698,0.03276841475557078,-0.021846399790910496,-0.27347998541049445
2012-07-17,-1.2596628370416474,0.4177214649103106,0.41912798365936027,0.41561175217579926,0.41561175217579926,-0.7297085917351801,600028.SS,-0.7189074473803626,-0.027307915100724195,-0.02184572268759909,0.0,0.016384545929441094,-0.13827469658307454
2012-07-18,-1.2414308014292712,0.4212376528011628,0.4219408903793333,0.41561175217579926,0.4177214649103106,-0.7177711134415755,600028.SS,-0.008007390747784504,0.016384545929441094,0.02184572268759909,0.0,0.027307576549068492,0.022842062279547142
2012-07-19,-1.1940285754990603,0.43037974131737866,0.43248945405189,0.4212376528011628,0.4219408903793333,-0.5459498934506545,600028.SS,0.7028926658847936,0.03276909185888219,0.08192272964720547,0.043692122478509586,0.07099969902757808,0.33124864239555585
2012-07-20,-1.208613786599496,0.42756679100469686,0.43178612928830196,0.42616031584835595,0.4310829353028403,-0.659772269462196,600028.SS,1.4137927225173716,0.07099936047592238,-0.0054621924131251064,0.03823060716869589,-0.021846061239254793,-0.21974149356169484
2012-07-23,-1.2304919510747034,0.4233473655356742,0.4268635098338176,0.4219408903793333,0.4247537970993063,-0.7365013116449203,600028.SS,-1.4298075040129405,-0.04915363778832329,-0.03823026861704019,-0.03276909185888219,-0.03276909185888219,-0.14819057719082132
2012-07-24,-1.212260611111436,0.4268635098338176,0.4296765037392082,0.4205344588157012,0.4219408903793333,-0.7093057909722437,600028.SS,-0.7189074473803626,-0.02184572268759909,0.021846399790910496,-0.010922692067971694,0.02730723799741279,0.05227395209798326
2012-07-25,-1.2195531007201357,0.42545707827018553,0.4296765037392082,0.42545707827018553,0.42545707827018553,-0.6949774491428118,600028.SS,-0.008007390747784504,0.027307576549068492,0.0,0.03823026861704019,-0.010922692067971694,0.027453901099309595
2012-07-26,-1.212260611111436,0.4268635098338176,0.4282700285828673,0.42545707827018553,0.42545707827018553,-0.7423811579675453,600028.SS,0.7028926658847936,0.0,-0.010923030619627397,0.0,0.010922692067971694,-0.09162368880249688
2012-07-27,-1.197674472478855,0.4296765037392082,0.4310829353028403,0.4268635098338176,0.42756679100469686,-0.6859998702052338,600028.SS,1.4137927225173716,0.016384545929441094,0.02184572268759909,0.010922692067971694,0.021846399790910496,0.10857162514854929
2012-07-30,-1.2013215288738321,0.428973222568329,0.4338958420228133,0.4282700285828673,0.4310829353028403,-0.7278570543991176,600028.SS,-1.4298075040129405,0.02730723799741279,0.02184572268759909,0.010923369171283101,-0.005461853861469402,-0.08092476047638873
2012-07-31,-1.2195531007201357,0.42545707827018553,0.4310829353028403,0.4240506031138446,0.428973222568329,-0.752448706663723,600028.SS,-0.7189074473803626,-0.016384545929441094,-0.02184572268759909,-0.03276909185888219,-0.02730723799741279,-0.04762053829804364
2012-08-01,-1.2231994614660038,0.4247537970993063,0.4296765037392082,0.42264408436479495,0.42545707827018553,-0.7115052967249372,600028.SS,-0.008007390747784504,-0.02730723799741279,-0.010922692067971694,-0.010923369171283101,-0.005461853861469402,0.07879284305814822
2012-08-02,-1.2560167081788163,0.41842474608118985,0.42545707827018553,0.41701827092484894,0.4247537970993063,-0.7260562029302403,600028.SS,0.7028926658847936,-0.005461853861469402,-0.03276909185888219,-0.04369144537519818,-0.049152960685011876,-0.028252514250764076
2012-08-03,-1.208613786599496,0.42756679100469686,0.42756679100469686,0.41842474608118985,0.41912798365936027,-0.6871706391991697,600028.SS,1.4137927225173716,-0.04369144537519818,0.016384545929441094,0.010923030619627397,0.07099936047592238,0.07482337559017002
2012-08-06,-1.2013215288738321,0.428973222568329,0.4310829353028403,0.4268635098338176,0.4282700285828673,-0.7421424002024889,600028.SS,-1.4298075040129405,0.07099936047592238,0.02730723799741279,0.06553750661445297,0.010922692067971694,-0.10622202798169726
2012-08-07,-1.1940285754990603,0.43037974131737866,0.4338958420228133,0.4282700285828673,0.4282700285828673,-0.6693381460918044,600028.SS,-0.7189074473803626,0.0,0.02184572268759909,0.010923369171283101,0.010923369171283101,0.1402505865807297
2012-08-08,-1.2013215288738321,0.428973222568329,0.43530236077186296,0.42756679100469686,0.4310829353028403,-0.6900036126961203,600028.SS,-0.008007390747784504,0.02184572268759909,0.010923369171283101,-0.005461515309813698,-0.010923369171283101,-0.04004715103842667
2012-08-09,-1.1830894932614557,0.43248945405189,0.4338958420228133,0.4282700285828673,0.428973222568329,-0.7334345495855783,600028.SS,0.7028926658847936,-0.016384545929441094,-0.010923369171283101,0.005461515309813698,0.027307915100724195,-0.08396043928674088
2012-08-10,-1.1903822147531917,0.4310829353028403,0.4345991667864013,0.428973222568329,0.4338958420228133,-0.7095896753090035,600028.SS,1.4137927225173716,0.03823026861704019,0.0054621924131251064,0.005461176758157995,-0.010923369171283101,0.045810747113976175
2012-08-13,-1.1940285754990603,0.43037974131737866,0.4338958420228133,0.4296765037392082,0.4296765037392082,-0.7359028581449428,600028.SS,-1.4298075040129405,-0.03276841475557078,-0.0054621924131251064,0.005461853861469402,-0.005461176758157995,-0.05094127216650294
2012-08-14,-1.1685040502779838,0.43530236077186296,0.4360055547573246,0.4296765037392082,0.43037974131737866,-0.6538698319019542,600028.SS,-0.7189074473803626,0.005461515309813698,0.016384545929441094,0.0,0.03823026861704019,0.15805235943004256
2012-08-15,-1.1903822147531917,0.4310829353028403,0.4360055547573246,0.4296765037392082,0.43530236077186296,-0.7517467695182426,600028.SS,-0.008007390747784504,0.03823026861704019,0.0,0.0,-0.03276909185888219,-0.18898365619984195
2012-08-16,-1.1903822147531917,0.4310829353028403,0.4345991667864013,0.43037974131737866,0.43037974131737866,-0.771826541050424,600028.SS,0.7028926658847936,-0.03823026861704019,-0.01092235351631599,0.005461515309813698,0.0,-0.03891737879097846
2012-08-17,-1.1685040502779838,0.43530236077186296,0.43811526749183594,0.4310829353028403,0.4310829353028403,-0.6401231228214781,600028.SS,1.4137927225173716,0.005461176758157995,0.027306899445757083,0.005461176758157995,0.03276909185888219,0.2538637006132583
2012-08-20,-1.1940285754990603,0.43037974131737866,0.4360055547573246,0.428973222568329,0.43319264803735164,-0.7653243890550285,600028.SS,-1.4298075040129405,0.016384545929441094,-0.016384545929441094,-0.016384545929441094,-0.03823026861704019,-0.24169072105431194
2012-08-21,-1.1830894932614557,0.43248945405189,0.43530236077186296,0.4296765037392082,0.43037974131737866,-0.7268652388161625,600028.SS,-0.7189074473803626,-0.02184572268759909,-0.005461176758157995,0.005461853861469402,0.016384545929441094,0.07400084838727825
2012-08-22,-1.2159065080912315,0.42616031584835595,0.4345991667864013,0.4240506031138446,0.43319264803735164,-0.7527408088193904,600028.SS,-0.008007390747784504,0.02184572268759909,-0.005461176758157995,-0.043692122478509586,-0.04915363778832329,-0.05009714207723534
2012-08-23,-1.212260611111436,0.4268635098338176,0.4310829353028403,0.42264408436479495,0.42616031584835595,-0.7210154748041719,600028.SS,0.7028926658847936,-0.05461481454648128,-0.027307915100724195,-0.010923369171283101,0.005461176758157995,0.061011702582844884
2012-08-24,-1.2304919510747034,0.4233473655356742,0.42756679100469686,0.4219408903793333,0.42545707827018553,-0.7280945636520045,600028.SS,1.4137927225173716,-0.005461515309813698,-0.02730723799741279,-0.005461176758157995,-0.02730723799741279,-0.013839806529478643
2012-08-27,-1.2706019192792515,0.41561175217579926,0.4233473655356742,0.41561175217579926,0.4219408903793333,-0.69947447817077,600028.SS,-1.4298075040129405,-0.027307576549068492,-0.03276909185888219,-0.04915363778832329,-0.06007666840795068,0.05502185601927577
2012-08-28,-1.1539188391775481,0.43811526749183594,0.4437412117099083,0.4163150333466786,0.4163150333466786,-0.4363289969270546,600028.SS,-0.7189074473803626,-0.04369178392685325,0.15838360543294155,0.0054618538614700325,0.17476781281072695,0.5074079115970219
2012-08-29,-1.2231994614660038,0.4247537970993063,0.4345991667864013,0.4240506031138446,0.4345991667864013,-0.6101925033098454,600028.SS,-0.008007390747784504,0.14199905950349984,-0.07099936047592238,0.060076329856294346,-0.10376845233480457,-0.3355573950881424
2012-08-30,-1.208613786599496,0.42756679100469686,0.428973222568329,0.42264408436479495,0.42264408436479495,-0.6999660068523988,600028.SS,0.7028926658847936,-0.09284609881848857,-0.04369246103016529,-0.010923369171283101,0.021846399790910496,-0.17335259600982353
2012-08-31,-1.2231994614660038,0.4247537970993063,0.43037974131737866,0.4233473655356742,0.42545707827018553,-0.7419127919818397,600028.SS,1.4137927225173716,0.021846399790910496,0.010923369171283101,0.005461853861469402,-0.021846399790910496,-0.08109759554902947
2012-09-03,-1.2195531007201357,0.42545707827018553,0.4282700285828673,0.4212376528011628,0.42616031584835595,-0.6110176518354096,600028.SS,-1.4298075040129405,0.005461515309813698,-0.016384545929441094,-0.016384545929441094,0.005461853861469402,0.25230457848761195
2012-09-04,-1.197674472478855,0.4296765037392082,0.43319264803735164,0.4240506031138446,0.4240506031138446,-0.6222757842211505,600028.SS,-0.7189074473803626,-0.016384545929441094,0.03823026861704019,0.021846061239254793,0.03276909185888219,-0.021900942152149976
2012-09-05,-1.2195531007201357,0.42545707827018553,0.428973222568329,0.4240506031138446,0.428973222568329,-0.7487448928227016,600028.SS,-0.008007390747784504,0.03823026861704019,-0.03276909185888219,0.0,-0.03276909185888219,-0.2441363163643186
2012-09-06,-1.2304919510747034,0.4233473655356742,0.42756679100469686,0.4212376528011628,0.42545707827018553,-0.7040034405373555,600028.SS,0.7028926658847936,-0.02730723799741279,-0.010922692067971694,-0.021846061239254793,-0.016384545929441094,0.0861190492052121
2012-09-07,-1.1721501791408155,0.4345991667864013,0.43881859225542397,0.4219408903793333,0.42545707827018553,-0.36083204991065826,600028.SS,1.4137927225173716,0.0,0.08738424495701917,0.005461515309813698,0.08738424495701917,0.6617733071742841
2012-09-10,-1.1575649680403792,0.4374120735063744,0.43811526749183594,0.43178612928830196,0.4345991667864013,-0.6143225132404548,600028.SS,-1.4298075040129405,0.07099969902757808,-0.0054621924131251064,0.07646053723408038,0.02184572268759972,-0.4891532342670981
2012-09-11,-1.186736549656433,0.43178612928830196,0.4374120735063744,0.4296765037392082,0.4374120735063744,-0.6528496421717808,600028.SS,-0.7189074473803626,0.02184572268759972,-0.005461176758157364,-0.01638386882612969,-0.04369246103016592,-0.0745012746095951
2012-09-12,-1.1830894932614557,0.43248945405189,0.4345991667864013,0.4296765037392082,0.4338958420228133,-0.7352806021641991,600028.SS,-0.008007390747784504,-0.027307915100724826,-0.02184572268759972,0.0,0.0054621924131251064,-0.15918925005850681
2012-09-13,-1.1940285754990603,0.43037974131737866,0.43319264803735164,0.43037974131737866,0.43178612928830196,-0.7566155259630749,600028.SS,0.7028926658847936,-0.016384545929441094,-0.010923369171283101,0.005461515309813698,-0.016384545929441094,-0.041338495622412846
2012-09-14,-1.186736549656433,0.43178612928830196,0.4360055547573246,0.43037974131737866,0.43319264803735164,-0.6849907990660238,600028.SS,1.4137927225173716,0.010923369171283101,0.02184572268759909,0.0,0.01092235351631599,0.13797534614509435
2012-09-17,-1.205269337566894,0.4212376528011628,0.4268635098338176,0.41842474608118985,0.42616031584835595,-0.7129559809050041,600028.SS,-1.4298075040129405,-0.05461481454648128,-0.07099936047592238,-0.09284542171517716,-0.08192205254389406,-0.054127883622266205
2012-09-18,-1.2238032848925373,0.4177214649103106,0.42264408436479495,0.41701827092484894,0.4212376528011628,-0.7492023265625438,600028.SS,-0.7189074473803626,-0.03823060716869589,-0.03276909185888219,-0.010923030619627397,-0.027307576549068492,-0.0701017743102721
2012-09-19,-1.2238032848925373,0.4177214649103106,0.4205344588157012,0.41701827092484894,0.4177214649103106,-0.7626760711291168,600028.SS,-0.008007390747784504,-0.027307576549068492,-0.01638386882612969,0.0,0.0,-0.026174731145951546
2012-09-20,-1.2571633697933355,0.41139241389219416,0.41842474608118985,0.40787618240863316,0.41701827092484894,-0.6841595384211814,600028.SS,0.7028926658847936,-0.005461176758157995,-0.016384545929441094,-0.07099969902757808,-0.049152960685011876,0.15126924481418053
2012-09-21,-1.2238032848925373,0.4177214649103106,0.41912798365936027,0.40928270115768284,0.41068913272131496,-0.6916977878067824,600028.SS,1.4137927225173716,-0.04915363778832329,0.005461515309813698,0.010923369171283101,0.049152960685011876,-0.014725500907619088
2012-09-24,-1.242336536569072,0.4142053206121672,0.4163150333466786,0.40928270115768284,0.4149085581903376,-0.7485775797689641,600028.SS,-1.4298075040129405,0.03276909185888219,-0.02184606123925416,0.0,-0.02730723799741279,-0.10990251041556649
2012-09-25,-1.2349232358984579,0.41561175217579926,0.4163150333466786,0.41068913272131496,0.4127988454558263,-0.7632127450169591,600028.SS,-0.7189074473803626,-0.016384545929441094,0.0,0.010922692067971694,0.010922692067971694,-0.028415045118034204
2012-09-26,-1.264576902346985,0.4099858951431445,0.4163150333466786,0.4085794199868037,0.4163150333466786,-0.7325792379998364,600028.SS,-0.008007390747784504,0.027307576549069124,0.0,-0.016384545929440466,-0.04369178392685388,0.05890563083979979
2012-09-27,-1.2275099352278442,0.41701827092484894,0.42545707827018553,0.4071729884231715,0.4099858951431445,-0.5815338257584122,600028.SS,0.7028926658847936,-0.04915363778832391,0.07099936047592174,-0.010922692067972323,0.054615153098136984,0.29117329921713475
2012-09-28,-1.205269337566894,0.4212376528011628,0.4219408903793333,0.41350203944128794,0.4142053206121672,-0.6783968162053752,600028.SS,1.4137927225173716,0.03276909185888219,-0.027307576549068492,0.049152960685011876,0.032768753307226485,-0.187027810185793
2012-10-08,-1.205269337566894,0.4212376528011628,0.42264408436479495,0.41912798365936027,0.419831177644822,-0.7012529930736673,600028.SS,-1.4298075040129405,0.04369178392685388,0.005461176758157995,0.04369246103016529,0.0,-0.04427290566091338
2012-10-09,-1.1348418217808829,0.4345991667864013,0.4402249802263473,0.4233473655356742,0.4233473655356742,-0.3254232198818158,600028.SS,-0.7189074473803626,0.027307576549068492,0.13653754419368674,0.032768753307226485,0.10376879088646027,0.7247694565770633
2012-10-10,-1.1237221026579987,0.43670887952091264,0.4395217862408856,0.43178612928830196,0.43530236077186296,-0.6476033008624328,600028.SS,-0.008007390747784504,0.09284542171517716,-0.005461176758157995,0.06553750661445297,0.016384545929441094,-0.6216515723987567
2012-10-11,-1.1348418217808829,0.4345991667864013,0.44233469296085864,0.43319264803735164,0.43530236077186296,-0.6904543690698812,600028.SS,0.7028926658847936,0.0,0.02184572268759909,0.010923369171283101,-0.016384545929441094,-0.08284190581212712
2012-10-12,-1.164496183878519,0.428973222568329,0.44233469296085864,0.42756679100469686,0.43670887952091264,-0.5422523097474746,600028.SS,1.4137927225173716,0.010923369171283101,0.0,-0.04369178392685388,-0.04369246103016529,0.28568863429431096
2012-10-15,-1.1496691187712191,0.43178612928830196,0.43248945405189,0.4268635098338176,0.43037974131737866,-0.7672736768190189,600028.SS,-1.4298075040129405,-0.04915363778832329,-0.07646053723408038,-0.005461853861469402,0.02184572268759909,-0.4342379782017066
2012-10-16,-1.1570831150909417,0.43037974131737866,0.4338958420228133,0.428973222568329,0.43178612928830196,-0.7475660985664614,600028.SS,-0.7189074473803626,0.01092235351631599,0.01092235351631599,0.016384545929441094,-0.01092235351631599,0.03783014005443956
2012-10-17,-1.1163083382213124,0.43811526749183594,0.4395217862408856,0.43178612928830196,0.43178612928830196,-0.5743278731665369,600028.SS,-0.008007390747784504,0.0,0.04369246103016529,0.02184572268759909,0.060075991304639274,0.33398196466808555
2012-10-18,-1.075534257000792,0.44585092444441965,0.44725731241534294,0.4374120735063744,0.43811526749183594,-0.4655777176029544,600028.SS,0.7028926658847936,0.04915363778832329,0.060075991304639274,0.04369246103016592,0.06007700695960639,0.2095881716196306
2012-10-19,-1.0644143059948714,0.447960637178931,0.45147673788436565,0.44444440569536997,0.44585092444441965,-0.5802726669679962,600028.SS,1.4137927225173716,0.06007700695960639,0.03276909185888219,0.05461481454648065,0.016384545929441094,-0.22142463758244718
2012-10-22,-1.0532943549889509,0.45007026272802475,0.45147673788436565,0.44444440569536997,0.4451475996808316,-0.6845744606322228,600028.SS,-1.4298075040129405,-0.0054621924131251064,0.0,0.0,0.01638386882612969,-0.20137683552156124
2012-10-23,-1.0903617858741645,0.4430378869463203,0.44936702514985427,0.43881859225542397,0.44936702514985427,-0.6558208340408641,600028.SS,-0.7189074473803626,0.03276909185888219,-0.016384545929441094,-0.04369144537519818,-0.054615153098136984,0.055279449171906844
2012-10-24,-1.0866546717727845,0.4437412117099083,0.4451475996808316,0.4402249802263473,0.4402249802263473,-0.7692817750965519,600028.SS,-0.008007390747784504,-0.07099936047592238,-0.03276909185888219,0.01092235351631599,0.0054621924131251064,-0.21904430623366578
2012-10-25,-1.1200149885566193,0.4374120735063744,0.44725731241534294,0.43670887952091264,0.44233469296085864,-0.7290962617367601,600028.SS,0.7028926658847936,0.016384545929441094,0.016384545929441094,-0.027306899445757083,-0.04915363778832266,0.0773309039671077
2012-10-26,-1.1385489358822622,0.4338958420228133,0.44092817421180897,0.43319264803735164,0.43881859225542397,-0.7433052557411804,600028.SS,1.4137927225173716,-0.027306899445757083,-0.04915363778832329,-0.027307915100724195,-0.027307915100724826,-0.027592985198874345
2012-10-29,-1.1126009922368967,0.43881859225542397,0.4402249802263473,0.43248945405189,0.4338958420228133,-0.7355485477834103,600028.SS,-1.4298075040129405,-0.038231284272007296,-0.005461176758157995,-0.005461176758157995,0.038231284272007296,0.01477759576258159
2012-10-30,-1.1274289848763417,0.4360055547573246,0.44233469296085864,0.4345991667864013,0.43811526749183594,-0.7393115820971943,600028.SS,-0.7189074473803626,0.03276909185888219,0.016384545929441094,0.016384545929441094,-0.021846738342566202,-0.007443327266063333
2012-10-31,-1.1163083382213124,0.43811526749183594,0.44092817421180897,0.4338958420228133,0.4360055547573246,-0.721431347375223,600028.SS,-0.008007390747784504,-0.016384545929441094,-0.010923369171283101,-0.0054621924131251064,0.016384545929441094,0.03430529904820314
2012-11-01,-1.0607078875426008,0.4486638311643926,0.45077354389890395,0.4374120735063744,0.43811526749183594,-0.5985505994022705,600028.SS,0.7028926658847936,0.016384545929441094,0.07646155288904748,0.027307915100724826,0.08192272964720547,0.2368452750231606
2012-11-02,-1.0495874727706083,0.45077354389890395,0.45288325663341533,0.4465541184298813,0.44936702514985427,-0.7010576226593813,600028.SS,1.4137927225173716,0.08738390640536348,0.016384545929441094,0.07099936047592174,0.016384545929441094,-0.1979148262048172
2012-11-05,-1.0495874727706083,0.45077354389890395,0.45288325663341533,0.447960637178931,0.45007026272802475,-0.7486440304316045,600028.SS,-1.4298075040129405,0.005461515309813698,0.0,0.010923369171283101,0.0,-0.09197610460780586
2012-11-06,-1.0681214200962506,0.44725731241534294,0.45147673788436565,0.44233469296085864,0.45077354389890395,-0.7403351198276634,600028.SS,-0.7189074473803626,0.005461853861469402,-0.010923369171283101,-0.04369246103016529,-0.027307915100724195,0.015842763038682907
2012-11-07,-1.0532943549889509,0.45007026272802475,0.45147673788436565,0.44444440569536997,0.4465541184298813,-0.7651429199851985,600028.SS,-0.008007390747784504,-0.03276909185888219,0.0,0.016384545929441094,0.021846061239254793,-0.04803747520326044
2012-11-08,-1.0903617858741645,0.4430378869463203,0.44725731241534294,0.4430378869463203,0.44725731241534294,-0.7756982021344694,600028.SS,0.7028926658847936,0.005461176758157995,-0.03276909185888219,-0.010923369171283101,-0.054615153098136984,-0.020545184302963336
2012-11-09,-1.1051886190984281,0.4402249802263473,0.44444440569536997,0.43811526749183594,0.441631498975397,-0.7916578276033318,600028.SS,1.4137927225173716,-0.04369144537519818,-0.02184572268759909,-0.03823026861704019,-0.02184572268759909,-0.030969853023335166
2012-11-12,-1.1126009922368967,0.43881859225542397,0.44444440569536997,0.4360055547573246,0.44092817421180897,-0.7047981651196019,600028.SS,-1.4298075040129405,-0.0054621924131251064,0.0,-0.016384545929441094,-0.01092235351631599,0.16736266428448549
2012-11-13,-1.131135171445576,0.43530236077186296,0.43881859225542397,0.43178612928830196,0.43811526749183594,-0.6973388825758543,600028.SS,-0.7189074473803626,-0.02184572268759909,-0.04369144537519818,-0.03276909185888219,-0.027307915100724195,0.014203879174487557
2012-11-14,-1.1237221026579987,0.43670887952091264,0.43811526749183594,0.43248945405189,0.43530236077186296,-0.7561188541566876,600028.SS,-0.008007390747784504,-0.02184572268759909,-0.0054621924131251064,0.0054621924131251064,0.010923369171283101,-0.11356784806386774
2012-11-15,-1.1422553543345328,0.43319264803735164,0.4395217862408856,0.43248945405189,0.43530236077186296,-0.7258855232416972,600028.SS,0.7028926658847936,0.0,0.010923369171283101,0.0,-0.027307915100724195,0.058133714059565515
2012-11-16,-1.186736549656433,0.4247537970993063,0.43319264803735164,0.4212376528011628,0.43248945405189,-0.6842796440495994,600028.SS,1.4137927225173716,-0.02184572268759909,-0.04915363778832329,-0.08738424495701917,-0.06553818371776438,0.08007070830371356
2012-11-19,-1.1793227852197463,0.42616031584835595,0.4296765037392082,0.4247537970993063,0.42545707827018553,-0.7771159467123694,600028.SS,-1.4298075040129405,-0.054615153098136984,-0.02730723799741279,0.02730723799741279,0.010923369171283101,-0.17926056008559876
2012-11-20,-1.1941496184440097,0.4233473655356742,0.4296765037392082,0.4212376528011628,0.42616031584835595,-0.7333411658444925,600028.SS,-0.7189074473803626,0.005461515309813698,0.0,-0.02730723799741279,-0.021846061239254793,0.08425439540869305
2012-11-21,-1.160789301660176,0.4296765037392082,0.4310829353028403,0.4219408903793333,0.4233473655356742,-0.7661025289233798,600028.SS,-0.008007390747784504,-0.021846061239254793,0.010922692067971694,0.005461515309813698,0.04915363778832329,-0.06337944252446251
2012-11-22,-1.186736549656433,0.4247537970993063,0.43037974131737866,0.4240506031138446,0.4296765037392082,-0.7225137266767515,600028.SS,0.7028926658847936,0.04915363778832329,-0.005461176758157995,0.016384545929441094,-0.03823094572035159,0.08389565330055189
2012-11-23,-1.1793227852197463,0.42616031584835595,0.43178612928830196,0.4247537970993063,0.4282700285828673,-0.7231017324281254,600028.SS,1.4137927225173716,-0.010923030619627397,0.01092235351631599,0.005461176758157995,0.010923369171283101,-0.0013188790244320983
2012-11-26,-1.171908788900024,0.42756679100469686,0.428973222568329,0.4247537970993063,0.4268635098338176,-0.757483825802283,600028.SS,-1.4298075040129405,-0.010923369171283101,-0.02184572268759909,0.0,0.010923030619627397,-0.06650573843390525
2012-11-27,-1.1904425043426305,0.4240506031138446,0.4296765037392082,0.4219408903793333,0.42756679100469686,-0.6715780017701394,600028.SS,-0.7189074473803626,0.005461853861469402,0.005461853861469402,-0.02184572268759909,-0.027307576549068492,0.1655227645441242
2012-11-28,-1.183029203672017,0.42545707827018553,0.42616031584835595,0.41912798365936027,0.4219408903793333,-0.7038301954979365,600028.SS,-0.008007390747784504,-0.043692122478509586,-0.027307576549068492,-0.02184572268759909,0.010923030619627397,-0.06239728400976536
2012-11-29,-1.212683565769653,0.419831177644822,0.42616031584835595,0.419831177644822,0.4247537970993063,-0.7156643889141447,600028.SS,0.7028926658847936,0.02184572268759909,0.0,0.005461176758157995,-0.043692122478509586,-0.02301213088502863
2012-11-30,-1.1941496184440097,0.4233473655356742,0.4247537970993063,0.419831177644822,0.4205344588157012,-0.7710622590460053,600028.SS,1.4137927225173716,-0.03276841475557078,-0.010923369171283101,0.0,0.027307576549068492,-0.10704396808451559
2012-12-03,-1.160789301660176,0.4296765037392082,0.43178612928830196,0.42264408436479495,0.4233473655356742,-0.6587772363205152,600028.SS,-1.4298075040129405,0.02184572268759909,0.05461481454648128,0.02184572268759909,0.04915363778832329,0.21640672790931384
2012-12-04,-1.160789301660176,0.4296765037392082,0.43248945405189,0.4268635098338176,0.4296765037392082,-0.7114488838516805,600028.SS,-0.7189074473803626,0.04915363778832329,0.0054621924131251064,0.03276909185888219,0.0,-0.10178524083689364
2012-12-05,-1.0940686680925076,0.44233469296085864,0.4465541184298813,0.4296765037392082,0.43037974131737866,-0.3676721014757845,600028.SS,-0.008007390747784504,0.005461515309813698,0.10922962909296256,0.021846399790910496,0.09830659847333516,0.6629410731836278
2012-12-06,-1.1051886190984281,0.4402249802263473,0.44585092444441965,0.4374120735063744,0.441631498975397,-0.6492054090707152,600028.SS,0.7028926658847936,0.08738390640536348,-0.005461176758157995,0.06007632985629561,-0.016384545929441094,-0.5432462746520857
2012-12-07,-1.0570014690903304,0.44936702514985427,0.45147673788436565,0.43811526749183594,0.43811526749183594,-0.5304153273662704,600028.SS,1.4137927225173716,-0.027307915100724195,0.04369144537519818,0.005461176758157364,0.07099936047592238,0.2289546140912021
2012-12-10,-1.0532943549889509,0.45007026272802475,0.4521799754625361,0.44585092444441965,0.45007026272802475,-0.5667484166678346,600028.SS,-1.4298075040129405,0.09284542171517716,0.005461515309813698,0.06007700695960639,0.005461515309813698,-0.07026909783120298
2012-12-11,-1.075534257000792,0.44585092444441965,0.45007026272802475,0.4437412117099083,0.44936702514985427,-0.664226215503047,600028.SS,-0.7189074473803626,-0.005461515309813698,-0.016384545929441094,-0.016384545929441094,-0.03276841475557078,-0.188213740352511
2012-12-12,-1.0792416029852077,0.4451475996808316,0.447960637178931,0.44092817421180897,0.44585092444441965,-0.6807713993909706,600028.SS,-0.008007390747784504,-0.027306899445757083,-0.01638386882612969,-0.021846738342566202,-0.0054621924131251064,-0.03209936167483203
2012-12-13,-1.0977748546617419,0.441631498975397,0.44444440569536997,0.43881859225542397,0.44444440569536997,-0.6717292021842349,600028.SS,0.7028926658847936,-0.010923369171283101,-0.027307915100724195,-0.016383530274473986,-0.027306899445757083,0.017257230895213714
2012-12-14,-1.0051072049808532,0.45921230765153176,0.4613220203860431,0.4402249802263473,0.4430378869463203,-0.34573951924935764,600028.SS,1.4137927225173716,-0.010923369171283101,0.13107569033221736,0.01092235351631599,0.13653686709037535,0.6286307771488184
2012-12-17,-0.9754533066492895,0.4648382518696041,0.4732770592149407,0.4556961633533883,0.457102682102438,-0.3846194615699133,600028.SS,-1.4298075040129405,0.10923064474792968,0.09284576026683287,0.12015299826424566,0.04369246103016529,-0.07518183142942136
2012-12-18,-0.9791599569845963,0.46413501429143367,0.4711673464804293,0.45991558882241096,0.46554144585506574,-0.5557956231513606,600028.SS,-0.7189074473803626,0.06553750661445297,-0.016384545929441094,0.03276909185888219,-0.005461515309813698,-0.33037366088867703
2012-12-19,-0.9717466563139827,0.46554144585506574,0.4704640653095501,0.4620253015569224,0.4634317331205544,-0.6255186051309207,600028.SS,-0.008007390747784504,-0.016384545929441094,-0.005461853861469402,0.016384545929441725,0.010922692067971694,-0.13467628834314563
2012-12-20,-0.9346803848439507,0.4725737780440614,0.4767932035130841,0.46272853913509276,0.46554144585506574,-0.5424513014682028,600028.SS,0.7028926658847936,0.016384545929441094,0.04915363778832329,0.005461515309813068,0.05461481454648128,0.16004742133267058
2012-12-21,-0.9569207506218642,0.46835435257503877,0.47468349077857275,0.46413501429143367,0.4732770592149407,-0.5423571288661938,600028.SS,1.4137927225173716,0.06007666840795068,-0.016384545929441094,0.010923030619627397,-0.03276909185888219,-2.99605370288357e-06
2012-12-24,-0.9791599569845963,0.46413501429143367,0.4718705840585998,0.46413501429143367,0.46905763374591797,-0.722910008166295,600028.SS,-1.4298075040129405,-0.03276909185888219,-0.02184572268759909,0.0,-0.03276841475557078,-0.34846081230021914
2012-12-25,-0.9198530878536144,0.475386771949452,0.47819972226213375,0.4620253015569224,0.4634317331205544,-0.42579522521382074,600028.SS,-0.7189074473803626,-0.043692122478509586,0.04915363778832329,-0.016384545929440466,0.08738390640536348,0.5729327489426511
2012-12-26,-0.8864923073037076,0.48171582296756843,0.4859352484365911,0.4732770592149407,0.475386771949452,-0.5261904429337756,600028.SS,-0.008007390747784504,0.09284576026683287,0.060075991304639274,0.08738390640536284,0.049152960685011876,-0.1938412742809617
2012-12-27,-0.908732441198585,0.4774963974985457,0.48663844242205273,0.4739802967931111,0.4845288604656678,-0.5937003780833795,600028.SS,0.7028926658847936,0.07099969902757808,0.005461176758157995,0.005461515309813698,-0.03276909185888219,-0.13040744776424879
2012-12-28,-0.9050257908632782,0.47819972226213375,0.4803094349966451,0.4704640653095501,0.4796061102330571,-0.48748483266572207,600028.SS,1.4137927225173716,-0.038231284272007296,-0.04915262213335617,-0.027307915100724195,0.0054621924131251064,0.20469905382232553
2012-12-31,-0.8605457549565598,0.48663844242205273,0.4936709053891748,0.4760900095276224,0.47819972226213375,-0.4326258663513997,600028.SS,-1.4298075040129405,-0.01092235351631599,0.10376845233480457,0.04369246103016529,0.06553716806279727,0.10563515426897463
2013-01-04,-0.8457189217322961,0.4894514799201521,0.49437409937463644,0.4845288604656678,0.4894514799201521,-0.5563701934210283,600028.SS,1.4137927225173716,0.08738390640536348,0.005461176758157995,0.06553818371776438,0.021846738342566202,-0.23888036885581987
2013-01-07,-0.8753725881808234,0.48382553570207976,0.49296758062558677,0.48241914773115646,0.4887481551565641,-0.5984078590557125,600028.SS,-1.4298075040129405,-0.0054621924131251064,-0.010923369171283101,-0.016384545929441094,-0.04369246103016529,-0.08127289883830549
2013-01-08,-0.864252637174903,0.4859352484365911,0.4950772933600981,0.4845288604656678,0.48523205445112944,-0.435843505826664,600028.SS,-0.7189074473803626,-0.027306899445757083,0.016384545929441094,0.016384545929441094,0.016384545929441094,0.3133926766149741
2013-01-09,-0.8679583599780646,0.48523205445112944,0.49085786789107544,0.48171582296756843,0.4859352484365911,-0.562614338202543,600028.SS,-0.008007390747784504,0.005461176758157995,-0.03276909185888219,-0.021846738342566202,-0.005461176758157995,-0.24471832424324572
2013-01-10,-0.8160654871668052,0.4950772933600981,0.49648381210914777,0.48241914773115646,0.48382553570207976,-0.32109204420431214,600028.SS,0.7028926658847936,-0.016384545929441094,0.04369246103016529,0.0054621924131251064,0.07646053723408038,0.4656980219059685
2013-01-11,-0.8531319905198735,0.4880449611711024,0.5007032375781705,0.48523205445112944,0.4950772933600981,-0.3895123683396985,600028.SS,1.4137927225173716,0.08738390640536348,0.03276909185888219,0.02184572268759909,-0.05461481454648128,-0.13216353597371772
2013-01-14,-0.7901173116384032,0.4999999564072913,0.5007032375781705,0.4859352484365911,0.4887481551565641,-0.41458992166391423,600028.SS,-1.4298075040129405,-0.04915363778832329,0.0,0.005461176758157995,0.0928454217151778,-0.04855781361120789
2013-01-15,-0.8049453042778483,0.4971870060946094,0.5056258570326547,0.49085786789107544,0.4978902436727799,-0.37617020204819673,600028.SS,-0.7189074473803626,0.07099969902757808,0.03823026861704019,0.03823026861704019,-0.021846061239255424,0.07392478897368217
2013-01-16,-0.8716654740794444,0.4845288604656678,0.4971870060946094,0.4774963974985457,0.49648381210914777,-0.2978943713058605,600028.SS,-0.008007390747784504,-0.010922692067971694,-0.06553818371776438,-0.10376845233480457,-0.09830625992167946,0.15080494450916138
2013-01-17,-0.9198530878536144,0.475386771949452,0.48382553570207976,0.4732770592149407,0.48312234171661816,-0.3460320251527417,600028.SS,0.7028926658847936,-0.10376845233480393,-0.10376845233480457,-0.03276841475557078,-0.07099969902757808,-0.09303942671224778
2013-01-18,-0.8827851932023282,0.48241914773115646,0.48241914773115646,0.4767932035130841,0.4774963974985457,-0.5467697621983868,600028.SS,1.4137927225173716,-0.04369246103016592,-0.01092235351631599,0.02730723799741279,0.054615153098136984,-0.38739624676869955
2013-01-21,-0.8753725881808234,0.48382553570207976,0.4894514799201521,0.47819972226213375,0.48241914773115646,-0.5635438089265599,600028.SS,-1.4298075040129405,0.038231284272007296,0.05461481454648128,0.010923369171283101,0.01092235351631599,-0.03254082498515771
2013-01-22,-0.8976127220757008,0.4796061102330571,0.48382553570207976,0.47468349077857275,0.48382553570207976,-0.47350755879308365,600028.SS,-0.7189074473803626,0.01092235351631599,-0.04369246103016529,-0.027307915100724195,-0.03276909185888219,0.17349011991628885
2013-01-23,-0.8716654740794444,0.4845288604656678,0.4859352484365911,0.47819972226213375,0.4789029162475954,-0.5656433902251594,600028.SS,-0.008007390747784504,-0.03823026861704019,0.016384545929441094,0.027307915100724195,0.038231284272007296,-0.17790939120229227
2013-01-24,-0.8605457549565598,0.48663844242205273,0.4978902436727799,0.4796061102330571,0.48382553570207976,-0.24628906497462183,600028.SS,0.7028926658847936,0.03823026861704019,0.09284542171517716,0.01092235351631599,0.016383530274473986,0.6158315522273264
2013-01-25,-0.8864923073037076,0.48171582296756843,0.4901546739056138,0.4796061102330571,0.4859352484365911,-0.495235409869704,600028.SS,1.4137927225173716,0.016384545929441094,-0.06007632985629498,0.0,-0.03823026861704019,-0.48038789007878474
2013-01-28,-0.8308920885080325,0.4922643866401251,0.4957805309382685,0.48241914773115646,0.4845288604656678,-0.49821353998800866,600028.SS,-1.4298075040129405,-0.01092235351631599,0.04369178392685388,0.021846738342566202,0.08192272964720547,-0.005929292029730478
2013-01-29,-0.8345982750772662,0.49156119265466347,0.49296758062558677,0.48663844242205273,0.49156119265466347,-0.5316336392067057,600028.SS,-0.7189074473803626,0.05461481454648128,-0.021846061239254793,0.03276807620391508,-0.005461176758157995,-0.06465010680790256
2013-01-30,-0.7901173116384032,0.4999999564072913,0.5007032375781705,0.4880449611711024,0.49156119265466347,-0.27793812794043277,600028.SS,-0.008007390747784504,0.0,0.06007700695960639,0.010923369171283101,0.06553750661445361,0.4891794607739268
2013-01-31,-0.8049453042778483,0.4971870060946094,0.5021096691418026,0.49296758062558677,0.49929671882912074,-0.5333831091200248,600028.SS,0.7028926658847936,0.060075991304639274,0.010922692067971694,0.03823026861704019,-0.021846061239255424,-0.49292338725095997
2013-02-01,-0.8012386539425415,0.4978902436727799,0.5014064315636321,0.49085786789107544,0.49437409937463644,-0.5630770020281904,600028.SS,1.4137927225173716,-0.03823026861704019,-0.005461515309813698,-0.016384545929441094,0.005461515309813698,-0.057462468259805076
2013-02-04,-0.8123586049484616,0.4957805309382685,0.5021096691418026,0.49156119265466347,0.4985935248436591,-0.33717255795101236,600028.SS,-1.4298075040129405,0.03276909185888219,0.005461515309813698,0.0054621924131251064,-0.016384545929441094,0.43557208394765107
2013-02-05,-0.8679583599780646,0.48523205445112944,0.4894514799201521,0.4774963974985457,0.4887481551565641,0.05016967763048865,600028.SS,-0.7189074473803626,-0.07646155288904748,-0.09830659847333516,-0.10923064474792968,-0.08192205254389406,0.7469763371304822
2013-02-06,-0.8679583599780646,0.48523205445112944,0.4859352484365911,0.48241914773115646,0.48523205445112944,-0.5319158029570428,600028.SS,-0.008007390747784504,-0.027306899445757083,-0.027307915100724195,0.038231284272007296,0.0,-1.1229942017087542
2013-02-07,-0.8679583599780646,0.48523205445112944,0.4894514799201521,0.4810126289821068,0.4845288604656678,-0.3487341471205108,600028.SS,0.7028926658847936,-0.005461176758157995,0.027307915100724195,-0.010923369171283101,0.0,0.3531622724531078
2013-02-08,-0.8197716737360398,0.49437409937463644,0.4950772933600981,0.48382553570207976,0.48523205445112944,-0.3820715091148322,600028.SS,1.4137927225173716,0.005461176758157995,0.04369144537519818,0.02184572268759909,0.07099936047592238,-0.06449051144099965
2013-02-18,-0.7715838280788326,0.5035161442981434,0.5070322885962869,0.4922643866401251,0.4957805309382685,-0.18860258507477723,600028.SS,-1.4298075040129405,0.08192205254389406,0.09284542171517716,0.06553818371776438,0.07099936047592238,0.3730058235966068
2013-02-19,-0.7715838280788326,0.5035161442981434,0.5140646207852826,0.5007032375781705,0.5028129503126818,-0.08135170628182413,600028.SS,-0.7189074473803626,0.05461549164979269,0.05461481454648128,0.06553818371776438,0.0,0.20669615260275936
2013-02-20,-0.7271035602890784,0.5119549952361888,0.5161743335197939,0.5021096691418026,0.5035161442981434,-0.25598148235009965,600028.SS,-0.008007390747784504,0.005461176758157995,0.016384545929441094,0.010922692067971694,0.06553818371776438,-0.33703548542201966
2013-02-21,-0.8012386539425415,0.4978902436727799,0.5119549952361888,0.4950772933600981,0.5112517140653096,-0.3676994258789398,600028.SS,0.7028926658847936,0.06007632985629498,-0.03276841475557078,-0.054615153098136984,-0.10923030619627397,-0.2156821638375776
2013-02-22,-0.8383051572956098,0.49085786789107544,0.4985935248436591,0.4887481551565641,0.49648381210914777,-0.4887912422579081,600028.SS,1.4137927225173716,-0.11469114440277627,-0.10376845233480457,-0.04915363778832329,-0.054615153098136984,-0.23376382766067816
2013-02-25,-0.7678778733926351,0.5042193818763139,0.5105485200798479,0.4936709053891748,0.4936709053891748,-0.29713793443014946,600028.SS,-1.4298075040129405,-0.02184572268759909,0.09284542171517716,0.038231284272007296,0.10376879088646027,0.36950360391564907
2013-02-26,-0.7827049384999347,0.5014064315636321,0.5077355697671662,0.49648381210914777,0.49929671882912074,-0.4296919000217821,600028.SS,-0.7189074473803626,0.04369144537519818,-0.02184606123925416,0.02184572268759909,-0.021846061239254793,-0.25587365697746695
2013-02-27,-0.7975313079581258,0.4985935248436591,0.5042193818763139,0.49437409937463644,0.5007032375781705,-0.6524159612206782,600028.SS,-0.008007390747784504,0.010923369171283101,-0.027307576549069124,-0.016384545929441094,-0.02184572268759909,-0.42980660675553967
2013-02-28,-0.7456377394977575,0.5084388073453365,0.5133614267998209,0.4950772933600981,0.4985935248436591,-0.4548888260170228,600028.SS,0.7028926658847936,-0.016384545929441094,0.07099936047592238,0.005461176758157995,0.07646087578573607,0.38083388049012173
2013-03-01,-0.7530510401683711,0.5070322885962869,0.5098452825016775,0.5007032375781705,0.5049225758617756,-0.5628597422761643,600028.SS,1.4137927225173716,0.049152960685011876,-0.02730723799741279,0.04369246103016529,-0.010923369171283101,-0.20845436285180302
2013-03-04,-0.7789978243985552,0.5021096691418026,0.5133614267998209,0.4985935248436591,0.5084388073453365,-0.31034009343655905,600028.SS,-1.4298075040129405,0.027307915100724195,0.02730723799741279,-0.016384545929441094,-0.03823026861704019,0.48691128950244106
2013-03-05,-0.7752907102971758,0.5028129503126818,0.5063290946108252,0.49296758062558677,0.5035161442981434,-0.47740686106695424,600028.SS,-0.7189074473803626,-0.03823060716869589,-0.05461481454648128,-0.04369246103016529,0.005461853861469402,-0.32244687532975064
2013-03-06,-0.7345168609596913,0.5105485200798479,0.5119549952361888,0.4978902436727799,0.5028129503126818,-0.5176585393602333,600028.SS,-0.008007390747784504,-0.005461176758157995,0.043692122478509586,0.03823060716869589,0.06007632985629498,-0.07782783155225222
2013-03-07,-0.7159845368153023,0.5140646207852826,0.5274260911778123,0.5070322885962869,0.5168776146906731,-0.4321152745660465,600028.SS,0.7028926658847936,0.10922962909296256,0.12015232116093426,0.07099936047592238,0.027306899445757083,0.16482340854031366
2013-03-08,-0.6863304066007029,0.5196905650033549,0.5239099904723775,0.5112517140653096,0.5168776146906731,-0.4761292604272197,600028.SS,1.4137927225173716,0.0,-0.027306899445757083,0.03276909185888219,0.04369246103016529,-0.08508510735804038
2013-03-11,-0.7011565441758572,0.5168776146906731,0.5218002777378662,0.5119549952361888,0.5168776146906731,-0.6995270212774513,600028.SS,-1.4298075040129405,0.0,-0.016384545929441094,0.005461853861469402,-0.021846061239254793,-0.4311061347956516
2013-03-12,-0.6566769720352118,0.5253163784433009,0.5379746548503689,0.5168776146906731,0.5175808522688435,-0.23229378395382536,600028.SS,-0.7189074473803626,0.005461515309813698,0.12561417502240366,0.03823026861704019,0.06553750661445297,0.9010815035955998
2013-03-13,-0.6566769720352118,0.5253163784433009,0.5358649421158576,0.5232066657087896,0.526019703206889,-0.3483526924894196,600028.SS,-0.008007390747784504,0.06553818371776438,-0.016384545929441094,0.049152960685011876,0.0,-0.2240556366993199
2013-03-14,-0.667796691158096,0.5232066657087896,0.5295358039123236,0.5161743335197939,0.5218002777378662,-0.552430441837463,600028.SS,0.7028926658847936,-0.03276909185888219,-0.04915363778832329,-0.05461481454648128,-0.016384545929441094,-0.39383893919503865
2013-03-15,-0.6344366062572983,0.5295358039123236,0.5337552293813462,0.5203937589888166,0.5225034717233279,-0.49808064487423104,600028.SS,1.4137927225173716,0.005461176758157995,0.03276909185888219,0.03276909185888219,0.04915363778832329,0.10465299575427747
2013-03-18,-0.7715838280788326,0.5035161442981434,0.5309423226613732,0.5028129503126818,0.5267228971923505,-0.40620373374702584,600028.SS,-1.4298075040129405,0.03276909185888219,-0.02184572268759909,-0.13653686709037535,-0.20207505080813973,0.1770406495461469
2013-03-19,-0.7011565441758572,0.5168776146906731,0.5225034717233279,0.5028129503126818,0.5035161442981434,-0.4192080625838302,600028.SS,-0.7189074473803626,-0.18022932812054063,-0.06553818371776438,0.0,0.10376845233480457,-0.025269255089826363
2013-03-20,-0.6789166421640169,0.5210970401596958,0.526019703206889,0.5154711395343322,0.5154711395343322,-0.4827497042920605,600028.SS,-0.008007390747784504,0.09284542171517716,0.027307915100724195,0.09830659847333516,0.03276909185888219,-0.12275283700671627
2013-03-21,-0.6381427928265324,0.528832609926862,0.5323487106322965,0.5161743335197939,0.5203937589888166,-0.269786560927382,600028.SS,0.7028926658847936,0.03823026861704019,0.04915262213335617,0.005461176758157995,0.06007632985629561,0.4106090561086432
2013-03-22,-0.5640090904712868,0.5428972743048532,0.5436005118830237,0.5274260911778123,0.5274260911778123,-0.05447487299907386,600028.SS,1.4137927225173716,0.05461481454648128,0.08738424495701917,0.08738390640536348,0.10922962909296192,0.4151392640549289
2013-03-25,-0.6084893582610414,0.5344584233668079,0.5414907991485124,0.5302391286759116,0.5407875615703419,-0.41282643859907925,600028.SS,-1.4298075040129405,0.10376845233480457,-0.016384545929441094,0.021846738342566202,-0.06553818371776438,-0.691424294445151
2013-03-26,-0.667796691158096,0.5232066657087896,0.5344584233668079,0.5154711395343322,0.5344584233668079,-0.4586693705586983,600028.SS,-0.7189074473803626,-0.04915363778832329,-0.054615153098136984,-0.11469182150608767,-0.08738390640536348,-0.08861303962588798
2013-03-27,-0.6566769720352118,0.5253163784433009,0.5393811735994186,0.5218002777378662,0.5253163784433009,-0.3144983408613135,600028.SS,-0.008007390747784504,-0.07099936047592238,0.038231284272007296,0.04915363778832329,0.016384545929441094,0.27791300903184457
2013-03-28,-0.6752095280626367,0.5218002777378662,0.5239099904723775,0.5133614267998209,0.5218002777378662,-0.5198807419461001,600028.SS,0.7028926658847936,-0.027306899445757083,-0.12015299826424566,-0.06553818371776438,-0.027306899445757083,-0.39635553766902926
2013-03-29,-0.6863304066007029,0.5196905650033549,0.5253163784433009,0.5182840462543052,0.5225034717233279,-0.681153139751215,600028.SS,1.4137927225173716,0.005461176758157995,0.01092235351631599,0.03823026861704019,-0.016384545929441094,-0.3112698678193487
2013-04-01,-0.6900372888190459,0.5189873274251845,0.5210970401596958,0.5140646207852826,0.5182840462543052,-0.6256959683970486,600028.SS,-1.4298075040129405,-0.03276909185888219,-0.03276841475557078,-0.03276909185888219,-0.005461515309813698,0.1067890575276047
2013-04-02,-0.7382242069441074,0.5098452825016775,0.5182840462543052,0.5070322885962869,0.5175808522688435,-0.5187029725879096,600028.SS,-0.7189074473803626,-0.005461176758157995,-0.021846399790910496,-0.05461481454648128,-0.07099936047592238,0.20619871109767615
2013-04-03,-0.7419313210454869,0.5091420013307982,0.5147679019561617,0.5063290946108252,0.5105485200798479,-0.6322851994576485,600028.SS,-0.008007390747784504,-0.05461481454648128,-0.02730723799741279,-0.005461176758157995,-0.005461853861469402,-0.2192782596221152
2013-04-08,-0.7567576905036779,0.5063290946108252,0.5091420013307982,0.4999999564072913,0.5049225758617756,-0.5923160948739263,600028.SS,-1.4298075040129405,-0.04369246103016529,-0.043692122478509586,-0.04915363778832266,-0.02184572268759909,0.07691346383325652
2013-04-09,-0.7567576905036779,0.5063290946108252,0.5105485200798479,0.5035161442981434,0.5098452825016775,-0.6002112323949425,600028.SS,-0.7189074473803626,0.03823094572035159,0.010923369171283101,0.02730757654906786,0.0,-0.015413917679448979
2013-04-10,-0.7715838280788326,0.5035161442981434,0.5084388073453365,0.5014064315636321,0.5063290946108252,-0.5871207437954267,600028.SS,-0.008007390747784504,-0.027307576549068492,-0.016384545929441094,-0.016384545929441094,-0.021846061239254793,0.025066153118988167
2013-04-11,-0.764170527408219,0.5049225758617756,0.5084388073453365,0.5028129503126818,0.5042193818763139,-0.6446341525779455,600028.SS,0.7028926658847936,-0.016384545929441094,0.0,0.010923369171283101,0.010922692067971694,-0.11112472097049637
2013-04-12,-0.8049453042778483,0.4971870060946094,0.5077355697671662,0.4957805309382685,0.5049225758617756,-0.6151766011600405,600028.SS,1.4137927225173716,0.005461176758157995,-0.005461515309813068,-0.05461549164979269,-0.06007632985629498,0.056637279843801756
2013-04-15,-0.8827851932023282,0.48241914773115646,0.4957805309382685,0.4789029162475954,0.4922643866401251,-0.4601959468864696,600028.SS,-1.4298075040129405,-0.09830659847333516,-0.0928457602668335,-0.13107569033221736,-0.11469080585112056,0.29876415569934517
2013-04-16,-0.8790792385161302,0.48312234171661816,0.4880449611711024,0.4774963974985457,0.47819972226213375,-0.6012552556633989,600028.SS,-0.7189074473803626,-0.10922962909296256,-0.06007632985629498,-0.010923369171283101,0.005461176758158625,-0.272279976823648
2013-04-17,-0.8827851932023282,0.48241914773115646,0.48523205445112944,0.4774963974985457,0.48382553570207976,-0.7171390619200779,600028.SS,-0.008007390747784504,0.04369144537519818,-0.02184572268759909,0.0,-0.005461176758158625,-0.22371787443257865
2013-04-18,-0.8976127220757008,0.4796061102330571,0.48734176718564076,0.4774963974985457,0.4796061102330571,-0.6596288334272649,600028.SS,0.7028926658847936,-0.03276909185888219,0.016384545929441094,0.0,-0.021846738342566202,0.11074928715565181
2013-04-19,-0.8531319905198735,0.4880449611711024,0.49296758062558677,0.4796061102330571,0.48171582296756843,-0.5378441673321903,600028.SS,1.4137927225173716,0.016384545929441094,0.04369144537519818,0.016384545929441094,0.06553818371776438,0.2347309958607215
2013-04-22,-0.8679583599780646,0.48523205445112944,0.49085786789107544,0.48241914773115646,0.48663844242205273,-0.5970410239591176,600028.SS,-1.4298075040129405,0.03823026861704019,-0.016384545929441094,0.021846738342566202,-0.02184572268759909,-0.11437199543997056
2013-04-23,-0.9680397740956396,0.466244727025945,0.48523205445112944,0.46413501429143367,0.48523205445112944,-0.4044612641979613,600028.SS,-0.7189074473803626,-0.01092235351631599,-0.04369144537519818,-0.14199905950350045,-0.14746023626165844,0.37129067663103477
2013-04-24,-0.9272661566411917,0.4739802967931111,0.4767932035130841,0.46765115858957707,0.46765115858957707,-0.6230409172015257,600028.SS,-0.008007390747784504,-0.13653754419368674,-0.06553818371776438,0.02730723799741279,0.06007632985629498,-0.4218122807248992
2013-04-25,-0.9124393234169281,0.4767932035130841,0.4796061102330571,0.46976087132408845,0.4739802967931111,-0.6250725446536785,600028.SS,0.7028926658847936,0.04915363778832329,0.02184572268759909,0.016384545929441094,0.02184572268759909,-0.004103542599302552
2013-04-26,-0.9309730388595349,0.4732770592149407,0.47819972226213375,0.46976087132408845,0.4760900095276224,-0.7024939644782559,600028.SS,1.4137927225173716,0.016384545929441094,-0.01092235351631599,0.0,-0.02730723799741279,-0.1495261340048279
2013-05-02,-0.9495065224191054,0.46976087132408845,0.4732770592149407,0.46835435257503877,0.4718705840585998,-0.6933685455498847,600028.SS,0.7028926658847936,-0.03276909185888219,-0.03823060716869589,-0.010923369171283101,-0.027307576549068492,0.01741776082958048
2013-05-03,-0.9161459737522349,0.4760900095276224,0.47819972226213375,0.4704640653095501,0.4711673464804293,-0.6314514728459836,600028.SS,1.4137927225173716,-0.005461515309813698,0.03823060716869589,0.016384545929441094,0.04915363778832329,0.11924983722920886
2013-05-06,-0.8716654740794444,0.4845288604656678,0.48734176718564076,0.4760900095276224,0.47819972226213375,-0.5975857976473041,600028.SS,-1.4298075040129405,0.054615153098136984,0.07099936047592238,0.04369246103016529,0.06553818371776438,0.06514029813399408
2013-05-07,-0.8864923073037076,0.48171582296756843,0.48523205445112944,0.47819972226213375,0.48523205445112944,-0.6721808840719922,600028.SS,-0.7189074473803626,0.05461481454648128,-0.016384545929441094,0.016384545929441094,-0.021846738342566202,-0.14407429875958025
2013-05-08,-0.8864923073037076,0.48171582296756843,0.4880449611711024,0.4796061102330571,0.48312234171661816,-0.6241098175408247,600028.SS,-0.008007390747784504,-0.016384545929440466,0.02184572268759909,0.01092235351631599,0.0,0.09254168437598095
2013-05-09,-0.9383868032962212,0.4718705840585998,0.48382553570207976,0.4711673464804293,0.48241914773115646,-0.48781647104009457,600028.SS,0.7028926658847936,-0.005461176758158625,-0.03276909185888219,-0.06553750661445297,-0.07646053723408038,0.26271740935344173
2013-05-10,-0.9495065224191054,0.46976087132408845,0.47468349077857275,0.4634317331205544,0.4725737780440614,-0.36407511306905843,600028.SS,1.4137927225173716,-0.07646155288904748,-0.07099936047592238,-0.06007666840795068,-0.016384545929441094,0.23850534241653645
2013-05-13,-0.9457996402007622,0.4704640653095501,0.4767932035130841,0.46765115858957707,0.46905763374591797,-0.6094233017947881,600028.SS,-1.4298075040129405,-0.02730723799741279,0.016384545929441094,0.03276909185888219,0.005461176758157995,-0.473447252918728
2013-05-14,-0.9754533066492895,0.4648382518696041,0.4711673464804293,0.46272853913509276,0.4711673464804293,-0.5483395705893455,600028.SS,-0.7189074473803626,0.016384545929441094,-0.04369178392685388,-0.03823026861704019,-0.04369144537519818,0.1176423692097597
2013-05-15,-0.9717466563139827,0.46554144585506574,0.466244727025945,0.46272853913509276,0.4648382518696041,-0.7317770720365988,600028.SS,-0.008007390747784504,-0.04915329923666758,-0.03823026861704019,0.0,0.005461176758157995,-0.354025083200348
2013-05-16,-0.9532129408713759,0.46905763374591797,0.46976087132408845,0.46272853913509276,0.46554144585506574,-0.6341749313276964,600028.SS,0.7028926658847936,0.005461176758157995,0.02730723799741279,0.0,0.027307576549068492,0.18808428948680436
2013-05-17,-0.9124393234169281,0.4767932035130841,0.47819972226213375,0.46765115858957707,0.46905763374591797,-0.5383979601232142,600028.SS,1.4137927225173716,0.027307576549068492,0.06553818371776438,0.03823026861704019,0.06007632985629498,0.1845636420525211
2013-05-20,-0.864252637174903,0.4859352484365911,0.4887481551565641,0.4767932035130841,0.4774963974985457,-0.5236444471022439,600028.SS,-1.4298075040129405,0.06553750661445297,0.08192171399223837,0.07099936047592238,0.07099936047592238,0.028274031975371
2013-05-21,-0.8864923073037076,0.48171582296756843,0.48523205445112944,0.4789029162475954,0.48382553570207976,-0.601598820124168,600028.SS,-0.7189074473803626,0.04915363778832329,-0.027306899445757083,0.016384545929441094,-0.03276909185888219,-0.15055417019669257
2013-05-22,-0.8976127220757008,0.4796061102330571,0.4845288604656678,0.47819972226213375,0.48171582296756843,-0.659698706628241,600028.SS,-0.008007390747784504,-0.016384545929441094,-0.005461176758157995,-0.005461176758157995,-0.016384545929441094,-0.11225600290384771
2013-05-23,-0.9235604338380301,0.47468349077857275,0.47819972226213375,0.47468349077857275,0.4774963974985457,-0.6149509931475368,600028.SS,0.7028926658847936,-0.03276909185888219,-0.04915363778832329,-0.027307915100724195,-0.03823026861704019,0.0861311266924372
2013-05-24,-0.9420925260993828,0.4711673464804293,0.47819972226213375,0.46905763374591797,0.475386771949452,-0.56467718467044,600028.SS,1.4137927225173716,-0.01638386882612969,0.0,-0.04369178392685388,-0.02730723799741279,0.09679064742381983
2013-05-27,-0.9346803848439507,0.4725737780440614,0.4760900095276224,0.46976087132408845,0.4704640653095501,-0.6334725655884862,600028.SS,-1.4298075040129405,-0.03823094572035159,-0.016384545929441094,0.005461515309813698,0.010922692067971694,-0.13288699902544182
2013-05-28,-0.9050257908632782,0.47819972226213375,0.4789029162475954,0.4704640653095501,0.4725737780440614,-0.5788439528752128,600028.SS,-0.7189074473803626,0.016384545929441094,0.02184572268759909,0.005461176758157995,0.04369246103016529,0.1051908153664525
2013-05-29,-0.9050257908632782,0.47819972226213375,0.48171582296756843,0.4774963974985457,0.4789029162475954,-0.5921830444725654,600028.SS,-0.008007390747784504,0.04915363778832329,0.02184572268759909,0.05461481454648128,0.0,-0.025914993280807288
2013-05-30,-0.9235604338380301,0.47468349077857275,0.4774963974985457,0.4718705840585998,0.4774963974985457,-0.5443992040669503,600028.SS,0.7028926658847936,-0.010923369171283101,-0.03276909185888219,-0.04369144537519818,-0.027307915100724195,0.09198764163116428
2013-05-31,-0.9272661566411917,0.4739802967931111,0.4767932035130841,0.4725737780440614,0.475386771949452,-0.673585584492896,600028.SS,1.4137927225173716,-0.01638386882612969,-0.005461176758157995,0.005461176758157995,-0.005461176758157995,-0.24937777807712772
2013-06-03,-0.9272661566411917,0.4739802967931111,0.4767932035130841,0.4704640653095501,0.4732770592149407,-0.669182019955567,600028.SS,-1.4298075040129405,-0.016384545929441094,0.0,-0.016384545929441094,0.0,0.008309574161645458
2013-06-04,-0.9309730388595349,0.4732770592149407,0.475386771949452,0.4704640653095501,0.4739802967931111,-0.6395716904017201,600028.SS,-0.7189074473803626,0.005461515309813698,-0.010922692067971694,0.0,-0.005461515309813698,0.05693198011740117
2013-06-05,-0.9383868032962212,0.4718705840585998,0.475386771949452,0.4704640653095501,0.4718705840585998,-0.7225169939275039,600028.SS,-0.008007390747784504,-0.016384545929441094,0.0,0.0,-0.010923030619627397,-0.1601813892744525
2013-06-06,-0.9383868032962212,0.4718705840585998,0.4732770592149407,0.46976087132408845,0.4718705840585998,-0.690867949596203,600028.SS,0.7028926658847936,0.0,-0.016384545929441094,-0.005461176758157995,0.0,0.06086454415219161
2013-06-07,-0.9791599569845963,0.46413501429143367,0.4718705840585998,0.4634317331205544,0.4718705840585998,-0.6383286132975022,600028.SS,1.4137927225173716,0.0,-0.010923030619627397,-0.04915363778832329,-0.06007632985629498,0.10116072082966583
2013-06-13,-0.34642442595260386,0.5841772155209572,0.6006329399759787,0.5668073083699395,0.6006329399759787,-0.5703800838976605,600028.SS,0.7028926658847936,1.0,1.0,0.802840042129368,0.932277142447979,0.13088417173355357
2013-06-14,-0.39461180784373756,0.5750351705974502,0.5860056245056586,0.5732067616127489,0.583263032824961,-0.541376655488322,600028.SS,1.4137927225173716,-0.13489895418008035,-0.1135993153131315,0.04969972160897351,-0.07099936047592238,0.05576130257095848
2013-06-17,-0.36569947146227205,0.5805203975515545,0.583263032824961,0.5741209879014539,0.5759493968861554,-0.6129670141374399,600028.SS,-1.4298075040129405,-0.0567994883807379,-0.02129963886694886,0.007100105323420089,0.04259961628555343,-0.13827835098149086
2013-06-18,-0.36569947146227205,0.5805203975515545,0.5823488065362559,0.5768635795821517,0.5823488065362559,-0.7067048854512614,600028.SS,-0.7189074473803626,0.04969938305731781,-0.007100105323420089,0.02129963886694886,0.0,-0.18099963437457203
2013-06-19,-1.0970875533421391,0.4278480947545068,0.4360759569820175,0.4223628678004026,0.4360759569820175,-0.649373983059629,600028.SS,-0.008007390747784504,-1.1359907832697251,-1.1359907832697251,-1.1998903769738831,-1.1856905048786985,0.1104033773776873
2013-06-20,-1.1866456515062018,0.41139241389219416,0.43059073002791326,0.4104781876034891,0.42601968576980537,-0.6131544338274615,600028.SS,0.7028926658847936,-0.07809946579934246,-0.04259961628555343,-0.09229933789452693,-0.12779884885666026,0.06968078632238214
2013-06-21,-1.211522527406883,0.40682136963408627,0.415049231861597,0.4013361426799821,0.40682136963408627,-0.5616312622047753,600028.SS,1.4137927225173716,-0.14909882627526483,-0.1206990820848959,-0.07099936047592238,-0.03549984951378904,0.09920059737222468
2013-06-24,-1.3309327838985485,0.3848804618176695,0.4086497786187877,0.3812236438482667,0.40682136963408627,-0.41778733648433114,600028.SS,-1.4298075040129405,0.0,-0.04969972160897351,-0.15619859304702924,-0.1703984651422137,0.2772820441957729
2013-06-25,-1.340883812518465,0.38305205283296806,0.3894515060757774,0.3711673726360546,0.3839662355289644,-0.4616574266593267,600028.SS,-0.7189074473803626,-0.1774985704656338,-0.14909848772360915,-0.07809946579934246,-0.014199872095184475,-0.08480754082127814
2013-06-26,-1.385662281892905,0.3748241906054574,0.3848804618176695,0.3702531899400583,0.38305205283296806,-0.48502600907194476,600028.SS,-0.008007390747784504,-0.0070997667717643854,-0.03549984951378904,-0.0070997667717643854,-0.06389959370415799,-0.045261306607003664
2013-06-27,-1.3806869994659834,0.3757384168941625,0.3803094175595616,0.372995781620756,0.37756682587886387,-0.5507409688348229,600028.SS,0.7028926658847936,-0.04259961628555343,-0.03549984951378904,0.02129963886694886,0.007100105323420089,-0.12694504305357773
2013-06-28,-1.3458595587114588,0.382137826544263,0.3867088708023709,0.3748241906054574,0.3757384168941625,-0.4785850652303779,600028.SS,1.4137927225173716,-0.014199872095184475,0.04969972160897351,0.014199872095184475,0.04969938305731781,0.13899995558959158
2013-07-01,-1.301080161804873,0.3903656887717737,0.39219409775647507,0.3793952348635653,0.3793952348635653,-0.43248924433562325,600028.SS,-1.4298075040129405,0.02839974419036895,0.04259961628555343,0.03549984951378904,0.06389959370415799,0.08873154867895433
2013-07-02,-1.3160062409686744,0.3876230534983672,0.3903656887717737,0.37848100857486017,0.3903656887717737,-0.3571557530293955,600028.SS,-0.7189074473803626,0.08519923257110686,-0.014199872095184475,-0.007100105323420089,-0.021299977418604565,0.1451293402644934
2013-07-03,-1.3110314223078259,0.3885372797870723,0.3903656887717737,0.3748241906054574,0.3848804618176695,-0.18237918671438977,600028.SS,-0.008007390747784504,-0.04259961628555343,0.0,-0.02839974419036895,0.007100105323420089,0.33694933618213785
2013-07-04,-1.3259570377055536,0.3857946445136658,0.3894515060757774,0.3812236438482667,0.3848804618176695,-0.5009566330317524,600028.SS,0.7028926658847936,0.0,-0.0070997667717643854,0.04969972160897351,-0.021299977418604565,-0.6147022964804765
2013-07-05,-1.340883812518465,0.38305205283296806,0.3894515060757774,0.382137826544263,0.3857946445136658,-0.5444840469909553,600028.SS,1.4137927225173716,0.0070997667717643854,0.0,0.0070997667717643854,-0.02129963886694886,-0.08414653802838773
2013-07-08,-1.3657611521852187,0.37848100857486017,0.38305205283296806,0.3766525995901588,0.382137826544263,-0.5976973251896214,600028.SS,-1.4298075040129405,-0.02839974419036895,-0.04969972160897351,-0.04259961628555343,-0.03549984951378904,-0.10283001537166847
2013-07-09,-1.2712273078281608,0.3958509157258779,0.39676514201458296,0.3766525995901588,0.37756682587886387,-0.07413190203751953,600028.SS,-0.7189074473803626,-0.035499510962133336,0.10649920998971142,0.0,0.13489895418008035,1.009743063535258
2013-07-10,-1.1319161535118452,0.4214486851044063,0.4287623210432119,0.3940225067411765,0.3958509157258779,0.29191659201219355,600028.SS,-0.008007390747784504,0.14199872095184476,0.24849793094155617,0.13489895418008035,0.19879854788423837,0.7059019293515757
2013-07-11,-1.1120136325059407,0.42510550307380907,0.433333321708611,0.41687764084629836,0.4187060498309998,0.31789716747924057,600028.SS,0.7028926658847936,0.1774985704656338,0.035499510962133336,0.1774985704656338,0.02839974419036895,0.04993039238441392
2013-07-12,-1.1418664864826524,0.41962027611970487,0.4232770940891077,0.4123066401808993,0.4232770940891077,-0.34688397010367794,600028.SS,1.4137927225173716,0.03549984951378904,-0.07809912724768676,-0.035499510962133336,-0.04259961628555343,-1.2825093875159295
2013-07-15,-1.1567930294125264,0.41687764084629836,0.4223628678004026,0.4132208228768956,0.41962027611970487,-0.46705921705104897,600028.SS,-1.4298075040129405,-0.02839974419036895,-0.007100105323420089,0.0070997667717643854,-0.021299977418604565,-0.2319958177252281
2013-07-16,-1.1866456515062018,0.41139241389219416,0.41687764084629836,0.4049929606493849,0.41687764084629836,-0.4312600561528545,600028.SS,-0.7189074473803626,-0.021299977418604565,-0.04259961628555343,-0.06389959370415799,-0.04259961628555343,0.06886988130461769
2013-07-17,-1.211522527406883,0.40682136963408627,0.4187060498309998,0.4049929606493849,0.4095640049074928,-0.32576756699200454,600028.SS,-0.008007390747784504,-0.0567994883807379,0.014199872095184475,0.0,-0.03549984951378904,0.20330431971724286
2013-07-18,-1.236400098956673,0.40225036896868716,0.4077355959227914,0.3985935509992844,0.40590718693808997,-0.4380573415175433,600028.SS,0.7028926658847936,-0.02839974419036895,-0.08519923257110686,-0.04969938305731781,-0.035499510962133336,-0.21678519307759883
2013-07-19,-1.211522527406883,0.40682136963408627,0.4086497786187877,0.39676514201458296,0.4049929606493849,-0.38341249193456134,600028.SS,1.4137927225173716,-0.007100105323420089,0.0070997667717643854,-0.014199872095184475,0.035499510962133336,0.10522213535812548
2013-07-22,-1.211522527406883,0.40682136963408627,0.4095640049074928,0.39767932471057926,0.4004219599839858,-0.4699070733099819,600028.SS,-1.4298075040129405,-0.035499510962133336,0.007100105323420089,0.0070997667717643854,0.0,-0.1670277429553681
2013-07-23,-1.196595752593973,0.4095640049074928,0.4123066401808993,0.4031645516646835,0.4040787779533886,-0.36011020489700046,600028.SS,-0.7189074473803626,0.02839974419036895,0.021299977418604565,0.04259961628555343,0.021299977418604565,0.21160722075383062
2013-07-24,-1.221473556026799,0.4049929606493849,0.4095640049074928,0.40225036896868716,0.40682136963408627,-0.6227617536072977,600028.SS,-0.008007390747784504,0.02129963886694886,-0.021299977418604565,-0.0070997667717643854,-0.03549984951378904,-0.5068244432490581
2013-07-25,-1.2463502000444437,0.4004219599839858,0.4077355959227914,0.39676514201458296,0.40682136963408627,-0.44059533072128065,600028.SS,0.7028926658847936,0.0,-0.014199872095184475,-0.04259961628555343,-0.035499510962133336,0.3512039462407894
2013-07-26,-1.261276742974318,0.39767932471057926,0.3995077336952807,0.3949367330298816,0.39767932471057926,-0.6211981442966639,600028.SS,1.4137927225173716,-0.07099936047592238,-0.06389959370415799,-0.014199872095184475,-0.021299977418604565,-0.34855713265716604
2013-07-29,-1.306055676114831,0.3894515060757774,0.3958509157258779,0.3867088708023709,0.3940225067411765,-0.6011210126533983,600028.SS,-1.4298075040129405,-0.02839974419036895,-0.02839974419036895,-0.06389959370415799,-0.06389925515250229,0.03854298737830512
2013-07-30,-1.2513257143544019,0.3995077336952807,0.3995077336952807,0.3894515060757774,0.39219409775647507,-0.5259935072206501,600028.SS,-0.7189074473803626,-0.014199872095184475,0.02839974419036895,0.021299977418604565,0.07809912724768676,0.14473200531274905
2013-07-31,-1.2463502000444437,0.4004219599839858,0.40225036896868716,0.39767932471057926,0.3985935509992844,-0.6811411826073019,600028.SS,-0.008007390747784504,0.04969972160897351,0.021299977418604565,0.06389925515250229,0.007100105323420089,-0.2994556290782136
2013-08-01,-1.221473556026799,0.4049929606493849,0.40682136963408627,0.4004219599839858,0.40225036896868716,-0.6351014577991341,600028.SS,0.7028926658847936,0.02839974419036895,0.035499510962133336,0.021299977418604565,0.035499510962133336,0.08862334254092878
2013-08-02,-1.2164978098338046,0.40590718693808997,0.4095640049074928,0.40225036896868716,0.40682136963408627,-0.7078701075727223,600028.SS,1.4137927225173716,0.035499510962133336,0.021299977418604565,0.014199872095184475,0.007100105323420089,-0.14055120707193
2013-08-05,-1.2065472449799612,0.4077355959227914,0.4077355959227914,0.3995077336952807,0.40682136963408627,-0.6445640060708228,600028.SS,-1.4298075040129405,0.0,-0.014199872095184475,-0.021299977418604565,0.014199872095184475,0.12192919422151852
2013-08-06,-1.2164978098338046,0.40590718693808997,0.4077355959227914,0.40225036896868716,0.4049929606493849,-0.6294183297870178,600028.SS,-0.7189074473803626,-0.014199872095184475,0.0,0.021299977418604565,-0.014199872095184475,0.029030492447549367
2013-08-07,-1.2413751495005585,0.4013361426799821,0.40682136963408627,0.3995077336952807,0.4049929606493849,-0.5804714723436244,600028.SS,-0.008007390747784504,0.0,-0.007100105323420089,-0.021299977418604565,-0.03549984951378904,0.09423103488322397
2013-08-08,-1.2513257143544019,0.3995077336952807,0.40225036896868716,0.39767932471057926,0.4004219599839858,-0.6880773137059599,600028.SS,0.7028926658847936,-0.035499510962133336,-0.035499510962133336,-0.014199872095184475,-0.014199872095184475,-0.20775015428616098
2013-08-09,-1.2413751495005585,0.4013361426799821,0.4031645516646835,0.3958509157258779,0.4013361426799821,-0.637380265814861,600028.SS,1.4137927225173716,0.0070997667717643854,0.0070997667717643854,-0.014199872095184475,0.014199872095184475,0.09760705201166002
2013-08-12,-1.1717188766932916,0.4141350491656007,0.415049231861597,0.4013361426799821,0.40225036896868716,-0.45580293569330077,600028.SS,-1.4298075040129405,0.007100105323420089,0.09229933789452693,0.04259961628555343,0.09939944321794703,0.35006762003946007
2013-08-13,-1.166743826149406,0.415049231861597,0.41687764084629836,0.4104781876034891,0.4141350491656007,-0.6222570875961226,600028.SS,-0.7189074473803626,0.09229933789452693,0.014199872095184475,0.07099936047592238,0.0070997667717643854,-0.3212651746798882
2013-08-14,-1.1717188766932916,0.4141350491656007,0.4177918671350035,0.4123066401808993,0.41596345815030206,-0.6249017966385987,600028.SS,-0.008007390747784504,0.014199872095184475,0.007100105323420089,0.014200210646840178,-0.0070997667717643854,-0.0052861418717263554
2013-08-15,-1.1866456515062018,0.41139241389219416,0.41687764084629836,0.4104781876034891,0.4141350491656007,-0.6885299459537269,600028.SS,0.7028926658847936,-0.014199872095184475,-0.007100105323420089,-0.014200210646840178,-0.021299977418604565,-0.12291970522554937
2013-08-16,-1.1766946228862858,0.4132208228768956,0.4525316378443301,0.40682136963408627,0.41139241389219416,-0.08225906405398076,600028.SS,1.4137927225173716,-0.021299977418604565,0.2768976751319251,-0.02839974419036895,0.014199872095184475,1.1692771563611248
2013-08-19,-1.1866456515062018,0.41139241389219416,0.4132208228768956,0.4077355959227914,0.4086497786187877,-0.5551937222670341,600028.SS,-1.4298075040129405,-0.021299977418604565,-0.30529741932229404,0.007100105323420089,-0.014199872095184475,-0.912448517150712
2013-08-20,-1.221473556026799,0.4049929606493849,0.4123066401808993,0.4031645516646835,0.4104781876034891,-0.5393514258846006,600028.SS,-0.7189074473803626,0.014199872095184475,-0.0070997667717643854,-0.03549984951378904,-0.04969972160897351,0.030374232717681682
2013-08-21,-1.221473556026799,0.4049929606493849,0.40682136963408627,0.4013361426799821,0.40682136963408627,-0.6713042732413266,600028.SS,-0.008007390747784504,-0.02839974419036895,-0.04259995483720913,-0.014199872095184475,0.0,-0.25471413433241963
2013-08-22,-1.236400098956673,0.40225036896868716,0.40590718693808997,0.4004219599839858,0.4031645516646835,-0.6954967929363591,600028.SS,0.7028926658847936,-0.02839974419036895,-0.0070997667717643854,-0.0070997667717643854,-0.02129963886694886,-0.046850634432346876
2013-08-23,-1.2563016924304324,0.3985935509992844,0.4049929606493849,0.3958509157258779,0.4040787779533886,-0.6479026083619649,600028.SS,1.4137927225173716,0.007100105323420089,-0.007100105323420089,-0.03549984951378904,-0.02839974419036895,0.09162180639560522
2013-08-26,-1.221473556026799,0.4049929606493849,0.4104781876034891,0.3985935509992844,0.4004219599839858,-0.5457166949810797,600028.SS,-1.4298075040129405,-0.02839974419036895,0.04259961628555343,0.021299977418604565,0.04969938305731781,0.1969261244275433
2013-08-27,-1.236400098956673,0.40225036896868716,0.40590718693808997,0.4013361426799821,0.4049929606493849,-0.6588121698152516,600028.SS,-0.7189074473803626,0.035499510962133336,-0.035499510962133336,0.02129963886694886,-0.02129963886694886,-0.21833934282507214
2013-08-28,-1.2164978098338046,0.40590718693808997,0.4077355959227914,0.40225036896868716,0.40225036896868716,-0.5332045035532307,600028.SS,-0.008007390747784504,-0.02129963886694886,0.014199872095184475,0.007100105323420089,0.02839974419036895,0.24210534421380758
2013-08-29,-1.221473556026799,0.4049929606493849,0.4086497786187877,0.4031645516646835,0.4077355959227914,-0.652357666261912,600028.SS,0.7028926658847936,0.04259961628555343,0.0070997667717643854,0.0070997667717643854,-0.007100105323420089,-0.2300242757704402
2013-08-30,-1.2314241208806425,0.4031645516646835,0.40682136963408627,0.4004219599839858,0.4040787779533886,-0.5061512200953422,600028.SS,1.4137927225173716,-0.02839974419036895,-0.014199872095184475,-0.02129963886694886,-0.014199872095184475,0.28183921081890034
2013-09-02,-1.2314241208806425,0.4031645516646835,0.4049929606493849,0.3995077336952807,0.4031645516646835,-0.6082608127347932,600028.SS,-1.4298075040129405,-0.007100105323420089,-0.014199872095184475,-0.007100105323420089,0.0,-0.19714820530687807
2013-09-03,-1.211522527406883,0.40682136963408627,0.4077355959227914,0.40225036896868716,0.4031645516646835,-0.582473564097436,600028.SS,-0.7189074473803626,0.0,0.021299977418604565,0.021299977418604565,0.02839974419036895,0.049557476003071095
2013-09-04,-1.2015719625530394,0.4086497786187877,0.4104781876034891,0.4040787779533886,0.40590718693808997,-0.5717321231933198,600028.SS,-0.008007390747784504,0.021299977418604565,0.02129963886694886,0.014199872095184475,0.014199872095184475,0.02053497466033611
2013-09-05,-1.2015719625530394,0.4086497786187877,0.4095640049074928,0.4040787779533886,0.4086497786187877,-0.6347618003739606,600028.SS,0.7028926658847936,0.02129963886694886,-0.0070997667717643854,0.0,0.0,-0.12176528675665077
2013-09-06,-1.1866456515062018,0.41139241389219416,0.4132208228768956,0.40682136963408627,0.4077355959227914,-0.5876913946064923,600028.SS,1.4137927225173716,-0.0070997667717643854,0.02839974419036895,0.02129963886694886,0.021299977418604565,0.09061146707738287
2013-09-09,-1.1319161535118452,0.4214486851044063,0.42601968576980537,0.41139241389219416,0.41139241389219416,-0.2020049221990513,600028.SS,-1.4298075040129405,0.02839974419036895,0.09939910466629133,0.03549984951378904,0.07809946579934246,0.7437824648044229
2013-09-10,-1.1120136325059407,0.42510550307380907,0.4269339120585105,0.41596345815030206,0.4214486851044063,-0.2734142031030491,600028.SS,-0.7189074473803626,0.07809946579934246,0.007100105323420089,0.03549984951378904,0.02839974419036895,-0.1379290623826955
2013-09-11,-1.092111807149145,0.4287623210432119,0.4369901832707226,0.42510550307380907,0.42601968576980537,-0.1285637653827674,600028.SS,-0.008007390747784504,0.035499510962133336,0.07809946579934246,0.07099936047592238,0.02839974419036895,0.27922354819374207
2013-09-12,-1.0718215777065412,0.424191276785104,0.4278480947545068,0.41596345815030206,0.4232770940891077,-0.24307461200056663,600028.SS,0.7028926658847936,-0.02129963886694886,-0.07099969902757808,-0.07099936047592238,-0.03549984951378904,-0.2210695139278199
2013-09-13,-1.1022583131686645,0.4187060498309998,0.42510550307380907,0.415049231861597,0.4232770940891077,-0.5112250058421409,600028.SS,1.4137927225173716,0.0,-0.02129963886694886,-0.007100105323420089,-0.04259961628555343,-0.5174314005514165
2013-09-16,-1.1022583131686645,0.4187060498309998,0.4205344588157012,0.41596345815030206,0.4187060498309998,-0.6330985833959027,600028.SS,-1.4298075040129405,-0.03549984951378904,-0.03549984951378904,0.007100105323420089,0.0,-0.23527180019013016
2013-09-17,-1.1580586470246692,0.4086497786187877,0.4187060498309998,0.4077355959227914,0.4177918671350035,-0.5775472145937139,600028.SS,-0.7189074473803626,-0.0070997667717643854,-0.014199872095184475,-0.06389959370415799,-0.07809946579934246,0.10697075900951782
2013-09-18,-1.1631310884438024,0.4077355959227914,0.4132208228768956,0.40590718693808997,0.4095640049074928,-0.6138485072097242,600028.SS,-0.008007390747784504,-0.06389959370415799,-0.04259961628555343,-0.014199872095184475,-0.0070997667717643854,-0.07020776384597956
2013-09-23,-1.1479128366542586,0.4104781876034891,0.4123066401808993,0.4077355959227914,0.4095640049074928,-0.6542054829074789,600028.SS,-1.4298075040129405,0.0,-0.0070997667717643854,0.014199872095184475,0.02129963886694886,-0.07803094421439473
2013-09-24,-1.1479128366542586,0.4104781876034891,0.41596345815030206,0.4086497786187877,0.4123066401808993,-0.5857358953391705,600028.SS,-0.7189074473803626,0.021299977418604565,0.02839974419036895,0.0070997667717643854,0.0,0.1318892630960174
2013-09-25,-1.1682037617459706,0.40682136963408627,0.4104781876034891,0.40682136963408627,0.4095640049074928,-0.5893569222637894,600028.SS,-0.008007390747784504,-0.021299977418604565,-0.04259995483720913,-0.014199872095184475,-0.02839974419036895,-0.007169403146083262
2013-09-26,-1.188494686837684,0.4031645516646835,0.4095640049074928,0.40225036896868716,0.40682136963408627,-0.6090306167656736,600028.SS,0.7028926658847936,-0.021299977418604565,-0.0070997667717643854,-0.035499510962133336,-0.02839974419036895,-0.038134079458299906
2013-09-27,-1.1732764350481402,0.40590718693808997,0.40682136963408627,0.40225036896868716,0.4031645516646835,-0.6690737907215188,600028.SS,1.4137927225173716,-0.02839974419036895,-0.021299977418604565,0.0,0.021299977418604565,-0.11600449309316296
2013-09-30,-1.1732764350481402,0.40590718693808997,0.40682136963408627,0.4031645516646835,0.4049929606493849,-0.7259299354905174,600028.SS,-1.4298075040129405,0.014199872095184475,0.0,0.0070997667717643854,0.0,-0.10985689633435032
2013-10-08,-1.1580586470246692,0.4086497786187877,0.4095640049074928,0.4031645516646835,0.4031645516646835,-0.6580946107388925,600028.SS,-0.7189074473803626,-0.014199872095184475,0.021299977418604565,0.0,0.02129963886694886,0.1306658064511357
2013-10-09,-1.1479128366542586,0.4104781876034891,0.4104781876034891,0.40590718693808997,0.4077355959227914,-0.7126975823664135,600028.SS,-0.008007390747784504,0.03549984951378904,0.0070997667717643854,0.021299977418604565,0.014199872095184475,-0.10551065439883238
2013-10-10,-1.1732764350481402,0.40590718693808997,0.4104781876034891,0.4031645516646835,0.4104781876034891,-0.6546518912289078,600028.SS,0.7028926658847936,0.02129963886694886,0.0,-0.021299977418604565,-0.035499510962133336,0.11178216392771384
2013-10-11,-1.1580586470246692,0.4086497786187877,0.4123066401808993,0.40590718693808997,0.40682136963408627,-0.6163356738932031,600028.SS,1.4137927225173716,-0.02839974419036895,0.014200210646840178,0.021299977418604565,0.02129963886694886,0.07372513900380954
2013-10-14,-1.1682037617459706,0.40682136963408627,0.4095640049074928,0.4049929606493849,0.4086497786187877,-0.6192655530536286,600028.SS,-1.4298075040129405,0.014199872095184475,-0.021299977418604565,-0.007100105323420089,-0.014199872095184475,-0.005836218695638745
2013-10-15,-1.1834220135355145,0.4040787779533886,0.4077355959227914,0.4031645516646835,0.40682136963408627,-0.6235741002244956,600028.SS,-0.7189074473803626,-0.014199872095184475,-0.014199872095184475,-0.014199872095184475,-0.02129963886694886,-0.008495590322183087
2013-10-16,-1.2037129386272272,0.4004219599839858,0.4049929606493849,0.3995077336952807,0.4040787779533886,-0.6330707744954875,600028.SS,-0.008007390747784504,-0.02129963886694886,-0.021299977418604565,-0.02839974419036895,-0.02839974419036895,-0.018503190339362444
2013-10-17,-1.2037129386272272,0.4004219599839858,0.4031645516646835,0.3985935509992844,0.4013361426799821,-0.677999584355822,600028.SS,0.7028926658847936,-0.021299977418604565,-0.014199872095184475,-0.0070997667717643854,0.0,-0.08684975045429377
2013-10-18,-1.2087858438124324,0.3995077336952807,0.4013361426799821,0.3985935509992844,0.4004219599839858,-0.7276805358974429,600028.SS,1.4137927225173716,-0.0070997667717643854,-0.014199872095184475,0.0,-0.007100105323420089,-0.09601635957035332
2013-10-21,-1.1935680557889616,0.40225036896868716,0.4040787779533886,0.3995077336952807,0.3995077336952807,-0.6812077450770023,600028.SS,-1.4298075040129405,-0.007100105323420089,0.021299977418604565,0.0070997667717643854,0.021299977418604565,0.08945870207399721
2013-10-22,-1.198640497208094,0.4013361426799821,0.4031645516646835,0.4004219599839858,0.40225036896868716,-0.7362496153184243,600028.SS,-0.7189074473803626,0.021299977418604565,-0.007100105323420089,0.007100105323420089,-0.007100105323420089,-0.10635726468636943
2013-10-23,-1.2138589808806741,0.3985935509992844,0.4049929606493849,0.3985935509992844,0.4013361426799821,-0.7004965748324662,600028.SS,-0.008007390747784504,-0.007100105323420089,0.014199872095184475,-0.014199872095184475,-0.02129963886694886,0.06878091767104004
2013-10-24,-1.2341499059723866,0.3949367330298816,0.4004219599839858,0.3940225067411765,0.3985935509992844,-0.6260388558039545,600028.SS,0.7028926658847936,-0.02129963886694886,-0.035499510962133336,-0.03549984951378904,-0.02839974419036895,0.1434400257021528
2013-10-25,-1.2595137362493045,0.3903656887717737,0.3958509157258779,0.3885372797870723,0.3949367330298816,-0.6497291754546346,600028.SS,1.4137927225173716,-0.02839974419036895,-0.03549984951378904,-0.04259961628555343,-0.03549984951378904,-0.04588191931116812
2013-10-28,-1.2544408310640986,0.39127991506047877,0.3931083240451802,0.3876230534983672,0.39127991506047877,-0.7193865018439807,600028.SS,-1.4298075040129405,-0.02839974419036895,-0.02129963886694886,-0.007100105323420089,0.007100105323420089,-0.13454964247016035
2013-10-29,-1.2240045593680489,0.39676514201458296,0.40225036896868716,0.3903656887717737,0.39127991506047877,-0.4191182256111466,600028.SS,-0.7189074473803626,0.0,0.07099936047592238,0.021299977418604565,0.04259961628555343,0.5790156568586777
2013-10-30,-1.1479128366542586,0.4104781876034891,0.41139241389219416,0.39767932471057926,0.3995077336952807,-0.18827823279381256,600028.SS,-0.008007390747784504,0.06389925515250229,0.07099936047592238,0.0567994883807379,0.10649887143805571,0.44509247477531294
2013-10-31,-1.1377670262838475,0.4123066401808993,0.41687764084629836,0.40682136963408627,0.4123066401808993,-0.4140126804478139,600028.SS,0.7028926658847936,0.09939944321794703,0.04259961628555343,0.07099936047592238,0.014200210646840178,-0.4356134698023414
2013-11-01,-1.1276214477964734,0.4141350491656007,0.41687764084629836,0.4086497786187877,0.4104781876034891,-0.5191900041411265,600028.SS,1.4137927225173716,-0.014200210646840178,0.0,0.014199872095184475,0.014199872095184475,-0.20306568280016987
2013-11-04,-1.1326945848647152,0.4132208228768956,0.41596345815030206,0.41139241389219416,0.415049231861597,-0.6597893386733511,600028.SS,-1.4298075040129405,0.03549984951378904,-0.0070997667717643854,0.021299977418604565,-0.007100105323420089,-0.2713927128514337
2013-11-05,-1.0819664605448067,0.4223628678004026,0.4269339120585105,0.4104781876034891,0.4132208228768956,-0.11060847706604154,600028.SS,-0.7189074473803626,-0.014199872095184475,0.08519923257110686,-0.007100105323420089,0.07099936047592238,1.0591537771467676
2013-11-06,-1.0312385681079346,0.4315049127239096,0.4424754102248268,0.4232770940891077,0.4296765037392082,0.3143995196452953,600028.SS,-0.008007390747784504,0.12779884885666026,0.1206990820848959,0.09939944321794703,0.07099936047592238,0.8196314329782556
2013-11-07,-0.9957298549927512,0.4379043659667189,0.4379043659667189,0.42510550307380907,0.43059073002791326,-0.22613238260818969,600028.SS,0.7028926658847936,0.007100105323420089,-0.03549984951378904,0.014199872095184475,0.04969972160897351,-1.04283972915552
2013-11-08,-1.0008018326458115,0.4369901832707226,0.4379043659667189,0.42601968576980537,0.4324191390126147,-0.36310320535428076,600028.SS,1.4137927225173716,0.014199872095184475,0.0,0.0070997667717643854,-0.0070997667717643854,-0.2643935214452768
2013-11-11,-1.0058747378310167,0.4360759569820175,0.4369901832707226,0.4287623210432119,0.4342475479973161,-0.5077416134083415,600028.SS,-1.4298075040129405,0.014199872095184475,-0.0070997667717643854,0.021299977418604565,-0.007100105323420089,-0.2791838543301267
2013-11-12,-1.010947643016222,0.43516177428602115,0.4369901832707226,0.4324191390126147,0.433333321708611,-0.558197319548998,600028.SS,-0.7189074473803626,-0.007100105323420089,0.0,0.02839974419036895,-0.0070997667717643854,-0.09751081681648201
2013-11-13,-1.0515299569657193,0.4278480947545068,0.4324191390126147,0.4223628678004026,0.4315049127239096,-0.3301450245808313,600028.SS,-0.008007390747784504,-0.014199872095184475,-0.03549984951378904,-0.07809946579934246,-0.056799826932393604,0.4397151652944899
2013-11-14,-1.0718215777065412,0.424191276785104,0.4278480947545068,0.4214486851044063,0.4269339120585105,-0.6068024821941251,600028.SS,0.7028926658847936,-0.035499510962133336,-0.03549984951378904,-0.0070997667717643854,-0.02839974419036895,-0.5338410393102576
2013-11-15,-1.010947643016222,0.43516177428602115,0.4369901832707226,0.4214486851044063,0.4223628678004026,-0.22330504915626403,600028.SS,1.4137927225173716,-0.03549984951378904,0.07099969902757808,0.0,0.08519957112276255,0.739559933241523
2013-11-18,-0.9196374366298524,0.4516174551483338,0.4525316378443301,0.4342475479973161,0.4369901832707226,-0.17719879914741574,600028.SS,-1.4298075040129405,0.1135993153131315,0.12069874353324019,0.09939910466629133,0.12779884885666026,0.08875166584269531
2013-11-19,-0.9145649952107197,0.4525316378443301,0.466244727025945,0.44978904616363236,0.44978904616363236,-0.26565198554182395,600028.SS,-0.7189074473803626,0.09939910466629133,0.10649920998971142,0.1206990820848959,0.0070997667717643854,-0.17080577985450185
2013-11-20,-0.9247105736980941,0.4507032288596287,0.4607595000718408,0.44521800190552446,0.45801690839114306,-0.5105381937072728,600028.SS,-0.008007390747784504,0.06389959370415799,-0.04259961628555343,-0.03549984951378904,-0.014199872095184475,-0.47255611887868265
2013-11-21,-0.8790555864464273,0.45893109108713936,0.4616737263605459,0.43973277495142027,0.4488748198749273,-0.34517016043098503,600028.SS,0.7028926658847936,-0.07099969902757808,0.007100105323420089,-0.04259961628555343,0.06389959370415799,0.31880081484046985
2013-11-22,-0.8638373346568838,0.4616737263605459,0.4653305443299487,0.4507032288596287,0.45801690839114306,-0.11942299782966408,600028.SS,1.4137927225173716,0.07099969902757808,0.02839974419036895,0.08519923257110686,0.021299977418604565,0.43526869698929155
2013-11-25,-0.9652933514136648,0.4433895929208231,0.45344586413303517,0.4406470012401254,0.4433895929208231,0.14360145848314018,600028.SS,-1.4298075040129405,-0.1135993153131315,-0.09229933789452693,-0.07809912724768676,-0.14199905950350045,0.5071744614372069
2013-11-26,-1.0312385681079346,0.4315049127239096,0.4415611839361217,0.4287623210432119,0.43881859225542397,-0.18573590796074982,600028.SS,-0.7189074473803626,-0.035499510962133336,-0.09229933789452693,-0.09229933789452693,-0.09229933789452693,-0.6354575661114938
2013-11-27,-1.0312385681079346,0.4315049127239096,0.4342475479973161,0.42601968576980537,0.4315049127239096,-0.29973624975424246,600028.SS,-0.008007390747784504,-0.056799826932393604,-0.0567994883807379,-0.021299977418604565,0.0,-0.2200847793617801
2013-11-28,-0.9906562541584369,0.43881859225542397,0.4433895929208231,0.4296765037392082,0.4324191390126147,-0.23159273505332142,600028.SS,0.7028926658847936,0.007100105323420089,0.07099936047592238,0.02839974419036895,0.056799826932393604,0.13126028721121494
2013-11-29,-1.0008018326458115,0.4369901832707226,0.43881859225542397,0.4342475479973161,0.43881859225542397,-0.5947012438266887,600028.SS,1.4137927225173716,0.04969972160897351,-0.035499510962133336,0.03549984951378904,-0.014199872095184475,-0.7006001653644099
2013-12-02,-0.8841282597485964,0.45801690839114306,0.4598453173758445,0.4296765037392082,0.4360759569820175,0.3318462908187806,600028.SS,-1.4298075040129405,-0.021299977418604565,0.1632986983704493,-0.03549984951378904,0.1632986983704493,1.7870724751078395
2013-12-03,-0.9247105736980941,0.4507032288596287,0.4561884558137329,0.447960637178931,0.4525316378443301,-0.2608780973873738,600028.SS,-0.7189074473803626,0.12779884885666026,-0.028400082742024654,0.14199905950350045,-0.056799826932393604,-1.1435160451432247
2013-12-04,-0.9196374366298524,0.4516174551483338,0.4552742731177366,0.4488748198749273,0.44978904616363236,-0.43622584249122826,600028.SS,-0.008007390747784504,-0.02129963886694886,-0.0070997667717643854,0.0070997667717643854,0.007100105323420089,-0.33842040656873196
2013-12-05,-0.9247105736980941,0.4507032288596287,0.4525316378443301,0.4488748198749273,0.4507032288596287,-0.5998638230136112,600028.SS,0.7028926658847936,0.0070997667717643854,-0.021299977418604565,0.0,-0.007100105323420089,-0.315832941388113
2013-12-06,-0.9297837107663357,0.44978904616363236,0.4507032288596287,0.4433895929208231,0.44978904616363236,-0.6099780200998084,600028.SS,1.4137927225173716,-0.0070997667717643854,-0.014199872095184475,-0.04259961628555343,-0.0070997667717643854,-0.019694356480204834
2013-12-09,-0.9145649952107197,0.4525316378443301,0.45893109108713936,0.4470464108902259,0.44978904616363236,-0.4622714399751495,600028.SS,-1.4298075040129405,0.0,0.06389959370415799,0.02839974419036895,0.02129963886694886,0.28473288330128455
2013-12-10,-0.9652933514136648,0.4433895929208231,0.45344586413303517,0.4415611839361217,0.4516174551483338,-0.47545399547704487,600028.SS,-0.7189074473803626,0.014199872095184475,-0.04259961628555343,-0.04259961628555343,-0.07099936047592238,-0.025613044118545994
2013-12-11,-1.0210932215035962,0.433333321708611,0.4424754102248268,0.4269339120585105,0.4424754102248268,-0.36709458074203427,600028.SS,-0.008007390747784504,-0.07099936047592238,-0.08519923257110686,-0.1135989767614758,-0.07809946579934246,0.208834454941673
2013-12-12,-0.9855840446223405,0.43973277495142027,0.44521800190552446,0.4296765037392082,0.43059073002791326,-0.4756609627680507,600028.SS,0.7028926658847936,-0.09229933789452693,0.02129963886694886,0.02129963886694886,0.04969972160897351,-0.20960298220977214
2013-12-13,-1.0160205482014275,0.4342475479973161,0.4415611839361217,0.4324191390126147,0.4342475479973161,-0.6074115759993094,600028.SS,1.4137927225173716,0.02839974419036895,-0.02839974419036895,0.021299977418604565,-0.04259961628555343,-0.254324036287703
2013-12-16,-1.041384842244418,0.4296765037392082,0.4369901832707226,0.4278480947545068,0.4342475479973161,-0.6412672134086052,600028.SS,-1.4298075040129405,0.0,-0.035499510962133336,-0.03549984951378904,-0.03549984951378904,-0.06549023503136345
2013-12-17,-1.0464568198974777,0.4287623210432119,0.4324191390126147,0.4278480947545068,0.4287623210432119,-0.6742908137351421,600028.SS,-0.7189074473803626,-0.04259961628555343,-0.03549984951378904,0.0,-0.0070997667717643854,-0.0638852831550862
2013-12-18,-1.0566028621509251,0.4269339120585105,0.4315049127239096,0.42510550307380907,0.4287623210432119,-0.673803403280222,600028.SS,-0.008007390747784504,0.0,-0.007100105323420089,-0.02129963886694886,-0.014199872095184475,0.0007555372411837555
2013-12-19,-1.0870398294960844,0.4214486851044063,0.4315049127239096,0.4205344588157012,0.4278480947545068,-0.6286913478601048,600028.SS,0.7028926658847936,-0.007100105323420089,0.0,-0.03549984951378904,-0.04259961628555343,0.08683392142524933
2013-12-20,-1.1174756374260628,0.41596345815030206,0.42510550307380907,0.4123066401808993,0.4223628678004026,-0.52126488850248,600028.SS,1.4137927225173716,-0.04259961628555343,-0.04969938305731781,-0.06389925515250229,-0.04259961628555343,0.2070348374553303
2013-12-23,-1.0870398294960844,0.4214486851044063,0.42601968576980537,0.41139241389219416,0.41596345815030206,-0.6711946774765454,600028.SS,-1.4298075040129405,-0.04969938305731781,0.0070997667717643854,-0.007100105323420089,0.04259961628555343,-0.2893906250518126
2013-12-24,-1.1073300589386883,0.4177918671350035,0.424191276785104,0.4132208228768956,0.4223628678004026,-0.6535814131677624,600028.SS,-0.7189074473803626,0.04969938305731781,-0.014199872095184475,0.014199872095184475,-0.02839974419036895,0.03379032841235573
2013-12-25,-1.1022583131686645,0.4187060498309998,0.4214486851044063,0.415049231861597,0.4177918671350035,-0.7117076302344577,600028.SS,-0.008007390747784504,-0.035499510962133336,-0.02129963886694886,0.014199872095184475,0.0070997667717643854,-0.1123067930510175
2013-12-26,-1.152985046190355,0.4095640049074928,0.41962027611970487,0.4040787779533886,0.41962027611970487,-0.4226051461788384,600028.SS,0.7028926658847936,0.014199872095184475,-0.014199872095184475,-0.08519923257110686,-0.07099936047592238,0.5574774832889089
2013-12-27,-1.152985046190355,0.4095640049074928,0.4132208228768956,0.4031645516646835,0.4095640049074928,-0.6190744064616082,600028.SS,1.4137927225173716,-0.07809946579934246,-0.04969972160897351,-0.007100105323420089,0.0,-0.3791625995775096
2013-12-30,-1.178349572116382,0.4049929606493849,0.4123066401808993,0.4040787779533886,0.41139241389219416,-0.6285261964095267,600028.SS,-1.4298075040129405,0.014199872095184475,-0.0070997667717643854,0.007100105323420089,-0.03549984951378904,-0.018416611050981024
2013-12-31,-1.152985046190355,0.4095640049074928,0.41139241389219416,0.4031645516646835,0.4031645516646835,-0.5860357805085122,600028.SS,-0.7189074473803626,-0.06389959370415799,-0.007100105323420089,-0.007100105323420089,0.03549984951378904,0.08177692895184241
2014-01-02,-1.1631310884438024,0.4077355959227914,0.4104781876034891,0.40590718693808997,0.4077355959227914,-0.6365200968335137,600028.SS,0.7028926658847936,0.03549984951378904,-0.007100105323420089,0.021299977418604565,-0.014199872095184475,-0.09756600422338553
2014-01-03,-1.2037129386272272,0.4004219599839858,0.40590718693808997,0.39767932471057926,0.4049929606493849,-0.6153623188981492,600028.SS,1.4137927225173716,-0.021299977418604565,-0.035499510962133336,-0.06389959370415799,-0.0567994883807379,0.04062749217987685
2014-01-06,-1.152985046190355,0.4095640049074928,0.4104781876034891,0.3931083240451802,0.3985935509992844,-0.4458654620883883,600028.SS,-1.4298075040129405,-0.04969938305731781,0.035499510962133336,-0.035499510962133336,0.07099936047592238,0.32676507895102336
2014-01-07,-1.1935680557889616,0.40225036896868716,0.40682136963408627,0.4013361426799821,0.4049929606493849,-0.5755725217810976,600028.SS,-0.7189074473803626,0.04969938305731781,-0.02839974419036895,0.06389925515250229,-0.0567994883807379,-0.25038213855990826
2014-01-08,-1.198640497208094,0.4013361426799821,0.4077355959227914,0.3985935509992844,0.4031645516646835,-0.6385557369168188,600028.SS,-0.008007390747784504,-0.014199872095184475,0.007100105323420089,-0.02129963886694886,-0.007100105323420089,-0.12167566413319478
2014-01-09,-1.1935680557889616,0.40225036896868716,0.40590718693808997,0.3985935509992844,0.40225036896868716,-0.7053718347212866,600028.SS,0.7028926658847936,-0.0070997667717643854,-0.014199872095184475,0.0,0.007100105323420089,-0.1290690752662165
2014-01-10,-1.1834220135355145,0.4040787779533886,0.40682136963408627,0.4013361426799821,0.4013361426799821,-0.6810238597323764,600028.SS,1.4137927225173716,-0.007100105323420089,0.0070997667717643854,0.02129963886694886,0.014199872095184475,0.04678119957210695
2014-01-13,-1.152985046190355,0.4095640049074928,0.4104781876034891,0.4013361426799821,0.4049929606493849,-0.5784713993283956,600028.SS,-1.4298075040129405,0.02839974419036895,0.02839974419036895,0.0,0.04259961628555343,0.19763317264047936
2014-01-14,-1.0971849442173864,0.41962027611970487,0.4205344588157012,0.40682136963408627,0.4077355959227914,-0.41211668117090455,600028.SS,-0.7189074473803626,0.021299977418604565,0.07809946579934246,0.04259961628555343,0.07809946579934246,0.32070407346222624
2014-01-15,-1.066747976872227,0.42510550307380907,0.42601968576980537,0.415049231861597,0.4187060498309998,-0.5626104498014576,600028.SS,-0.008007390747784504,0.08519923257110686,0.04259961628555343,0.06389959370415799,0.04259961628555343,-0.2904785095062659
2014-01-16,-1.0819664605448067,0.4223628678004026,0.42510550307380907,0.4205344588157012,0.424191276785104,-0.7207715117993236,600028.SS,0.7028926658847936,0.04259961628555343,-0.0070997667717643854,0.04259961628555343,-0.021299977418604565,-0.3052682792543107
2014-01-17,-1.0616755354530942,0.42601968576980537,0.4278480947545068,0.41962027611970487,0.4214486851044063,-0.5475662943281027,600028.SS,1.4137927225173716,-0.02129963886694886,0.02129963886694886,-0.0070997667717643854,0.02839974419036895,0.3339182942642025
2014-01-20,-1.0819664605448067,0.4223628678004026,0.42601968576980537,0.41139241389219416,0.42601968576980537,-0.668721312753469,600028.SS,-1.4298075040129405,0.035499510962133336,-0.014199872095184475,-0.06389959370415799,-0.02839974419036895,-0.23388574078817345
2014-01-21,-1.0870398294960844,0.4214486851044063,0.42510550307380907,0.41687764084629836,0.4187060498309998,-0.7264505899112678,600028.SS,-0.7189074473803626,-0.0567994883807379,-0.0070997667717643854,0.04259961628555343,-0.0070997667717643854,-0.11154111870217634
2014-01-22,-1.066747976872227,0.42510550307380907,0.42601968576980537,0.41962027611970487,0.4205344588157012,-0.6214481759402671,600028.SS,-0.008007390747784504,0.014199872095184475,0.0070997667717643854,0.021299977418604565,0.02839974419036895,0.20235899274592856
2014-01-23,-1.1022583131686645,0.4187060498309998,0.4223628678004026,0.415049231861597,0.4214486851044063,-0.6180789323031907,600028.SS,0.7028926658847936,0.007100105323420089,-0.02839974419036895,-0.03549984951378904,-0.04969972160897351,0.006314428387578382
2014-01-24,-1.09211273468129,0.4205344588157012,0.4214486851044063,0.41596345815030206,0.4177918671350035,-0.6746384156730766,600028.SS,1.4137927225173716,-0.02839974419036895,-0.0070997667717643854,0.007100105323420089,0.014199872095184475,-0.10928465348725697
2014-01-27,-1.1326945848647152,0.4132208228768956,0.4177918671350035,0.4104781876034891,0.4177918671350035,-0.6444215452419146,600028.SS,-1.4298075040129405,0.0,-0.02839974419036895,-0.04259995483720913,-0.0567994883807379,0.05810196272906305
2014-01-28,-1.1479128366542586,0.4104781876034891,0.41687764084629836,0.4095640049074928,0.415049231861597,-0.7032916084670681,600028.SS,-0.7189074473803626,-0.021299977418604565,-0.007100105323420089,-0.0070997667717643854,-0.021299977418604565,-0.11374162968560649
2014-01-29,-1.1479128366542586,0.4104781876034891,0.4132208228768956,0.4086497786187877,0.4104781876034891,-0.6684070665884247,600028.SS,-0.008007390747784504,-0.03549984951378904,-0.02839974419036895,-0.007100105323420089,0.0,0.06710563360229131
2014-01-30,-1.1631310884438024,0.4077355959227914,0.41139241389219416,0.40682136963408627,0.4104781876034891,-0.7650072421179284,600028.SS,0.7028926658847936,0.0,-0.014199872095184475,-0.014199872095184475,-0.02129963886694886,-0.1865208552631932
2014-02-07,-1.1580586470246692,0.4086497786187877,0.4095640049074928,0.40225036896868716,0.40590718693808997,-0.7467499691437346,600028.SS,1.4137927225173716,-0.035499510962133336,-0.014199872095184475,-0.035499510962133336,0.0070997667717643854,0.035032584241221694
2014-02-10,-1.1326945848647152,0.4132208228768956,0.4132208228768956,0.4077355959227914,0.4086497786187877,-0.5591025157179953,600028.SS,-1.4298075040129405,0.02129963886694886,0.02839974419036895,0.04259961628555343,0.03549984951378904,0.3617765402164002
2014-02-11,-1.1225490063773407,0.415049231861597,0.4177918671350035,0.4095640049074928,0.4123066401808993,-0.5171549976311614,600028.SS,-0.7189074473803626,0.028400082742024654,0.03549984951378904,0.014199872095184475,0.014199872095184475,0.0807297101637006
2014-02-12,-1.1326945848647152,0.4132208228768956,0.4187060498309998,0.41139241389219416,0.415049231861597,-0.640232563298676,600028.SS,-0.008007390747784504,0.02129963886694886,0.0070997667717643854,0.014199872095184475,-0.014199872095184475,-0.2375942243010556
2014-02-13,-1.142840163352089,0.41139241389219416,0.415049231861597,0.41139241389219416,0.4141350491656007,-0.6755415682574778,600028.SS,0.7028926658847936,-0.0070997667717643854,-0.02839974419036895,0.0,-0.014199872095184475,-0.06829369779021818
2014-02-14,-1.1276214477964734,0.4141350491656007,0.415049231861597,0.4104781876034891,0.41139241389219416,-0.7287658656630539,600028.SS,1.4137927225173716,-0.021299977418604565,0.0,-0.007100105323420089,0.021299977418604565,-0.10285127079065388
2014-02-17,-1.1073300589386883,0.4177918671350035,0.4187060498309998,0.4123066401808993,0.415049231861597,-0.5219660057295206,600028.SS,-1.4298075040129405,0.02839974419036895,0.02839974419036895,0.014200210646840178,0.02839974419036895,0.39872043538269325
2014-02-18,-1.1276214477964734,0.4141350491656007,0.41962027611970487,0.4123066401808993,0.41687764084629836,-0.5088451242442038,600028.SS,-0.7189074473803626,0.014199872095184475,0.007100105323420089,0.0,-0.02839974419036895,0.02512477925489327
2014-02-19,-1.041384842244418,0.4296765037392082,0.4433895929208231,0.41139241389219416,0.4132208228768956,0.06322546877239459,600028.SS,-0.008007390747784504,-0.02839974419036895,0.18459833723739819,-0.007100105323420089,0.12069874353324019,1.10330675798629
2014-02-20,-0.8029633999665647,0.47264418026875427,0.47264418026875427,0.4616737263605459,0.4616737263605459,0.29847177161153016,600028.SS,0.7028926658847936,0.3762971183498722,0.22719829207460732,0.39049699044505665,0.3336975020643187,0.4535919944283329
2014-02-21,-0.8841282597485964,0.45801690839114306,0.4708157712840529,0.43881859225542397,0.466244727025945,0.7340116206815714,600028.SS,1.4137927225173716,0.035499510962133336,-0.014199872095184475,-0.1774985704656338,-0.1135989767614758,0.8399467729481186
2014-02-24,-0.9805106756710625,0.4406470012401254,0.45436004682903147,0.4287623210432119,0.4488748198749273,-0.05476747207500785,600028.SS,-1.4298075040129405,-0.13489895418008035,-0.12779918740831597,-0.07809946579934246,-0.13489895418008035,-1.521694340848359
2014-02-25,-0.9450019625558792,0.4470464108902259,0.45893109108713936,0.433333321708611,0.43881859225542397,-0.07298137633294102,600028.SS,-0.7189074473803626,-0.07809912724768676,0.03549984951378904,0.035499510962133336,0.04969938305731781,-0.03531822768973213
2014-02-26,-0.8536915242864731,0.46350213534524726,0.46441631804124356,0.44978904616363236,0.45436004682903147,-0.09025377197340093,600028.SS,-0.008007390747784504,0.12069874353324019,0.04259961628555343,0.12779918740831597,0.12779918740831597,-0.03350211149316231
2014-02-27,-0.681217385650217,0.4945850880851711,0.5101265862514874,0.4616737263605459,0.4653305443299487,1.3404727360823483,600028.SS,0.7028926658847936,0.08519957112276255,0.3549971409312676,0.09229933789452693,0.24139782561813608,2.7596048370926756
2014-02-28,-0.7015078469758569,0.4909282701157683,0.5000703150392752,0.480872042496265,0.4845288604656678,0.23703741967753383,600028.SS,1.4137927225173716,0.14909882627526483,-0.07809946579934246,0.14909882627526483,-0.02839974419036895,-2.1286481737858267
2014-03-03,-0.6964361012058331,0.49184249640447336,0.5064697682820846,0.4854430431616641,0.4881856784350706,0.49346643963791,600028.SS,-1.4298075040129405,0.02839974419036895,0.04969972160897351,0.035499510962133336,0.007100105323420089,0.4944522424784089
2014-03-04,-0.721799931482751,0.48727145214636547,0.5000703150392752,0.47904358991885476,0.49184249640447336,-0.1551871569065855,600028.SS,-0.7189074473803626,0.02839974419036895,-0.04969972160897351,-0.04969972160897351,-0.03549984951378904,-1.251400284585646
2014-03-05,-0.8384730406138934,0.466244727025945,0.48727145214636547,0.4653305443299487,0.48635726945036917,-0.07953263647367546,600028.SS,-0.008007390747784504,-0.04259961628555343,-0.09939910466629133,-0.10649887143805571,-0.1632986983704493,0.14574858706236452
2014-03-06,-0.7776004972217921,0.4772151809341534,0.4845288604656678,0.45893109108713936,0.4680731360106464,-0.14334814957529524,600028.SS,0.7028926658847936,-0.14199905950350045,-0.02129963886694886,-0.04969972160897351,0.08519923257110686,-0.1232811192381064
2014-03-07,-0.7116534254632313,0.4890998611310669,0.509212403555491,0.47904358991885476,0.480872042496265,0.3996547197609801,600028.SS,1.4137927225173716,0.09939944321794703,0.19169844256081828,0.15619859304702924,0.09229933789452693,1.0472367839111463
2014-03-10,-0.7877460757091665,0.475386771949452,0.4890998611310669,0.4708157712840529,0.4845288604656678,-0.13496480031542932,600028.SS,-1.4298075040129405,0.02839974419036895,-0.15619893159868492,-0.06389925515250229,-0.10649920998971142,-1.0314350825778666
2014-03-11,-0.7776004972217921,0.4772151809341534,0.48270045148096635,0.4699015449953478,0.47355836296475057,-0.44674975654867505,600028.SS,-0.7189074473803626,-0.08519957112276255,-0.04969938305731781,-0.007100105323420089,0.014199872095184475,-0.6015999721598445
2014-03-12,-0.9044194167233448,0.45436004682903147,0.4744725892534557,0.4406470012401254,0.4717299539800492,0.00532852450516852,600028.SS,-0.008007390747784504,-0.014199872095184475,-0.06389959370415799,-0.2271979535229516,-0.1774985704656338,0.8718484609775482
2014-03-13,-0.8993467434211762,0.4552742731177366,0.4625879090565422,0.4507032288596287,0.45436004682903147,-0.3919721422934855,600028.SS,0.7028926658847936,-0.13489895418008035,-0.09229933789452693,0.07809912724768676,0.007100105323420089,-0.7665548797801399
2014-03-14,-0.9044194167233448,0.45436004682903147,0.4625879090565422,0.4488748198749273,0.4516174551483338,-0.5380256239790135,600028.SS,1.4137927225173716,-0.02129963886694886,0.0,-0.014199872095184475,-0.007100105323420089,-0.2819134503144352
2014-03-17,-0.8536915242864731,0.46350213534524726,0.4699015449953478,0.4561884558137329,0.466244727025945,-0.4942377306276039,600028.SS,-1.4298075040129405,0.1135989767614758,0.0567994883807379,0.0567994883807379,0.07099969902757808,0.08427968863838765
2014-03-18,-0.8790555864464273,0.45893109108713936,0.466244727025945,0.457102682102438,0.46350213534524726,-0.5695000194711425,600028.SS,-0.7189074473803626,-0.02129963886694886,-0.02839974419036895,0.007100105323420089,-0.03549984951378904,-0.1453612940103693
2014-03-19,-0.8638373346568838,0.4616737263605459,0.4653305443299487,0.457102682102438,0.45893109108713936,-0.5641481447201923,600028.SS,-0.008007390747784504,-0.03549984951378904,-0.0070997667717643854,0.0,0.021299977418604565,0.010138810247611579
2014-03-20,-0.8536915242864731,0.46350213534524726,0.4744725892534557,0.457102682102438,0.4607595000718408,-0.3049144508720438,600028.SS,0.7028926658847936,0.014199872095184475,0.07099936047592238,0.0,0.014199872095184475,0.499862297765369
2014-03-21,-0.7674549187344177,0.47904358991885476,0.48270045148096635,0.45801690839114306,0.45893109108713936,-0.13884278470986613,600028.SS,1.4137927225173716,-0.014199872095184475,0.06389959370415799,0.007100105323420089,0.12069874353324019,0.32015808237555965
2014-03-24,-0.7776004972217921,0.4772151809341534,0.47904358991885476,0.466244727025945,0.4744725892534557,-0.32127694823548447,600028.SS,-1.4298075040129405,0.1206990820848959,-0.028400082742024654,0.06389925515250229,-0.014199872095184475,-0.35208970181743043
2014-03-25,-0.8029633999665647,0.47264418026875427,0.4845288604656678,0.4689873622993515,0.480872042496265,-0.4463659104888012,600028.SS,-0.7189074473803626,0.04969972160897351,0.04259995483720913,0.021299977418604565,-0.035499510962133336,-0.2414740931088461
2014-03-26,-0.8131094422200118,0.4708157712840529,0.475386771949452,0.4653305443299487,0.475386771949452,-0.576088567266376,600028.SS,-0.008007390747784504,-0.04259995483720913,-0.07099969902757808,-0.02839974419036895,-0.014199872095184475,-0.2504122244432636
2014-03-27,-0.8689097760760166,0.4607595000718408,0.4699015449953478,0.4598453173758445,0.46715895331465007,-0.5160032109914066,600028.SS,0.7028926658847936,-0.06389925515250229,-0.04259961628555343,-0.04259961628555343,-0.07809946579934246,0.11571656115252951
2014-03-28,-0.8790555864464273,0.45893109108713936,0.46441631804124356,0.4561884558137329,0.46350213534524726,-0.47812446362383665,600028.SS,1.4137927225173716,-0.02839974419036895,-0.04259961628555343,-0.028400082742024654,-0.014199872095184475,0.07288128449212743
2014-03-31,-0.8739829131442582,0.4598453173758445,0.4653305443299487,0.457102682102438,0.4598453173758445,-0.5367605333069888,600028.SS,-1.4298075040129405,-0.02839974419036895,0.007100105323420089,0.007100105323420089,0.007100105323420089,-0.11329026954547136
2014-04-01,-0.8689097760760166,0.4607595000718408,0.4616737263605459,0.457102682102438,0.4598453173758445,-0.6270374605600509,600028.SS,-0.7189074473803626,0.0,-0.02839974419036895,0.0,0.0070997667717643854,-0.17432367151293018
2014-04-02,-0.8435464095651714,0.4653305443299487,0.4680731360106464,0.4607595000718408,0.46350213534524726,-0.5392562718650652,600028.SS,-0.008007390747784504,0.02839974419036895,0.04969938305731781,0.02839974419036895,0.03549984951378904,0.16914023556398874
2014-04-03,-0.8536915242864731,0.46350213534524726,0.4680731360106464,0.4552742731177366,0.4653305443299487,-0.25310234496038925,600028.SS,0.7028926658847936,0.014199872095184475,0.0,-0.04259961628555343,-0.014199872095184475,0.5517898854284549
2014-04-04,-0.8689097760760166,0.4607595000718408,0.4607595000718408,0.4561884558137329,0.45801690839114306,-0.5720471892768039,600028.SS,1.4137927225173716,-0.0567994883807379,-0.0567994883807379,0.0070997667717643854,-0.021299977418604565,-0.6154109861772913
2014-04-08,-0.8181821155221809,0.4699015449953478,0.4799578162075599,0.45893109108713936,0.45893109108713936,0.2629354007847818,600028.SS,-0.7189074473803626,0.0070997667717643854,0.14909882627526483,0.021299977418604565,0.07099936047592238,1.6104489415462568
2014-04-09,-0.7319450462040528,0.4854430431616641,0.4881856784350706,0.4699015449953478,0.4717299539800492,0.014374784035082945,600028.SS,-0.008007390747784504,0.09939910466629133,0.06389959370415799,0.08519923257110686,0.1206990820848959,-0.4796438425795877
2014-04-10,-0.7065809840440986,0.490014087419772,0.4954993143738762,0.4817862251922613,0.48727145214636547,-0.10411474786916353,600028.SS,0.7028926658847936,0.1206990820848959,0.0567994883807379,0.09229933789452693,0.03549984951378904,-0.22874416995928848
2014-04-11,-0.7268719091358111,0.48635726945036917,0.5000703150392752,0.4836146341769627,0.490014087419772,-0.28503317414032403,600028.SS,1.4137927225173716,0.021299977418604565,0.035499510962133336,0.014199872095184475,-0.02839974419036895,-0.34916593147005676
2014-04-14,-0.6659995976267461,0.49732772335857756,0.49732772335857756,0.48270045148096635,0.48635726945036917,-0.35900352619443904,600028.SS,-1.4298075040129405,-0.02839974419036895,-0.02129963886694886,-0.0070997667717643854,0.08519923257110686,-0.14286922194148752
2014-04-15,-0.7420908565744635,0.4836146341769627,0.49732772335857756,0.48270045148096635,0.4945850880851711,-0.3766816510210097,600028.SS,-0.7189074473803626,0.06389925515250229,0.0,0.0,-0.10649920998971142,-0.03428473985432836
2014-04-16,-0.7573086445979343,0.480872042496265,0.4881856784350706,0.475386771949452,0.48270045148096635,-0.5233393442701035,600028.SS,-0.008007390747784504,-0.09229899934287124,-0.07099936047592238,-0.056799826932393604,-0.02129963886694886,-0.28307893981329013
2014-04-17,-0.7674549187344177,0.47904358991885476,0.48270045148096635,0.475386771949452,0.47904358991885476,-0.5303143655911201,600028.SS,0.7028926658847936,-0.028400082742024654,-0.04259961628555343,0.0,-0.014200210646840178,-0.0136390662308982
2014-04-18,-0.7725271282705142,0.47812940722285846,0.4799578162075599,0.4717299539800492,0.47812940722285846,-0.6118548631004435,600028.SS,1.4137927225173716,-0.0070997667717643854,-0.021299977418604565,-0.02839974419036895,-0.0070997667717643854,-0.1574715989313971
2014-04-21,-0.8232545569413136,0.4689873622993515,0.48270045148096635,0.4689873622993515,0.4744725892534557,-0.5821235458847055,600028.SS,-1.4298075040129405,-0.02839974419036895,0.021299977418604565,-0.02129963886694886,-0.07099936047592238,0.05716535838741131
2014-04-22,-0.7725271282705142,0.47812940722285846,0.480872042496265,0.466244727025945,0.46715895331465007,-0.3693505739060245,600028.SS,-0.7189074473803626,-0.0567994883807379,-0.014199872095184475,-0.021299977418604565,0.07099936047592238,0.41024222639744945
2014-04-23,-0.7776004972217921,0.4772151809341534,0.4854430431616641,0.4744725892534557,0.4763009982381571,-0.5468565617459413,600028.SS,-0.008007390747784504,0.07099936047592238,0.035499510962133336,0.06389959370415799,-0.007100105323420089,-0.34258353318950685
2014-04-24,-0.7928187490113351,0.4744725892534557,0.4799578162075599,0.47264418026875427,0.475386771949452,-0.7040462626413229,600028.SS,0.7028926658847936,-0.007100105323420089,-0.04259961628555343,-0.014199872095184475,-0.02129963886694886,-0.303394579324007
2014-04-25,-0.8536915242864731,0.46350213534524726,0.47812940722285846,0.4607595000718408,0.4772151809341534,-0.4946012278025637,600028.SS,1.4137927225173716,0.014199872095184475,-0.014199872095184475,-0.09229933789452693,-0.08519923257110686,0.4038228262679016
2014-04-28,-0.8536915242864731,0.46350213534524726,0.4699015449953478,0.457102682102438,0.4653305443299487,-0.5465049658113647,600028.SS,-1.4298075040129405,-0.09229899934287124,-0.06389959370415799,-0.02839974419036895,0.0,-0.10030398735160029
2014-04-29,-0.8790555864464273,0.45893109108713936,0.4607595000718408,0.4507032288596287,0.4607595000718408,-0.4129848319340327,600028.SS,-0.7189074473803626,-0.03549984951378904,-0.07099936047592238,-0.04969972160897351,-0.03549984951378904,0.2573680410434609
2014-04-30,-0.8790555864464273,0.45893109108713936,0.46441631804124356,0.4552742731177366,0.457102682102438,-0.6304479982712752,600028.SS,-0.008007390747784504,-0.02839974419036895,0.02839974419036895,0.03549984951378904,0.0,-0.41965864189427116
2014-05-05,-0.8689097760760166,0.4607595000718408,0.46350213534524726,0.4525316378443301,0.45801690839114306,-0.5910452026577899,600028.SS,-1.4298075040129405,0.007100105323420089,-0.0070997667717643854,-0.021299977418604565,0.014199872095184475,0.0758210862659963
2014-05-06,-0.8739829131442582,0.4598453173758445,0.4616737263605459,0.457102682102438,0.4598453173758445,-0.7183045200786654,600028.SS,-0.7189074473803626,0.014199872095184475,-0.014199872095184475,0.03549984951378904,-0.0070997667717643854,-0.24566058391621715
2014-05-07,-0.9196374366298524,0.4516174551483338,0.45893109108713936,0.4507032288596287,0.45801690839114306,-0.5803370305655173,600028.SS,-0.008007390747784504,-0.014199872095184475,-0.021299977418604565,-0.04969972160897351,-0.06389959370415799,0.26594673533495644
2014-05-08,-0.9094923219085506,0.45344586413303517,0.45893109108713936,0.4488748198749273,0.4507032288596287,-0.6124513102848448,600028.SS,0.7028926658847936,-0.056799826932393604,0.0,-0.014199872095184475,0.014199872095184475,-0.06213125578669137
2014-05-09,-0.9094923219085506,0.45344586413303517,0.4561884558137329,0.4516174551483338,0.45436004682903147,-0.6687002930261953,600028.SS,1.4137927225173716,0.02839974419036895,-0.021299977418604565,0.021299977418604565,0.0,-0.10868571555927324
2014-05-12,-0.8536915242864731,0.46350213534524726,0.4653305443299487,0.45344586413303517,0.4561884558137329,-0.48325247579471936,600028.SS,-1.4298075040129405,0.014199872095184475,0.07099969902757808,0.014199872095184475,0.07809946579934246,0.35753356798563724
2014-05-13,-0.8384730406138934,0.466244727025945,0.4744725892534557,0.4625879090565422,0.46441631804124356,-0.4477272049244244,600028.SS,-0.7189074473803626,0.06389959370415799,0.07099936047592238,0.07099936047592238,0.02129963886694886,0.0683415631283251
2014-05-14,-0.8232545569413136,0.4689873622993515,0.4717299539800492,0.4625879090565422,0.4625879090565422,-0.6439680806527013,600028.SS,-0.008007390747784504,-0.014199872095184475,-0.021299977418604565,0.0,0.021299977418604565,-0.3787220588530136
2014-05-15,-0.8739829131442582,0.4598453173758445,0.4680731360106464,0.4598453173758445,0.4680731360106464,-0.6954435727758148,600028.SS,0.7028926658847936,0.04259961628555343,-0.02839974419036895,-0.02129963886694886,-0.07099936047592238,-0.09947792556663371
2014-05-16,-0.8739829131442582,0.4598453173758445,0.4625879090565422,0.45801690839114306,0.4598453173758445,-0.7140092282559078,600028.SS,1.4137927225173716,-0.06389925515250229,-0.04259961628555343,-0.014199872095184475,0.0,-0.035996735650118426
2014-05-19,-0.8942743020020434,0.4561884558137329,0.4607595000718408,0.4488748198749273,0.4598453173758445,-0.5684726865121378,600028.SS,-1.4298075040129405,0.0,-0.014199872095184475,-0.07099969902757808,-0.028400082742024654,0.28054700355725526
2014-05-20,-0.8892011649338017,0.457102682102438,0.4607595000718408,0.4552742731177366,0.4561884558137329,-0.707552283581759,600028.SS,-0.7189074473803626,-0.028400082742024654,0.0,0.04969972160897351,0.007100105323420089,-0.2684612263316662
2014-05-21,-0.8334008310777969,0.46715895331465007,0.46715895331465007,0.4561884558137329,0.457102682102438,-0.5663237237620528,600028.SS,-0.008007390747784504,0.007100105323420089,0.04969972160897351,0.0070997667717643854,0.07809946579934246,0.27223715317285935
2014-05-22,-0.8435464095651714,0.4653305443299487,0.4699015449953478,0.4625879090565422,0.466244727025945,-0.6548793626924109,600028.SS,0.7028926658847936,0.07099936047592238,0.02129963886694886,0.04969972160897351,-0.014199872095184475,-0.17100340492820282
2014-05-23,-0.8334008310777969,0.46715895331465007,0.46715895331465007,0.4625879090565422,0.46441631804124356,-0.7534020357720361,600028.SS,1.4137927225173716,-0.014199872095184475,-0.02129963886694886,0.0,0.014199872095184475,-0.1902292429230021
2014-05-26,-0.8536915242864731,0.46350213534524726,0.4689873622993515,0.4616737263605459,0.4689873622993515,-0.7068876837828044,600028.SS,-1.4298075040129405,0.03549984951378904,0.014199872095184475,-0.0070997667717643854,-0.02839974419036895,0.08953887118810738
2014-05-27,-0.8689097760760166,0.4607595000718408,0.4653305443299487,0.4598453173758445,0.46350213534524726,-0.6800668285680777,600028.SS,-0.7189074473803626,-0.04259961628555343,-0.02839974419036895,-0.014199872095184475,-0.021299977418604565,0.05155124388921071
2014-05-28,-0.8536915242864731,0.46350213534524726,0.4653305443299487,0.45893109108713936,0.4607595000718408,-0.6715539321947298,600028.SS,-0.008007390747784504,-0.021299977418604565,0.0,-0.007100105323420089,0.021299977418604565,0.016236239904230346
2014-05-29,-0.8334008310777969,0.46715895331465007,0.4689873622993515,0.46350213534524726,0.46441631804124356,-0.5674194453727374,600028.SS,0.7028926658847936,0.02839974419036895,0.02839974419036895,0.03549984951378904,0.02839974419036895,0.20068481098752178
2014-05-30,-0.8384730406138934,0.466244727025945,0.4699015449953478,0.46350213534524726,0.4680731360106464,-0.6414882249086435,600028.SS,1.4137927225173716,0.02839974419036895,0.0070997667717643854,0.0,-0.007100105323420089,-0.14305908291625807
2014-06-03,-0.7914344072846053,0.4607595000718408,0.466244727025945,0.45344586413303517,0.4561884558137329,-0.5890265883051166,600028.SS,-0.7189074473803626,-0.09229933789452693,-0.02839974419036895,-0.07809946579934246,-0.04259961628555343,0.10101084256806007
2014-06-04,-0.7914344072846053,0.4607595000718408,0.4607595000718408,0.4561884558137329,0.4607595000718408,-0.6889084252747223,600028.SS,-0.008007390747784504,0.03549984951378904,-0.04259961628555343,0.02129963886694886,0.0,-0.1928509922183096
2014-06-05,-0.7966612828059156,0.4598453173758445,0.4607595000718408,0.4552742731177366,0.45801690839114306,-0.7073694169236795,600028.SS,0.7028926658847936,-0.02129963886694886,0.0,-0.0070997667717643854,-0.0070997667717643854,-0.0357948451146594
2014-06-06,-0.7966612828059156,0.4598453173758445,0.4607595000718408,0.457102682102438,0.4607595000718408,-0.7225639404696834,600028.SS,1.4137927225173716,0.02129963886694886,0.0,0.014199872095184475,0.0,-0.029494015236678474
2014-06-09,-0.8018876945611546,0.45893109108713936,0.46350213534524726,0.4561884558137329,0.457102682102438,-0.7546419760670716,600028.SS,-1.4298075040129405,-0.02839974419036895,0.021299977418604565,-0.007100105323420089,-0.007100105323420089,-0.0620613429514152
2014-06-10,-0.7548497568809747,0.46715895331465007,0.4699015449953478,0.4561884558137329,0.4598453173758445,-0.4624293426013398,600028.SS,-0.7189074473803626,0.021299977418604565,0.04969938305731781,0.0,0.06389959370415799,0.5634767833618238
2014-06-11,-0.7496226494766282,0.4680731360106464,0.4699015449953478,0.46350213534524726,0.46441631804124356,-0.6670743015876032,600028.SS,-0.008007390747784504,0.035499510962133336,0.0,0.056799826932393604,0.0070997667717643854,-0.3949330540992509
2014-06-12,-0.7705289921466894,0.46441631804124356,0.4680731360106464,0.4616737263605459,0.4680731360106464,-0.6932326067994746,600028.SS,0.7028926658847936,0.02839974419036895,-0.014199872095184475,-0.014199872095184475,-0.02839974419036895,-0.050642522100560194
2014-06-13,-0.7443964696044263,0.4689873622993515,0.4699015449953478,0.46441631804124356,0.46441631804124356,-0.6291394954024664,600028.SS,1.4137927225173716,-0.02839974419036895,0.014199872095184475,0.02129963886694886,0.03549984951378904,0.12344729123182885
2014-06-16,-0.7025847117964494,0.4763009982381571,0.4763009982381571,0.4689873622993515,0.4689873622993515,-0.3885980412608039,600028.SS,-1.4298075040129405,0.03549984951378904,0.04969972160897351,0.03549984951378904,0.0567994883807379,0.463806038001949
2014-06-17,-0.7182634832960907,0.47355836296475057,0.475386771949452,0.4717299539800492,0.475386771949452,-0.659188531013611,600028.SS,-0.7189074473803626,0.04969938305731781,-0.007100105323420089,0.02129963886694886,-0.021299977418604565,-0.5221382058034666
2014-06-18,-0.7496226494766282,0.4680731360106464,0.47355836296475057,0.46715895331465007,0.47264418026875427,-0.6603935129678968,600028.SS,-0.008007390747784504,-0.02129963886694886,-0.014199872095184475,-0.035499510962133336,-0.04259961628555343,-0.002508990781469125
2014-06-19,-0.7705289921466894,0.46441631804124356,0.4708157712840529,0.4607595000718408,0.4680731360106464,-0.6195742709807078,600028.SS,0.7028926658847936,-0.03549984951378904,-0.02129963886694886,-0.04969972160897351,-0.02839974419036895,0.07855333019145233
2014-06-20,-0.7653023485084149,0.4653305443299487,0.46715895331465007,0.45893109108713936,0.46350213534524726,-0.67952593085797,600028.SS,1.4137927225173716,-0.035499510962133336,-0.02839974419036895,-0.014199872095184475,0.007100105323420089,-0.11582796767720345
2014-06-23,-0.7809820475402018,0.4625879090565422,0.4689873622993515,0.4616737263605459,0.466244727025945,-0.6852627821624004,600028.SS,-1.4298075040129405,0.02129963886694886,0.014199872095184475,0.021299977418604565,-0.021299977418604565,-0.011250707187235027
2014-06-24,-0.7757554039019274,0.46350213534524726,0.466244727025945,0.4616737263605459,0.4625879090565422,-0.7266685888321903,600028.SS,-0.7189074473803626,-0.02839974419036895,-0.021299977418604565,0.0,0.007100105323420089,-0.08005407908584057
2014-06-25,-0.7182634832960907,0.47355836296475057,0.4763009982381571,0.4625879090565422,0.4625879090565422,-0.38934706160153704,600028.SS,-0.008007390747784504,0.0,0.07809946579934246,0.0070997667717643854,0.07809912724768676,0.6504892557443692
2014-06-26,-0.7025847117964494,0.4763009982381571,0.480872042496265,0.4708157712840529,0.47264418026875427,-0.46273204779319416,600028.SS,0.7028926658847936,0.07809946579934246,0.03549984951378904,0.06389959370415799,0.021299977418604565,-0.14174008472064936
2014-06-27,-0.6869052446476985,0.47904358991885476,0.480872042496265,0.4717299539800492,0.4763009982381571,-0.47314797486522264,600028.SS,1.4137927225173716,0.02839974419036895,0.0,0.0070997667717643854,0.02129963886694886,-0.020276376340766112
2014-06-30,-0.6712253137328753,0.4817862251922613,0.4845288604656678,0.47355836296475057,0.480872042496265,-0.4826123368958842,600028.SS,-1.4298075040129405,0.03549984951378904,0.02839974419036895,0.014199872095184475,0.021299977418604565,-0.01844086187850441
2014-07-01,-0.7600757048701402,0.466244727025945,0.4772151809341534,0.46350213534524726,0.4772151809341534,-0.13705523828112487,600028.SS,-0.7189074473803626,-0.028400082742024654,-0.056799826932393604,-0.07809912724768676,-0.1206990820848959,0.6663752012377004
2014-07-02,-0.7548497568809747,0.46715895331465007,0.4680731360106464,0.46441631804124356,0.46715895331465007,-0.5680101531280605,600028.SS,-0.008007390747784504,-0.07809912724768676,-0.07099936047592238,0.0070997667717643854,0.007100105323420089,-0.831471996659952
2014-07-03,-0.7653023485084149,0.4653305443299487,0.466244727025945,0.4616737263605459,0.466244727025945,-0.5304285578683665,600028.SS,0.7028926658847936,-0.007100105323420089,-0.014199872095184475,-0.02129963886694886,-0.014199872095184475,0.07230809509593608
2014-07-04,-0.7809820475402018,0.4625879090565422,0.466244727025945,0.45893109108713936,0.46441631804124356,-0.4229921663169146,600028.SS,1.4137927225173716,-0.014199872095184475,0.0,-0.021299977418604565,-0.021299977418604565,0.20705399608833913
2014-07-07,-0.7914344072846053,0.4607595000718408,0.46441631804124356,0.45801690839114306,0.4616737263605459,-0.47241693061513085,600028.SS,-1.4298075040129405,-0.02129963886694886,-0.014199872095184475,-0.0070997667717643854,-0.014199872095184475,-0.09552218905139355
2014-07-08,-0.786207763646331,0.4616737263605459,0.4625879090565422,0.45801690839114306,0.4598453173758445,-0.4924708436589432,600028.SS,-0.7189074473803626,-0.014199872095184475,-0.014199872095184475,0.0,0.007100105323420089,-0.03886749924800422
2014-07-09,-0.8227935734651428,0.4552742731177366,0.4607595000718408,0.4552742731177366,0.4607595000718408,-0.5158123128595192,600028.SS,-0.008007390747784504,0.0070997667717643854,-0.014199872095184475,-0.021299977418604565,-0.04969972160897351,-0.04520900677393075
2014-07-10,-0.8332468607416916,0.45344586413303517,0.457102682102438,0.45344586413303517,0.4552742731177366,-0.6305506060948083,600028.SS,0.7028926658847936,-0.04259961628555343,-0.02839974419036895,-0.014199872095184475,-0.014199872095184475,-0.22150824542555894
2014-07-11,-0.8123416774868119,0.457102682102438,0.45801690839114306,0.4525316378443301,0.45436004682903147,-0.6574482417022158,600028.SS,1.4137927225173716,-0.007100105323420089,0.007100105323420089,-0.007100105323420089,0.02839974419036895,-0.05206864808712077
2014-07-14,-0.7966612828059156,0.4598453173758445,0.4607595000718408,0.4525316378443301,0.457102682102438,-0.5920129859343555,600028.SS,-1.4298075040129405,0.021299977418604565,0.02129963886694886,0.0,0.021299977418604565,0.12603621084956018
2014-07-15,-0.8071141063163922,0.45801690839114306,0.4607595000718408,0.457102682102438,0.4598453173758445,-0.6355675814321371,600028.SS,-0.7189074473803626,0.021299977418604565,0.0,0.03549984951378904,-0.014199872095184475,-0.08419896965943632
2014-07-16,-0.8123416774868119,0.457102682102438,0.45893109108713936,0.4561884558137329,0.45801690839114306,-0.5697483181053162,600028.SS,-0.008007390747784504,-0.014199872095184475,-0.014199872095184475,-0.007100105323420089,-0.007100105323420089,0.12677693943609716
2014-07-17,-0.8227935734651428,0.4552742731177366,0.457102682102438,0.4525316378443301,0.457102682102438,-0.5752807861041268,600028.SS,0.7028926658847936,-0.007100105323420089,-0.014199872095184475,-0.02839974419036895,-0.014199872095184475,-0.010856463497101869
2014-07-18,-0.8280206808694898,0.45436004682903147,0.4552742731177366,0.4525316378443301,0.45436004682903147,-0.5708838243948391,600028.SS,1.4137927225173716,-0.021299977418604565,-0.014199872095184475,0.0,-0.007100105323420089,0.00829683768454202
2014-07-21,-0.8698322067944309,0.4470464108902259,0.45436004682903147,0.4470464108902259,0.45344586413303517,-0.44780358156938865,600028.SS,-1.4298075040129405,-0.0070997667717643854,-0.007100105323420089,-0.04259961628555343,-0.0567994883807379,0.23723008916721625
2014-07-22,-0.8175678573590136,0.4561884558137329,0.457102682102438,0.4470464108902259,0.4470464108902259,-0.3108394299778756,600028.SS,-0.7189074473803626,-0.04969972160897351,0.021299977418604565,0.0,0.07099936047592238,0.2640113539520389
2014-07-23,-0.8018876945611546,0.45893109108713936,0.4607595000718408,0.45436004682903147,0.4552742731177366,-0.37605366182269095,600028.SS,-0.008007390747784504,0.06389959370415799,0.02839974419036895,0.0567994883807379,0.021299977418604565,-0.125979167579693
2014-07-24,-0.7705289921466894,0.46441631804124356,0.466244727025945,0.4598453173758445,0.4598453173758445,-0.3228240535817664,600028.SS,0.7028926658847936,0.03549984951378904,0.04259961628555343,0.04259995483720913,0.04259961628555343,0.10249221586969494
2014-07-25,-0.7548497568809747,0.46715895331465007,0.4680731360106464,0.4625879090565422,0.46441631804124356,-0.44783388749414305,600028.SS,1.4137927225173716,0.035499510962133336,0.014199872095184475,0.02129963886694886,0.021299977418604565,-0.2413214590713854
2014-07-28,-0.7025847117964494,0.4763009982381571,0.47812940722285846,0.46715895331465007,0.4689873622993515,-0.013875189020143723,600028.SS,-1.4298075040129405,0.03549984951378904,0.07809946579934246,0.03549984951378904,0.07099936047592238,0.8368968240114916
2014-07-29,-0.7234901269343651,0.47264418026875427,0.47904358991885476,0.47264418026875427,0.4744725892534557,-0.2998310310835779,600028.SS,-0.7189074473803626,0.04259961628555343,0.0070997667717643854,0.04259961628555343,-0.02839974419036895,-0.5517770903335104
2014-07-30,-0.692131192636864,0.47812940722285846,0.4890998611310669,0.475386771949452,0.475386771949452,0.26324829284209983,600028.SS,-0.008007390747784504,0.0070997667717643854,0.07809946579934246,0.02129963886694886,0.04259961628555343,1.085963114900408
2014-07-31,-0.6973580681581747,0.4772151809341534,0.47812940722285846,0.4708157712840529,0.475386771949452,-0.3978271363912812,600028.SS,0.7028926658847936,0.0,-0.08519923257110686,-0.035499510962133336,-0.007100105323420089,-1.275361288360533
2014-08-01,-0.7234901269343651,0.47264418026875427,0.47904358991885476,0.4717299539800492,0.47355836296475057,-0.4272054414496829,600028.SS,1.4137927225173716,-0.014199872095184475,0.0070997667717643854,0.0070997667717643854,-0.035499510962133336,-0.05685371737345097
2014-08-04,-0.6607727221054355,0.4836146341769627,0.4845288604656678,0.4717299539800492,0.47264418026875427,-0.2046103559059622,600028.SS,-1.4298075040129405,-0.0070997667717643854,0.04259995483720913,0.0,0.08519923257110686,0.42918852088585147
2014-08-05,-0.6869052446476985,0.47904358991885476,0.4845288604656678,0.4763009982381571,0.48270045148096635,-0.485619567907297,600028.SS,-0.7189074473803626,0.07809946579934246,0.0,0.03549984951378904,-0.03549984951378904,-0.5422353242705217
2014-08-06,-0.6973580681581747,0.4772151809341534,0.47812940722285846,0.47355836296475057,0.4772151809341534,-0.5134430032402524,600028.SS,-0.008007390747784504,-0.04259995483720913,-0.04969972160897351,-0.021299977418604565,-0.014199872095184475,-0.05385446273092051
2014-08-07,-0.7339441098600228,0.4708157712840529,0.47812940722285846,0.46715895331465007,0.4772151809341534,-0.38380332593568317,600028.SS,0.7028926658847936,0.0,0.0,-0.04969938305731781,-0.04969938305731781,0.24988286257446998
2014-08-08,-0.6869052446476985,0.47904358991885476,0.47904358991885476,0.4699015449953478,0.4717299539800492,-0.34417338185686797,600028.SS,1.4137927225173716,-0.04259961628555343,0.0070997667717643854,0.02129963886694886,0.06389925515250229,0.07625924264529607
2014-08-11,-0.6607727221054355,0.4836146341769627,0.48635726945036917,0.4772151809341534,0.47904358991885476,-0.2693147351343207,600028.SS,-1.4298075040129405,0.0567994883807379,0.056799826932393604,0.0567994883807379,0.03549984951378904,0.14421339226011948
2014-08-12,-0.6607727221054355,0.4836146341769627,0.4881856784350706,0.480872042496265,0.4854430431616641,-0.49112172998135306,600028.SS,-0.7189074473803626,0.04969972160897351,0.014199872095184475,0.028400082742024654,0.0,-0.4280376382893574
2014-08-13,-0.6659991338606736,0.48270045148096635,0.48727145214636547,0.47904358991885476,0.4854430431616641,-0.4567962171910422,600028.SS,-0.008007390747784504,0.0,-0.007100105323420089,-0.014200210646840178,-0.0070997667717643854,0.06602729851025708
2014-08-14,-0.6973580681581747,0.4772151809341534,0.48270045148096635,0.4772151809341534,0.48270045148096635,-0.5538485466825562,600028.SS,0.7028926658847936,-0.02129963886694886,-0.035499510962133336,-0.014199872095184475,-0.04259995483720913,-0.18739303435801033
2014-08-15,-0.6712253137328753,0.4817862251922613,0.4836146341769627,0.4763009982381571,0.47812940722285846,-0.5834047057158489,600028.SS,1.4137927225173716,-0.03549984951378904,0.0070997667717643854,-0.0070997667717643854,0.03549984951378904,-0.057196787504121493
2014-08-18,-0.6712253137328753,0.4817862251922613,0.48727145214636547,0.480872042496265,0.480872042496265,-0.4323386588603575,600028.SS,-1.4298075040129405,0.021299977418604565,0.02839974419036895,0.03549984951378904,0.0,0.2912131022057873
2014-08-19,-0.5980541578613243,0.4945850880851711,0.49732772335857756,0.4772151809341534,0.4836146341769627,0.33401198735884075,600028.SS,-0.7189074473803626,0.02129963886694886,0.07809946579934246,-0.028400082742024654,0.09939910466629133,1.4780618528876983
2014-08-20,-0.6241866804035874,0.490014087419772,0.4954993143738762,0.48635726945036917,0.4890998611310669,-0.07007539282583183,600028.SS,-0.008007390747784504,0.04259961628555343,-0.014199872095184475,0.07099969902757808,-0.035499510962133336,-0.7796460611810105
2014-08-21,-0.6450927911906122,0.48635726945036917,0.490014087419772,0.4817862251922613,0.490014087419772,-0.43739828859106367,600028.SS,0.7028926658847936,0.007100105323420089,-0.04259961628555343,-0.03549984951378904,-0.02839974419036895,-0.7087294764854054
2014-08-22,-0.6555465422332337,0.4845288604656678,0.48635726945036917,0.4817862251922613,0.48635726945036917,-0.42688333773292425,600028.SS,1.4137927225173716,-0.02839974419036895,-0.02839974419036895,0.0,-0.014199872095184475,0.020098088334256442
2014-08-25,-0.5876017981169207,0.4964134970698725,0.5000703150392752,0.4854430431616641,0.4854430431616641,0.4830764207462772,600028.SS,-1.4298075040129405,-0.007100105323420089,0.10649887143805571,0.02839974419036895,0.09229899934287124,1.7550756049767076
2014-08-26,-0.5876017981169207,0.4964134970698725,0.5046413592973832,0.49275667910046966,0.4964134970698725,-0.18834049069170428,600028.SS,-0.7189074473803626,0.08519923257110686,0.03549984951378904,0.0567994883807379,0.0,-1.2953094152069096
2014-08-27,-0.5823756182447185,0.49732772335857756,0.5028129503126818,0.49184249640447336,0.5028129503126818,-0.4276545517750609,600028.SS,-0.008007390747784504,0.04969972160897351,-0.014199872095184475,-0.0070997667717643854,0.007100105323420089,-0.461807766311698
2014-08-28,-0.5405631647876328,0.5046413592973832,0.5156118132055916,0.4964134970698725,0.49732772335857756,-0.18840038200682668,600028.SS,0.7028926658847936,-0.04259961628555343,0.09939910466629133,0.035499510962133336,0.0567994883807379,0.461322940177047
2014-08-29,-0.535336984915431,0.5055555855860883,0.5101265862514874,0.5018987240239767,0.5055555855860883,-0.5260424103863791,600028.SS,1.4137927225173716,0.06389959370415799,-0.04259961628555343,0.04259961628555343,0.007100105323420089,-0.6514767833214962
2014-09-01,-0.5248830019897733,0.5073839945707896,0.5110408125401925,0.5028129503126818,0.5046413592973832,-0.5123742022850065,600028.SS,-1.4298075040129405,-0.007100105323420089,0.007100105323420089,0.007100105323420089,0.014199872095184475,0.02618054094818537
2014-09-02,-0.5144304103623334,0.509212403555491,0.5101265862514874,0.5018987240239767,0.5073839945707896,-0.41259999824512916,600028.SS,-0.7189074473803626,0.021299977418604565,-0.007100105323420089,-0.007100105323420089,0.014199872095184475,0.19227407524356716
2014-09-03,-0.4517127736503675,0.5201828574636995,0.5229254491443972,0.5073839945707896,0.5101265862514874,-0.17426667142278424,600028.SS,-0.008007390747784504,0.02129963886694886,0.09939910466629133,0.04259995483720913,0.08519923257110686,0.45954668687730044
2014-09-04,-0.4517127736503675,0.5201828574636995,0.5229254491443972,0.5146976305095953,0.5201828574636995,-0.28772551920184936,600028.SS,0.7028926658847936,0.07809946579934246,0.0,0.0567994883807379,0.0,-0.2190402684229566
2014-09-05,-0.4255802511081045,0.5247538581290986,0.5265823107065087,0.518354448478998,0.5210970401596958,-0.2541160312465746,600028.SS,1.4137927225173716,0.0070997667717643854,0.028400082742024654,0.02839974419036895,0.035499510962133336,0.06464612761503433
2014-09-09,-0.44648613001209314,0.5210970401596958,0.5256680844178037,0.518354448478998,0.5247538581290986,-0.46779182038847694,600028.SS,-0.7189074473803626,0.02839974419036895,-0.007100105323420089,0.0,-0.02839974419036895,-0.412353008213046
2014-09-10,-0.48307170794786863,0.5146976305095953,0.5201828574636995,0.5082981772667859,0.518354448478998,-0.2870342347845825,600028.SS,-0.008007390747784504,-0.04969938305731781,-0.04259961628555343,-0.07809946579934246,-0.04969938305731781,0.3484863798171694
2014-09-11,-0.4987509432135833,0.5119549952361888,0.5192686311749943,0.5101265862514874,0.5128692215248939,-0.39713447923177814,600028.SS,0.7028926658847936,-0.04259961628555343,-0.007100105323420089,0.014199872095184475,-0.021299977418604565,-0.21256171496560097
2014-09-12,-0.4778443686604853,0.5156118132055916,0.517440222190293,0.5037271766013869,0.5119549952361888,-0.39327598032329225,600028.SS,1.4137927225173716,-0.007100105323420089,-0.014199872095184475,-0.04969938305731781,0.02839974419036895,0.00725817378318464
2014-09-15,-0.4987509432135833,0.5119549952361888,0.5247538581290986,0.5073839945707896,0.5238396754331023,0.8649783608269039,600028.SS,-1.4298075040129405,0.09229933789452693,0.0567994883807379,0.02839974419036895,-0.02839974419036895,2.4269159057738268
2014-09-16,-0.5771482789573357,0.4982419060545739,0.509212403555491,0.4964134970698725,0.509212403555491,0.29798695756500265,600028.SS,-0.7189074473803626,-0.1135989767614758,-0.12069874353324019,-0.08519957112276255,-0.10649920998971142,-1.093878591087025
2014-09-17,-0.5876017981169207,0.4964134970698725,0.4982419060545739,0.49184249640447336,0.4982419060545739,-0.29547065512891285,600028.SS,-0.008007390747784504,-0.08519957112276255,-0.08519957112276255,-0.035499510962133336,-0.014199872095184475,-1.144930393183414
2014-09-18,-0.5928279779891226,0.4954993143738762,0.499156132343279,0.49184249640447336,0.4945850880851711,-0.34809192736805955,600028.SS,0.7028926658847936,-0.02839974419036895,0.007100105323420089,0.0,-0.0070997667717643854,-0.10168806978392196
2014-09-19,-0.5823756182447185,0.49732772335857756,0.49732772335857756,0.49184249640447336,0.4964134970698725,-0.4465046816847304,600028.SS,1.4137927225173716,0.014199872095184475,-0.014199872095184475,0.0,0.014199872095184475,-0.1900172159250506
2014-09-22,-0.6398666113184105,0.48727145214636547,0.4954993143738762,0.4836146341769627,0.4954993143738762,-0.1143864935258611,600028.SS,-1.4298075040129405,-0.0070997667717643854,-0.014199872095184475,-0.06389959370415799,-0.07809946579934246,0.640452312705152
2014-09-23,-0.6346397357970999,0.4881856784350706,0.4890998611310669,0.4817862251922613,0.4854430431616641,-0.3937897772443646,600028.SS,-0.7189074473803626,-0.07809946579934246,-0.04969972160897351,-0.014199872095184475,0.007100105323420089,-0.5391375805952628
2014-09-24,-0.5974271461311609,0.48635726945036917,0.48727145214636547,0.4772151809341534,0.480872042496265,-0.28002009962708746,600028.SS,-0.008007390747784504,-0.035499510962133336,-0.014199872095184475,-0.03549984951378904,-0.014199872095184475,0.21927054215939154
2014-09-25,-0.592111459406946,0.48727145214636547,0.4909282701157683,0.48635726945036917,0.48727145214636547,-0.24726620898670795,600028.SS,0.7028926658847936,0.04969938305731781,0.02839974419036895,0.07099969902757808,0.0070997667717643854,0.06299572940041903
2014-09-26,-0.6027430647384115,0.4854430431616641,0.48727145214636547,0.48270045148096635,0.48635726945036917,-0.5288822227484977,600028.SS,1.4137927225173716,-0.0070997667717643854,-0.02839974419036895,-0.02839974419036895,-0.014199872095184475,-0.5434058101108179
2014-09-29,-0.6027430647384115,0.4854430431616641,0.4890998611310669,0.48270045148096635,0.4854430431616641,-0.35268732176277556,600028.SS,-1.4298075040129405,-0.007100105323420089,0.014199872095184475,0.0,0.0,0.33968522252437605
2014-09-30,-0.6080599108778079,0.4845288604656678,0.48635726945036917,0.4817862251922613,0.48635726945036917,-0.3552847364188854,600028.SS,-0.7189074473803626,0.007100105323420089,-0.02129963886694886,-0.007100105323420089,-0.0070997667717643854,-0.0051949137092940105
2014-10-08,-0.613375829485059,0.4836146341769627,0.48635726945036917,0.4772151809341534,0.4854430431616641,-0.19456619973133105,600028.SS,-0.008007390747784504,-0.007100105323420089,0.0,-0.03549984951378904,-0.007100105323420089,0.30983220222877
2014-10-09,-0.6027430647384115,0.4854430431616641,0.4881856784350706,0.4817862251922613,0.4836146341769627,-0.1780288423376051,600028.SS,0.7028926658847936,-0.014199872095184475,0.014199872095184475,0.03549984951378904,0.014199872095184475,0.03171496559764188
2014-10-10,-0.6240074348165245,0.4817862251922613,0.48635726945036917,0.480872042496265,0.4836146341769627,-0.38312182463616345,600028.SS,1.4137927225173716,0.0,-0.014199872095184475,-0.0070997667717643854,-0.02839974419036895,-0.395797265407357
2014-10-13,-0.6665364068557881,0.4744725892534557,0.480872042496265,0.4717299539800492,0.4799578162075599,-0.19069801708915135,600028.SS,-1.4298075040129405,-0.02839974419036895,-0.04259961628555343,-0.07099969902757808,-0.0567994883807379,0.37098985374238375
2014-10-14,-0.6612209520146095,0.475386771949452,0.47904358991885476,0.47355836296475057,0.475386771949452,-0.4882340455630585,600028.SS,-0.7189074473803626,-0.03549984951378904,-0.014200210646840178,0.014199872095184475,0.0070997667717643854,-0.5741146066440872
2014-10-15,-0.6612209520146095,0.475386771949452,0.4763009982381571,0.4717299539800492,0.4744725892534557,-0.43093430628364027,600028.SS,-0.008007390747784504,-0.0070997667717643854,-0.02129963886694886,-0.014199872095184475,0.0,0.11034326551914736
2014-10-16,-0.6665364068557881,0.4744725892534557,0.47904358991885476,0.4717299539800492,0.47264418026875427,-0.3622664226829767,600028.SS,0.7028926658847936,-0.014199872095184475,0.02129963886694886,0.0,-0.0070997667717643854,0.13227176478468172
2014-10-17,-0.6878012406999741,0.4708157712840529,0.4744725892534557,0.4680731360106464,0.4744725892534557,-0.3604852989486802,600028.SS,1.4137927225173716,0.014199872095184475,-0.035499510962133336,-0.02839974419036895,-0.02839974419036895,0.0032510360574329582
2014-10-20,-0.6824848583266504,0.4717299539800492,0.47264418026875427,0.4699015449953478,0.4708157712840529,-0.5495994498100751,600028.SS,-1.4298075040129405,-0.02839974419036895,-0.014199872095184475,0.014199872095184475,0.0070997667717643854,-0.36497501478030364
2014-10-21,-0.7037494602878,0.4680731360106464,0.47264418026875427,0.46715895331465007,0.4717299539800492,-0.528021761826494,600028.SS,-0.7189074473803626,0.0070997667717643854,0.0,-0.02129963886694886,-0.02839974419036895,0.04143747461181162
2014-10-22,-0.7037494602878,0.4680731360106464,0.4708157712840529,0.46715895331465007,0.4689873622993515,-0.5475012350422085,600028.SS,-0.008007390747784504,-0.02129963886694886,-0.014199872095184475,0.0,0.0,-0.03775943772163921
2014-10-23,-0.7303299808562009,0.46350213534524726,0.4680731360106464,0.4616737263605459,0.46715895331465007,-0.42525599839810924,600028.SS,0.7028926658847936,-0.014199872095184475,-0.021299977418604565,-0.04259961628555343,-0.035499510962133336,0.2356194100698144
2014-10-24,-0.7409615861876668,0.4616737263605459,0.4653305443299487,0.4607595000718408,0.46350213534524726,-0.6037492363660325,600028.SS,1.4137927225173716,-0.02839974419036895,-0.02129963886694886,-0.007100105323420089,-0.014199872095184475,-0.34448788213997106
2014-10-27,-0.7569102695415655,0.45893109108713936,0.4607595000718408,0.4561884558137329,0.4607595000718408,-0.5037847429215945,600028.SS,-1.4298075040129405,-0.021299977418604565,-0.03549984951378904,-0.03549984951378904,-0.021299977418604565,0.19264113260580973
2014-10-28,-0.7196969842265172,0.4653305443299487,0.4653305443299487,0.45801690839114306,0.45893109108713936,-0.4355712121551207,600028.SS,-0.7189074473803626,-0.014199872095184475,0.03549984951378904,0.014200210646840178,0.04969972160897351,0.13139534419137483
2014-10-29,-0.6878012406999741,0.4708157712840529,0.4717299539800492,0.4625879090565422,0.4653305443299487,-0.27125662499784325,600028.SS,-0.008007390747784504,0.04969972160897351,0.04969938305731781,0.035499510962133336,0.04259961628555343,0.3167687776148492
2014-10-30,-0.6718530211121481,0.47355836296475057,0.4772151809341534,0.46715895331465007,0.4689873622993515,-0.004082163925205457,600028.SS,0.7028926658847936,0.02839974419036895,0.04259961628555343,0.03549984951378904,0.02129963886694886,0.5151795829202183
2014-10-31,-0.6240074348165245,0.4817862251922613,0.4836146341769627,0.4717299539800492,0.47264418026875427,0.42770345874277593,600028.SS,1.4137927225173716,0.02839974419036895,0.04969972160897351,0.035499510962133336,0.06389959370415799,0.8327050852483621
2014-11-03,-0.6346399676801361,0.4799578162075599,0.4817862251922613,0.47812940722285846,0.4817862251922613,-0.12084172382509041,600028.SS,-1.4298075040129405,0.07099936047592238,-0.014199872095184475,0.04969972160897351,-0.014199872095184475,-1.0582968879074581
2014-11-04,-0.6505886510340347,0.4772151809341534,0.4799578162075599,0.47355836296475057,0.4772151809341534,-0.1642199685317872,600028.SS,-0.7189074473803626,-0.03549984951378904,-0.014199872095184475,-0.03549984951378904,-0.021299977418604565,-0.08385879908423055
2014-11-05,-0.6771682440702903,0.47264418026875427,0.47812940722285846,0.4717299539800492,0.4772151809341534,-0.3032497617676964,600028.SS,-0.008007390747784504,0.0,-0.014199872095184475,-0.014199872095184475,-0.035499510962133336,-0.2683651575890365
2014-11-06,-0.6824848583266504,0.4717299539800492,0.475386771949452,0.4708157712840529,0.47355836296475057,-0.38924285742164766,600028.SS,0.7028926658847936,-0.02839974419036895,-0.021299977418604565,-0.0070997667717643854,-0.007100105323420089,-0.1660604057221168
2014-11-07,-0.6824848583266504,0.4717299539800492,0.4763009982381571,0.4680731360106464,0.4717299539800492,-0.16553896884122618,600028.SS,1.4137927225173716,-0.014199872095184475,0.007100105323420089,-0.021299977418604565,0.0,0.4313273384350336
2014-11-10,-0.6293242809559209,0.480872042496265,0.480872042496265,0.4699015449953478,0.47264418026875427,0.15879854738002008,600028.SS,-1.4298075040129405,0.007100105323420089,0.03549984951378904,0.014199872095184475,0.07099969902757808,0.6254438421889331
2014-11-11,-0.592111459406946,0.48727145214636547,0.4964134970698725,0.47904358991885476,0.480872042496265,1.3516256828706734,600028.SS,-0.7189074473803626,0.06389959370415799,0.12069874353324019,0.07099936047592238,0.04969938305731781,2.3007105735130478
2014-11-12,-0.613375829485059,0.4836146341769627,0.4845288604656678,0.47812940722285846,0.48270045148096635,0.09312703087144247,600028.SS,-0.008007390747784504,0.014199872095184475,-0.09229899934287124,-0.0070997667717643854,-0.02839974419036895,-2.427756466626447
2014-11-13,-0.6027430647384115,0.4854430431616641,0.490014087419772,0.4817862251922613,0.4836146341769627,0.21921547370282546,600028.SS,0.7028926658847936,0.0070997667717643854,0.04259961628555343,0.02839974419036895,0.014199872095184475,0.24303273467879652
2014-11-14,-0.6399568138195321,0.47904358991885476,0.4845288604656678,0.4763009982381571,0.4845288604656678,-0.1604308831730309,600028.SS,1.4137927225173716,0.007100105323420089,-0.04259961628555343,-0.04259961628555343,-0.04969972160897351,-0.7325007271202292
2014-11-17,-0.6612209520146095,0.475386771949452,0.4817862251922613,0.4744725892534557,0.4799578162075599,-0.2488250851318031,600028.SS,-1.4298075040129405,-0.03549984951378904,-0.021299977418604565,-0.014199872095184475,-0.02839974419036895,-0.1706920022565957
2014-11-18,-0.7090658426611238,0.46715895331465007,0.4744725892534557,0.4653305443299487,0.47355836296475057,-0.15001926067281113,600028.SS,-0.7189074473803626,-0.04969972160897351,-0.0567994883807379,-0.07099936047592238,-0.06389925515250229,0.19040612649765634
2014-11-19,-0.7250135984828772,0.46441631804124356,0.46715895331465007,0.4625879090565422,0.4653305443299487,-0.39996247731456025,600028.SS,-0.008007390747784504,-0.06389925515250229,-0.0567994883807379,-0.021299977418604565,-0.021299977418604565,-0.48231079858055015
2014-11-20,-0.7196969842265172,0.4653305443299487,0.466244727025945,0.4625879090565422,0.46350213534524726,-0.5093521816841614,600028.SS,0.7028926658847936,-0.014199872095184475,-0.007100105323420089,0.0,0.007100105323420089,-0.2111911238533343
2014-11-21,-0.7037494602878,0.4680731360106464,0.4680731360106464,0.4625879090565422,0.466244727025945,-0.3149523396398134,600028.SS,1.4137927225173716,0.02129963886694886,0.014199872095184475,0.0,0.02129963886694886,0.37480151110694765
2014-11-24,-0.6771682440702903,0.47264418026875427,0.475386771949452,0.4680731360106464,0.4708157712840529,0.09794650524884259,600028.SS,-1.4298075040129405,0.03549984951378904,0.0567994883807379,0.04259961628555343,0.03549984951378904,0.7962735726849396
2014-11-25,-0.6665364068557881,0.4744725892534557,0.475386771949452,0.4689873622993515,0.4717299539800492,0.029832861667442787,600028.SS,-0.7189074473803626,0.0070997667717643854,0.0,0.007100105323420089,0.014199872095184475,-0.1315719667507374
2014-11-26,-0.6240074348165245,0.4817862251922613,0.48270045148096635,0.4717299539800492,0.47264418026875427,0.8319122179140495,600028.SS,-0.008007390747784504,0.007100105323420089,0.056799826932393604,0.02129963886694886,0.0567994883807379,1.546980488106845
2014-11-27,-0.6186917480923101,0.48270045148096635,0.48727145214636547,0.4772151809341534,0.4836146341769627,0.48449508462667024,600028.SS,0.7028926658847936,0.08519923257110686,0.035499510962133336,0.04259961628555343,0.007100105323420089,-0.6703324008026369
2014-11-28,-0.5602150202312937,0.49275667910046966,0.4954993143738762,0.4763009982381571,0.47812940722285846,1.9083559435120643,600028.SS,1.4137927225173716,-0.04259961628555343,0.06389959370415799,-0.0070997667717643854,0.07809912724768676,2.7463613930850026
2014-12-01,-0.5495829511337551,0.4945850880851711,0.509212403555491,0.4909282701157683,0.4945850880851711,1.9730460362827602,600028.SS,-1.4298075040129405,0.12779884885666026,0.10649920998971142,0.1135989767614758,0.014199872095184475,0.12459883410853101
2014-12-02,-0.4326285678795769,0.5146976305095953,0.5165260394942967,0.4881856784350706,0.4945850880851711,2.270764179822844,600028.SS,-0.7189074473803626,0.0,0.0567994883807379,-0.02129963886694886,0.15619893159868492,0.5740965969576272
2014-12-03,-0.40604804731117605,0.5192686311749943,0.5402953562954149,0.5064697682820846,0.5201828574636995,2.7887534805307213,600028.SS,-0.008007390747784504,0.19879854788423837,0.18459833723739819,0.14199872095184476,0.035499510962133336,0.9989870427224161
2014-12-04,-0.10303048384426461,0.5713783526280475,0.5713783526280475,0.5101265862514874,0.5210970401596958,4.41648304683104,600028.SS,0.7028926658847936,0.0070997667717643854,0.2413981641697918,0.02839974419036895,0.4046968625402411,3.1396124527552147
2014-12-05,0.06176832629035523,0.5997187136872736,0.6198312561116978,0.5485232185229256,0.568635717354641,8.286327856244752,600028.SS,1.4137927225173716,0.3691970130264521,0.3762971183498722,0.29819765255052966,0.22009818675118722,7.464524335688596
2014-12-08,-0.007340470668199815,0.5878340334903601,0.601547122671975,0.5622363077045405,0.5759493968861554,6.324433367957309,600028.SS,-1.4298075040129405,0.056799826932393604,-0.14199905950350045,0.10649920998971142,-0.09229933789452693,-3.784566746612086
2014-12-09,-0.28909389594003415,0.5393811735994186,0.592405077748468,0.5293249023872065,0.5741209879014539,6.796613446534146,600028.SS,-0.7189074473803626,-0.014199872095184475,-0.07099936047592238,-0.25559803626497624,-0.37629677979821646,0.9106236770341498
2014-12-10,-0.29972619692060903,0.5375527646147171,0.5439521742648177,0.517440222190293,0.5348101293413107,2.6572977459971194,600028.SS,-0.008007390747784504,-0.30529775787394975,-0.3762971183498722,-0.09229933789452693,-0.014199872095184475,-7.984687549471803
2014-12-11,-0.36351930715494923,0.5265823107065087,0.532067537660613,0.5192686311749943,0.5293249023872065,2.017206073221767,600028.SS,0.7028926658847936,-0.04259961628555343,-0.09229899934287124,0.014199872095184475,-0.08519923257110686,-1.2348848240339756
2014-12-12,-0.36351930715494923,0.5265823107065087,0.5338959466453144,0.5229254491443972,0.5256680844178037,1.3749501760326446,600028.SS,1.4137927225173716,-0.02839974419036895,0.014199872095184475,0.02839974419036895,0.0,-1.2390594889684388
2014-12-15,-0.3688359214113093,0.5256680844178037,0.5265823107065087,0.5165260394942967,0.5256680844178037,1.0669443605413214,600028.SS,-1.4298075040129405,0.0,-0.0567994883807379,-0.04969938305731781,-0.007100105323420089,-0.5943102261255048
2014-12-16,-0.28909389594003415,0.5393811735994186,0.5393811735994186,0.5238396754331023,0.5247538581290986,2.3956711201825343,600028.SS,-0.7189074473803626,-0.007100105323420089,0.09939910466629133,0.0567994883807379,0.10649920998971142,2.562853164613218
2014-12-17,-0.23061693619598136,0.5494374448116307,0.5549226717657348,0.532067537660613,0.5402953562954149,3.0595566211000826,600028.SS,-0.008007390747784504,0.1206990820848959,0.1206990820848959,0.06389959370415799,0.07809946579934246,1.2804124564694124
2014-12-18,-0.24656492390077103,0.5466948095382241,0.5604078987198391,0.5430379915688214,0.5530942627810335,2.162014521179528,600028.SS,0.7028926658847936,0.09939944321794703,0.04259961628555343,0.08519923257110686,-0.021299977418604565,-1.7314919520781293
2014-12-19,-0.1189798628472721,0.568635717354641,0.5786919885668531,0.5348101293413107,0.5430379915688214,3.62131043506083,600028.SS,1.4137927225173716,-0.07809946579934246,0.14199872095184476,-0.06389959370415799,0.1703984651422137,2.8147135845679854
2014-12-22,-0.049869674590499236,0.5805203975515545,0.6088607586107806,0.5713783526280475,0.5741209879014539,5.566945748131249,600028.SS,-1.4298075040129405,0.2413981641697918,0.2342980588463717,0.2839977804553452,0.09229933789452693,3.7528344296726965
2014-12-23,-0.2199848670984428,0.5512658537963321,0.5768635795821517,0.5494374448116307,0.5732067616127489,2.2115568319667895,600028.SS,-0.7189074473803626,-0.007100105323420089,-0.24849793094155617,-0.1703984651422137,-0.2271979535229516,-6.472537683180916
2014-12-24,-0.3103580341351108,0.5357243556300157,0.5576652634464326,0.5302391286759116,0.5540084454770298,1.9244218229569154,600028.SS,-0.008007390747784504,-0.14909882627526483,-0.14909882627526483,-0.14909882627526483,-0.1206990820848959,-0.554051635834365
2014-12-25,-0.23593262292019618,0.5485232185229256,0.5494374448116307,0.5338959466453144,0.5375527646147171,1.5744533892141592,600028.SS,0.7028926658847936,-0.12779884885666026,-0.06389925515250229,0.02839974419036895,0.09939910466629133,-0.675253713250908
2014-12-26,-0.14555899211745513,0.5640647166892419,0.5658931256739432,0.5439521742648177,0.5485232185229256,2.347320927326159,600028.SS,1.4137927225173716,0.08519923257110686,0.12779884885666026,0.07809912724768676,0.1206990820848959,1.4906325640826459
2014-12-29,-0.10303048384426461,0.5713783526280475,0.5942334867331693,0.5658931256739432,0.583263032824961,3.710889630356167,600028.SS,-1.4298075040129405,0.2697979083601607,0.22009818675118722,0.1703988036938694,0.0567994883807379,2.6300612777775756
2014-12-30,-0.09771456523701348,0.5722925789167526,0.5805203975515545,0.5622363077045405,0.5704641263393424,1.8025837689907065,600028.SS,-0.7189074473803626,-0.09939944321794703,-0.10649920998971142,-0.02839974419036895,0.007100105323420089,-3.6811973546609673
2014-12-31,0.02455550474137954,0.5933192604444643,0.5951477130218745,0.568635717354641,0.5750351705974502,3.4710905564581767,600028.SS,-0.008007390747784504,0.03549984951378904,0.1135993153131315,0.04969938305731781,0.16329835981879362,3.2182693768007087
2015-01-05,0.37010227213059044,0.6527426178363229,0.6527426178363229,0.5951477130218745,0.5951477130218745,6.517783509419155,600028.SS,-1.4298075040129405,0.15619893159868492,0.44729614027413883,0.20589865320765843,0.461496350920979,5.876711552038985
2015-01-06,0.29567593338353054,0.6399437549434132,0.6600562537751286,0.6225738477923954,0.6563994358057258,5.9183659095866314,600028.SS,-0.7189074473803626,0.4756958844645078,0.0567994883807379,0.21299808142776713,-0.09939910466629133,-1.1564268670052074
2015-01-07,0.3913661784426312,0.6563994358057258,0.6637131153372402,0.6180028471269964,0.6317158927159024,4.038248626777468,600028.SS,-0.008007390747784504,-0.19169844256081828,0.028400082742024654,-0.035499510962133336,0.12779884885666026,-3.6268232011755086
2015-01-08,0.2159348354444002,0.6262306657617983,0.6774261609261463,0.6244022567770969,0.6481716171709239,4.235618735176904,600028.SS,0.7028926658847936,0.12779918740831597,0.10649887143805571,0.04969938305731781,-0.2342980588463717,0.38053098477876246
2015-01-09,0.15214149332702367,0.6152602118535899,0.6426863902168197,0.6070323496260792,0.6198312561116978,2.8946390957374226,600028.SS,1.4137927225173716,-0.22009818675118722,-0.269797569808505,-0.13489895418008035,-0.08519923257110686,-2.5868575671573333
2015-01-12,0.06708470866367897,0.6006329399759787,0.6152602118535899,0.5960618957178708,0.6070323496260792,1.2728351669622886,600028.SS,-1.4298075040129405,-0.09939944321794703,-0.21299841997942284,-0.08519923257110686,-0.1135989767614758,-3.12855153658844
2015-01-13,0.0724008591539664,0.601547122671975,0.6152602118535899,0.5942334867331693,0.5997187136872736,0.9554770325373976,600028.SS,-0.7189074473803626,-0.0567994883807379,0.0,-0.014199872095184475,0.0070997667717643854,-0.6123503136780983
2015-01-14,0.0724008591539664,0.601547122671975,0.6088607586107806,0.5951477130218745,0.601547122671975,0.6670933871278236,600028.SS,-0.008007390747784504,0.014199872095184475,-0.04969972160897351,0.007100105323420089,0.0,-0.556460183931574
2015-01-15,0.24251489224672845,0.6308017100199061,0.6353727106853053,0.5997187136872736,0.6061181669300829,1.8428898973221897,600028.SS,0.7028926658847936,0.03549984951378904,0.20589831465600275,0.035499510962133336,0.22719829207460732,2.2678594727750583
2015-01-16,0.25846311183455445,0.6335443017006038,0.643600572912816,0.6244022567770969,0.6262306657617983,2.2139231973334774,600028.SS,1.4137927225173716,0.15619859304702924,0.06389959370415799,0.19169844256081828,0.02129963886694886,0.7155173345380619
2015-01-19,-0.10834617056847942,0.5704641263393424,0.6161743945495862,0.5704641263393424,0.5969761220065759,2.8043588391185748,600028.SS,-1.4298075040129405,-0.2271979535229516,-0.21299841997942284,-0.4188967346354256,-0.48989609511134796,1.1387318851707604
2015-01-20,-0.06581789417832522,0.5777778058708568,0.5887482597790652,0.5658931256739432,0.5732067616127489,1.6686873298185452,600028.SS,-0.7189074473803626,-0.18459867578905387,-0.21299808142776713,-0.035499510962133336,0.056799826932393604,-2.1908299434969374
2015-01-21,0.08303246448543233,0.6033755316566763,0.6125175765801834,0.5704641263393424,0.5768635795821517,2.2961404381307684,600028.SS,-0.008007390747784504,0.02839974419036895,0.18459833723739819,0.035499510962133336,0.19879820933258266,1.2101364578621028
2015-01-22,0.0724008591539664,0.601547122671975,0.6070323496260792,0.5960618957178708,0.601547122671975,1.180774513355034,600028.SS,0.7028926658847936,0.19169844256081828,-0.04259961628555343,0.19879854788423837,-0.014199872095184475,-2.1516616339870813
2015-01-23,0.08303246448543233,0.6033755316566763,0.6234880740811005,0.5988045309912773,0.6033755316566763,1.8096332538136612,600028.SS,1.4137927225173716,0.014199872095184475,0.12779918740831597,0.021299977418604565,0.014199872095184475,1.2128478417625006
2015-01-26,0.12024482226833585,0.6097749848994857,0.6125175765801834,0.5960618957178708,0.601547122671975,0.8990509536245626,600028.SS,-1.4298075040129405,-0.014199872095184475,-0.08519957112276255,-0.021299977418604565,0.04969972160897351,-1.7566457514961034
2015-01-27,0.01923981801716515,0.592405077748468,0.6143459855648847,0.583263032824961,0.6097749848994857,1.5985547675208085,600028.SS,-0.7189074473803626,0.06389959370415799,0.014199872095184475,-0.09939910466629133,-0.13489895418008035,1.3491181421047778
2015-01-28,-0.05518559319775036,0.5796062148555582,0.5905766687637666,0.5768635795821517,0.5878340334903601,1.0558140671056462,600028.SS,-0.008007390747784504,-0.1703988036938694,-0.18459833723739819,-0.04969972160897351,-0.09939910466629133,-1.047100374296657
2015-01-29,-0.15087583825685147,0.5631504904005368,0.5677215346586447,0.5530942627810335,0.5668073083699395,2.904321860436723,600028.SS,0.7028926658847936,-0.1632986983704493,-0.1774985704656338,-0.18459833723739819,-0.12779918740831597,3.5654810072423575
2015-01-30,-0.2199848670984428,0.5512658537963321,0.5640647166892419,0.550351627507627,0.5613220814158354,2.2687797660075137,600028.SS,1.4137927225173716,-0.04259961628555343,-0.02839974419036895,-0.021299977418604565,-0.09229899934287124,-1.2261089479892429
2015-02-02,-0.3050423474108964,0.536638538326012,0.5485232185229256,0.5348101293413107,0.5466948095382241,1.8899120894007986,600028.SS,-1.4298075040129405,-0.1135989767614758,-0.1206990820848959,-0.1206990820848959,-0.1135993153131315,-0.7309986974813165
2015-02-03,-0.23061693619598136,0.5494374448116307,0.550351627507627,0.5375527646147171,0.5421237652801163,2.376676995202634,600028.SS,-0.7189074473803626,-0.03549984951378904,0.014199872095184475,0.021299977418604565,0.09939944321794703,0.9387569733799378
2015-02-04,-0.2784618268424956,0.54120958258412,0.5585794897351377,0.5402953562954149,0.5512658537963321,2.1370002444397502,600028.SS,-0.008007390747784504,0.07099969902757808,0.06389959370415799,0.02129963886694886,-0.06389959370415799,-0.46250737392982577
2015-02-05,-0.32630625372293726,0.5329817203566093,0.5512658537963321,0.532067537660613,0.5512658537963321,1.7654017224713086,600028.SS,0.7028926658847936,0.0,-0.0567994883807379,-0.06389925515250229,-0.06389959370415799,-0.7169769145375042
2015-02-06,-0.40073212870392494,0.5201828574636995,0.532067537660613,0.5165260394942967,0.5311533113719079,2.03449266214734,600028.SS,1.4137927225173716,-0.15619893159868492,-0.14909882627526483,-0.1206990820848959,-0.09939910466629133,0.518876360376534
2015-02-09,-0.40604804731117605,0.5192686311749943,0.5229254491443972,0.5073839945707896,0.5137834042208902,1.9865397818900608,600028.SS,-1.4298075040129405,-0.13489895418008035,-0.07099969902757808,-0.07099936047592238,-0.007100105323420089,-0.09268300904113208
2015-02-10,-0.3741516081355241,0.5247538581290986,0.5256680844178037,0.5128692215248939,0.5146976305095953,2.2477634240030078,600028.SS,-0.7189074473803626,0.007100105323420089,0.021299977418604565,0.04259961628555343,0.04259961628555343,0.5037007939904331
2015-02-11,-0.3954157463306012,0.5210970401596958,0.5247538581290986,0.518354448478998,0.5247538581290986,1.2174000526564521,600028.SS,-0.008007390747784504,0.07809912724768676,-0.007100105323420089,0.04259961628555343,-0.02839974419036895,-1.9876965770906083
2015-02-12,-0.32630625372293726,0.5329817203566093,0.5357243556300157,0.5156118132055916,0.5210970401596958,1.9684576733098156,600028.SS,0.7028926658847936,-0.02839974419036895,0.08519957112276255,-0.021299977418604565,0.09229933789452693,1.4485624825057188
2015-02-13,-0.32099056699872197,0.5338959466453144,0.54120958258412,0.532067537660613,0.5348101293413107,1.7257413730836857,600028.SS,1.4137927225173716,0.10649920998971142,0.04259961628555343,0.12779918740831597,0.007100105323420089,-0.4683704907489706
2015-02-16,-0.3050423474108964,0.536638538326012,0.5384669473107134,0.5311533113719079,0.5348101293413107,0.6352694703432308,600028.SS,-1.4298075040129405,0.0,-0.021299977418604565,-0.007100105323420089,0.02129963886694886,-2.103642491329238
2015-02-17,-0.29441027831335786,0.5384669473107134,0.54120958258412,0.536638538326012,0.5375527646147171,0.6910966795853651,600028.SS,-0.7189074473803626,0.021299977418604565,0.021299977418604565,0.04259961628555343,0.014199872095184475,0.1075028394189341
2015-02-25,-0.18808773227368195,0.5567510807504362,0.5658931256739432,0.550351627507627,0.5540084454770298,4.860993952760161,600028.SS,-0.008007390747784504,0.12779884885666026,0.19169844256081828,0.10649920998971142,0.14199905950350045,8.04330835225938
2015-02-26,-0.16682382596164114,0.5604078987198391,0.5613220814158354,0.5466948095382241,0.5540084454770298,2.217078007452544,600028.SS,0.7028926658847936,0.0,-0.03549984951378904,-0.02839974419036895,0.02839974419036895,-5.100147073244258
2015-02-27,-0.06581789417832522,0.5777778058708568,0.5850914418096623,0.5558368544617311,0.5576652634464326,3.939885850216603,600028.SS,1.4137927225173716,0.02839974419036895,0.18459867578905387,0.07099936047592238,0.13489895418008035,3.323013002280876
2015-03-02,-0.09771456523701348,0.5722925789167526,0.5741209879014539,0.5649788993852382,0.5741209879014539,2.4429918992262887,600028.SS,-1.4298075040129405,0.12779918740831597,-0.08519923257110686,0.07099936047592238,-0.04259961628555343,-2.8876073438767595
2015-03-03,-0.2199848670984428,0.5512658537963321,0.568635717354641,0.5494374448116307,0.5677215346586447,2.151996434684379,600028.SS,-0.7189074473803626,-0.04969972160897351,-0.04259995483720913,-0.12069874353324019,-0.1632986983704493,-0.5614982334413868
2015-03-04,-0.19340411464700566,0.5558368544617311,0.5613220814158354,0.5457805832495191,0.5512658537963321,1.5641322621059761,600028.SS,-0.008007390747784504,-0.12779884885666026,-0.0567994883807379,-0.028400082742024654,0.035499510962133336,-1.1341409675745568
2015-03-05,-0.26251337537163333,0.5439521742648177,0.5530942627810335,0.5393811735994186,0.5494374448116307,1.6624745779748678,600028.SS,0.7028926658847936,-0.014199872095184475,-0.06389925515250229,-0.04969938305731781,-0.09229933789452693,0.18951204497560958
2015-03-06,-0.2571972248813459,0.5448664005535228,0.550351627507627,0.54120958258412,0.5430379915688214,0.5889553088948702,600028.SS,1.4137927225173716,-0.04969972160897351,-0.021299977418604565,0.014199872095184475,0.007100105323420089,-2.0709418319896593
2015-03-09,-0.1774558950591797,0.5585794897351377,0.559493672431134,0.5439521742648177,0.5485232185229256,1.9855588488609426,600028.SS,-1.4298075040129405,0.04259961628555343,0.07099936047592238,0.02129963886694886,0.10649920998971142,2.693783586099763
2015-03-10,-0.214669180374228,0.5521800364923284,0.5576652634464326,0.550351627507627,0.5576652634464326,0.8766693666683143,600028.SS,-0.7189074473803626,0.07099936047592238,-0.014199872095184475,0.04969972160897351,-0.04969972160897351,-2.1391689471937307
2015-03-11,-0.20403618374454421,0.5540084454770298,0.5622363077045405,0.5494374448116307,0.5512658537963321,1.1191328400743419,600028.SS,-0.008007390747784504,-0.04969938305731781,0.03549984951378904,-0.0070997667717643854,0.014199872095184475,0.46751350307592826
2015-03-12,-0.15087583825685147,0.5631504904005368,0.5668073083699395,0.5512658537963321,0.5558368544617311,2.2065578202970957,600028.SS,0.7028926658847936,0.035499510962133336,0.035499510962133336,0.014199872095184475,0.07099936047592238,2.097395853092196
2015-03-13,-0.14555899211745513,0.5640647166892419,0.5732067616127489,0.5613220814158354,0.5640647166892419,2.01841019177709,600028.SS,1.4137927225173716,0.06389959370415799,0.04969972160897351,0.07809912724768676,0.007100105323420089,-0.36311064854300423
2015-03-16,-0.10834617056847942,0.5704641263393424,0.5704641263393424,0.5604078987198391,0.5649788993852382,2.332291406154653,600028.SS,-1.4298075040129405,0.0070997667717643854,-0.021299977418604565,-0.0070997667717643854,0.04969938305731781,0.6052742348352592
2015-03-17,-0.05518559319775036,0.5796062148555582,0.5805203975515545,0.568635717354641,0.5722925789167526,4.127670664827016,600028.SS,-0.7189074473803626,0.056799826932393604,0.07809946579934246,0.06389925515250229,0.07099969902757808,3.462999106914502
2015-03-18,-0.01265708492455985,0.5869198507943638,0.5878340334903601,0.5741209879014539,0.5796062148555582,3.7614295955395156,600028.SS,-0.008007390747784504,0.0567994883807379,0.0567994883807379,0.04259995483720913,0.0567994883807379,-0.7066426951733449
2015-03-19,-0.01265708492455985,0.5869198507943638,0.5978903047025722,0.5814346238402596,0.5860056245056586,3.4311447077429276,600028.SS,0.7028926658847936,0.04969938305731781,0.07809946579934246,0.0567994883807379,0.0,-0.6372852805299226
2015-03-20,-0.01797346729788315,0.5860056245056586,0.592405077748468,0.5796062148555582,0.5850914418096623,3.46423887074731,600028.SS,1.4137927225173716,-0.0070997667717643854,-0.04259961628555343,-0.014199872095184475,-0.007100105323420089,0.06365209530089266
2015-03-23,-0.007340470668199815,0.5878340334903601,0.5887482597790652,0.5768635795821517,0.5814346238402596,5.453572072485866,600028.SS,-1.4298075040129405,-0.02839974419036895,-0.02839974419036895,-0.021299977418604565,0.014199872095184475,3.837125154041303
2015-03-24,-0.03923737360992438,0.5823488065362559,0.5914908514597629,0.5732067616127489,0.5896624424750615,4.213313866498303,600028.SS,-0.7189074473803626,0.06389925515250229,0.02129963886694886,-0.02839974419036895,-0.04259961628555343,-2.392571691023063
2015-03-25,-0.09771456523701348,0.5722925789167526,0.5823488065362559,0.5695499436433461,0.5814346238402596,2.5414146726978335,600028.SS,-0.008007390747784504,-0.06389925515250229,-0.07099936047592238,-0.02839974419036895,-0.07809912724768676,-3.2251824335292785
2015-03-26,-0.002025943359166509,0.5887482597790652,0.5905766687637666,0.5668073083699395,0.5713783526280475,5.191577048620192,600028.SS,0.7028926658847936,-0.07809946579934246,0.06389959370415799,-0.021299977418604565,0.12779884885666026,5.111826780906806
2015-03-27,-0.03923737360992438,0.5823488065362559,0.592405077748468,0.5796062148555582,0.5905766687637666,2.308588315653123,600028.SS,1.4137927225173716,0.14909882627526483,0.014199872095184475,0.09939944321794703,-0.04969972160897351,-5.561304787331516
2015-03-30,0.02455550474137954,0.5933192604444643,0.5951477130218745,0.5796062148555582,0.5805203975515545,4.479669129665568,600028.SS,-1.4298075040129405,-0.07809946579934246,0.021299977418604565,0.0,0.08519923257110686,4.187705888208482
2015-03-31,-0.01797346729788315,0.5860056245056586,0.601547122671975,0.5850914418096623,0.5960618957178708,4.294611630880437,600028.SS,-0.7189074473803626,0.1206990820848959,0.04969938305731781,0.04259961628555343,-0.0567994883807379,-0.3571499652769608
2015-04-01,0.013924131292949896,0.5914908514597629,0.5942334867331693,0.5823488065362559,0.583263032824961,2.816166335493464,600028.SS,-0.008007390747784504,-0.09939910466629133,-0.0567994883807379,-0.021299977418604565,0.04259961628555343,-2.8520209438966053
2015-04-02,0.01923981801716515,0.592405077748468,0.5997187136872736,0.5869198507943638,0.5960618957178708,3.3180917444375564,600028.SS,0.7028926658847936,0.09939910466629133,0.04259961628555343,0.03549984951378904,0.007100105323420089,0.9680007155972871
2015-04-03,0.0032911346632661315,0.5896624424750615,0.5905766687637666,0.5841772155209572,0.5878340334903601,2.480751410575907,600028.SS,1.4137927225173716,-0.06389959370415799,-0.07099936047592238,-0.021299977418604565,-0.021299977418604565,-1.61536619351088
2015-04-07,0.1149293674271569,0.6088607586107806,0.610689167595482,0.5914908514597629,0.5933192604444643,5.751529153924602,600028.SS,-0.7189074473803626,0.04259961628555343,0.15619859304702924,0.0567994883807379,0.14909882627526483,6.30895827785256
2015-04-08,0.15745787570034742,0.6161743945495862,0.6207454388076941,0.5988045309912773,0.611603393884187,6.327164267820013,600028.SS,-0.008007390747784504,0.14199905950350045,0.07809946579934246,0.056799826932393604,0.0567994883807379,1.1101825145974145
2015-04-09,0.12024482226833585,0.6097749848994857,0.6198312561116978,0.5988045309912773,0.610689167595482,4.4429818728670485,600028.SS,0.7028926658847936,-0.007100105323420089,-0.0070997667717643854,0.0,-0.04969938305731781,-3.6346645696645665
2015-04-10,0.14150988799555816,0.6134318028688884,0.6152602118535899,0.6061181669300829,0.6088607586107806,3.2912877658773816,600028.SS,1.4137927225173716,-0.014199872095184475,-0.03549984951378904,0.0567994883807379,0.02839974419036895,-2.221736616718225
2015-04-13,0.19998592020746575,0.6234880740811005,0.6262306657617983,0.6134318028688884,0.6161743945495862,4.3326308451843465,600028.SS,-1.4298075040129405,0.0567994883807379,0.08519923257110686,0.0567994883807379,0.07809946579934246,2.008506505646297
2015-04-14,0.15745787570034742,0.6161743945495862,0.6216596650963991,0.611603393884187,0.6216596650963991,3.1814113467412333,600028.SS,-0.7189074473803626,0.04259995483720913,-0.035499510962133336,-0.014199872095184475,-0.056799826932393604,-2.2208211240159486
2015-04-15,0.17872201389542453,0.6198312561116978,0.634458527989309,0.6079465759147843,0.6180028471269964,4.593675527674809,600028.SS,-0.008007390747784504,-0.02839974419036895,0.09939910466629133,-0.02839974419036895,0.028400082742024654,2.723992065535753
2015-04-16,0.306308698130178,0.6417721639281145,0.6490857998669202,0.6180028471269964,0.6216596650963991,6.060550488095593,600028.SS,0.7028926658847936,0.02839974419036895,0.1135989767614758,0.07809946579934246,0.1703984651422137,2.829333131239635
2015-04-17,0.47642365875508486,0.6710267512760457,0.6838256141689556,0.6500000261556252,0.6591420710791323,9.190585224840005,600028.SS,1.4137927225173716,0.29109754722710957,0.2697979083601607,0.24849793094155617,0.22719829207460732,6.037473079412273
2015-04-20,0.37010227213059044,0.6527426178363229,0.6838256141689556,0.6490857998669202,0.6637131153372402,7.7245397734201235,600028.SS,-1.4298075040129405,0.03549984951378904,0.0,-0.007100105323420089,-0.14199905950350045,-2.828102355106616
2015-04-21,0.43921083720610915,0.6646272980332365,0.6710267512760457,0.6500000261556252,0.6554852531097295,3.427239641193965,600028.SS,-0.7189074473803626,-0.06389959370415799,-0.09939910466629133,0.007100105323420089,0.09229933789452693,-8.289430469368291
2015-04-22,0.5348999228500287,0.681082978895549,0.6838256141689556,0.6618846627598299,0.667369933306643,4.67138065170255,600028.SS,-0.008007390747784504,0.09229933789452693,0.09939910466629133,0.09229899934287124,0.12779884885666026,2.3996920993316047
2015-04-23,0.6040103429898379,0.6929676590924626,0.709423383547484,0.67651197823015,0.6838256141689556,5.672785547289377,600028.SS,0.7028926658847936,0.12779884885666026,0.19879854788423837,0.1135993153131315,0.09229933789452693,1.9314680367787689
2015-04-24,0.7103319614973687,0.7112517925321854,0.7414205189834041,0.6774261609261463,0.6819972051842542,7.223502696413484,600028.SS,1.4137927225173716,-0.014199872095184475,0.24849759238990046,0.0070997667717643854,0.14199905950350045,2.9910599110418303
2015-04-27,1.1249875258451345,0.7825598301209575,0.7825598301209575,0.7267932471057929,0.7359353356220086,6.697082571925778,600028.SS,-1.4298075040129405,0.4188967346354256,0.31949796852078993,0.38339688512163655,0.5537956888155059,-1.015618918121836
2015-04-28,1.1834651812382964,0.7926160577404608,0.8474684144669204,0.7743319678934468,0.7953586494211585,15.537665685456725,600028.SS,-0.7189074473803626,0.4614960123693233,0.5040959672065324,0.36919735157810774,0.07809912724768676,17.052793816688464
2015-04-29,0.9920846911200941,0.7597046960158357,0.7770745595741446,0.7423347452721092,0.7770745595741446,6.3168543152063235,600028.SS,-0.008007390747784504,-0.14199872095184476,-0.5466959220437415,-0.24849826949321188,-0.2555976977133205,-17.78660164488675
2015-04-30,0.8910792231028508,0.7423347452721092,0.764275653088526,0.7377637010140012,0.7578762434384255,4.885341772461488,600028.SS,0.7028926658847936,-0.14909882627526483,-0.09939944321794703,-0.03549984951378904,-0.13489929273173606,-2.7614903522045826
2015-05-04,0.9123438250640005,0.745991563241512,0.7505626074996199,0.7231364291363901,0.7386779273027064,3.7062185425818535,600028.SS,-1.4298075040129405,-0.14909882627526483,-0.10649887143805571,-0.1135989767614758,0.02839974419036895,-2.2746458237224707
2015-05-05,0.7847571408292474,0.7240506554250952,0.7825598301209575,0.7222222464403938,0.7496483812109148,5.542429783034738,600028.SS,-0.7189074473803626,0.08519923257110686,0.24849826949321188,-0.0070997667717643854,-0.1703984651422137,3.5417616610466793
2015-05-06,0.694383973792579,0.7085091572587788,0.7405063798801166,0.6975387033505704,0.7185654284709909,3.75643686369969,600028.SS,-0.008007390747784504,-0.24139782561813608,-0.3265973967408986,-0.19169844256081828,-0.1206990820848959,-3.445262695169818
2015-05-07,0.5561645248111784,0.6847397968649519,0.7075949309700738,0.681082978895549,0.703938113000671,2.748375733565826,600028.SS,0.7028926658847936,-0.1135993153131315,-0.25559837481663195,-0.12779918740831597,-0.18459867578905387,-1.944676831190804
2015-05-08,0.6040103429898379,0.6929676590924626,0.6938818853811677,0.6719409339720421,0.6911392501077612,2.8499490250076347,600028.SS,1.4137927225173716,-0.09939910466629133,-0.10649887143805571,-0.07099936047592238,0.06389959370415799,0.19574441179604674
2015-05-11,0.6837507452798589,0.7066807482740775,0.7075949309700738,0.6829113878802505,0.6920534763964663,3.6318573006230865,600028.SS,-1.4298075040129405,0.007100105323420089,0.10649887143805571,0.08519923257110686,0.10649920998971142,1.5080716289029132
2015-05-12,0.6996991967507212,0.709423383547484,0.7130802015168868,0.7011955213199733,0.7085091572587788,2.762023710800848,600028.SS,-0.7189074473803626,0.12779884885666026,0.04259995483720913,0.14199905950350045,0.021299977418604565,-1.6780438231513661
2015-05-13,0.5827443497304704,0.6893108411230597,0.7085091572587788,0.6847397968649519,0.7085091572587788,3.0953927963466294,600028.SS,-0.008007390747784504,0.0,-0.03549984951378904,-0.12779918740831597,-0.15619893159868492,0.6428652221171923
2015-05-14,0.6199592582267728,0.6957102943658691,0.703938113000671,0.6728551602607472,0.6838256141689556,3.147675299405579,600028.SS,0.7028926658847936,-0.19169844256081828,-0.03549984951378904,-0.09229899934287124,0.04969972160897351,0.10066530422075427
2015-05-15,0.4604756710502943,0.6682841160026393,0.6911392501077612,0.6646272980332365,0.6874824321383584,2.444003088488135,600028.SS,1.4137927225173716,0.02839974419036895,-0.09939910466629133,-0.06389959370415799,-0.21299841997942284,-1.3575280404246715
2015-05-18,0.35946950738394295,0.6509142088516215,0.6618846627598299,0.6472573908822188,0.6600562537751286,1.913569096759112,600028.SS,-1.4298075040129405,-0.21299841997942284,-0.22719829207460732,-0.13489895418008035,-0.13489895418008035,-1.0233614381291407
2015-05-19,0.48173934547929964,0.6719409339720421,0.6728551602607472,0.6472573908822188,0.6481716171709239,2.3693419924175427,600028.SS,-0.7189074473803626,-0.09229899934287124,0.08519957112276255,0.0,0.1632986983704493,0.8789751609343492
2015-05-20,0.4604756710502943,0.6682841160026393,0.681082978895549,0.6664557070179379,0.6719409339720421,2.437349537310537,600028.SS,-0.008007390747784504,0.18459833723739819,0.06389925515250229,0.14909882627526483,-0.02839974419036895,0.13099800923963048
2015-05-21,0.4657904302423648,0.6691983422913443,0.6710267512760457,0.6554852531097295,0.6691983422913443,1.8422326146741594,600028.SS,0.7028926658847936,-0.02129963886694886,-0.07809912724768676,-0.08519923257110686,0.007100105323420089,-1.1481311070225741
2015-05-22,0.6359058546333447,0.6984528860465667,0.7002812950312681,0.6728551602607472,0.6755977519414449,4.077533751671842,600028.SS,1.4137927225173716,0.04969938305731781,0.2271979535229516,0.13489895418008035,0.2271979535229516,4.311583212916821
2015-05-25,0.7741248398486725,0.7222222464403938,0.7249648381210915,0.6938818853811677,0.6984528860465667,4.370911104127265,600028.SS,-1.4298075040129405,0.1774985704656338,0.19169844256081828,0.1632986983704493,0.18459867578905387,0.5657234595816412
2015-05-26,0.7953899055758957,0.7258790644097965,0.7295358823791994,0.7075949309700738,0.7267932471057929,3.8948466557305648,600028.SS,-0.7189074473803626,0.22009818675118722,0.03549984951378904,0.10649887143805571,0.02839974419036895,-0.918485703150815
2015-05-27,0.8804464583562033,0.7405063798801166,0.745991563241512,0.7231364291363901,0.7258790644097965,4.487646327357097,600028.SS,-0.008007390747784504,-0.0070997667717643854,0.12779884885666026,0.1206990820848959,0.1135993153131315,1.1432919633309866
2015-05-28,0.47642365875508486,0.6710267512760457,0.7368495619107137,0.6664557070179379,0.7368495619107137,5.930669717500715,600028.SS,0.7028926658847936,0.08519957112276255,-0.07099902192426667,-0.44019637350237445,-0.5395958167203214,2.7833248183149633
2015-05-29,0.4073132386152757,0.6591420710791323,0.67651197823015,0.6472573908822188,0.6682841160026393,3.274179503000953,600028.SS,1.4137927225173716,-0.532496049948557,-0.4685964562443991,-0.14909882627526483,-0.09229933789452693,-5.124402118302867
2015-06-01,0.561481602833611,0.685654023153657,0.686568249442362,0.6545710268210244,0.6591420710791323,2.682681178591392,600028.SS,-1.4298075040129405,-0.07099936047592238,0.07809946579934246,0.0567994883807379,0.20589831465600275,-1.1411510383045236
2015-06-02,0.561481602833611,0.685654023153657,0.6874824321383584,0.6710267512760457,0.6838256141689556,2.7817437182715716,600028.SS,-0.7189074473803626,0.19169844256081828,0.0070997667717643854,0.12779918740831597,0.0,0.19090131545551903
2015-06-03,0.5455331513627488,0.6829113878802505,0.6975387033505704,0.6755977519414449,0.685654023153657,2.3975848781474682,600028.SS,-0.008007390747784504,0.014199872095184475,0.07809946579934246,0.035499510962133336,-0.021299977418604565,-0.7412050488458072
2015-06-04,0.6252735536527698,0.6966244770618654,0.6984528860465667,0.6582278447904272,0.6829113878802505,3.69351749039521,600028.SS,0.7028926658847936,-0.021299977418604565,0.0070997667717643854,-0.13489895418008035,0.10649920998971142,2.499595132632782
2015-06-05,0.7050153472410086,0.7103375662434803,0.7130802015168868,0.6929676590924626,0.703938113000671,5.019141212797625,600028.SS,1.4137927225173716,0.1632986983704493,0.1135993153131315,0.2697979083601607,0.10649920998971142,2.556867583511407
2015-06-08,0.9176599755542879,0.746905789530217,0.751476833788325,0.7057665219853724,0.7130802015168868,7.2441389565291345,600028.SS,-1.4298075040129405,0.07099969902757808,0.29819765255052966,0.09939910466629133,0.2839977804553452,4.291708557451063
2015-06-09,0.8432343324563365,0.7341068830445985,0.7423347452721092,0.7222222464403938,0.7405063798801166,5.246206419136872,600028.SS,-0.7189074473803626,0.21299841997942284,-0.07099969902757808,0.12779918740831597,-0.09939944321794703,-3.85408207919363
2015-06-10,0.7953899055758957,0.7258790644097965,0.7313642913639008,0.7203938374556924,0.7277074733944979,3.030608071322678,600028.SS,-0.008007390747784504,-0.09939944321794703,-0.08519923257110686,-0.014199872095184475,-0.06389925515250229,-4.273946960311392
2015-06-11,0.7528597741214502,0.7185654284709909,0.7267932471057929,0.7103375662434803,0.7267932471057929,2.519993980460956,600028.SS,0.7028926658847936,-0.007100105323420089,-0.03549984951378904,-0.07809946579934246,-0.0567994883807379,-0.9851299845752535
2015-06-12,0.7741248398486725,0.7222222464403938,0.7258790644097965,0.7139943842128831,0.7203938374556924,2.8384370968072714,600028.SS,1.4137927225173716,-0.04969938305731781,-0.0070997667717643854,0.02839974419036895,0.02839974419036895,0.6140738824421494
2015-06-15,0.6731189080653567,0.7048523392893761,0.7304500650751957,0.703938113000671,0.7240506554250952,3.191865629846334,600028.SS,-1.4298075040129405,0.02839974419036895,0.035499510962133336,-0.07809946579934246,-0.13489895418008035,0.6815587473921465
2015-06-16,0.5295837723597413,0.6801687961995527,0.7011955213199733,0.6728551602607472,0.6957102943658691,2.5847236839883974,600028.SS,-0.7189074473803626,-0.22009818675118722,-0.2271979535229516,-0.24139782561813608,-0.19169844256081828,-1.171326688062937
2015-06-17,0.6146421802043401,0.694796068077164,0.6975387033505704,0.6737693429567435,0.6847397968649519,1.8255007129960907,600028.SS,-0.008007390747784504,-0.08519957112276255,-0.02839974419036895,0.0070997667717643854,0.1135989767614758,-1.4646822748431219
2015-06-18,0.4657904302423648,0.6691983422913443,0.6975387033505704,0.667369933306643,0.6902250674117649,1.905273416657267,600028.SS,0.7028926658847936,0.04259995483720913,0.0,-0.04969938305731781,-0.19879820933258266,0.15369232663361582
2015-06-19,0.26069800053844433,0.6244022567770969,0.6627988890485351,0.6216596650963991,0.6527426178363229,2.4427517252384727,600028.SS,1.4137927225173716,-0.2910978857787653,-0.2697979083601607,-0.3549971409312676,-0.34789737415950317,1.036580222643399
2015-06-23,0.3632447950979955,0.6417721639281145,0.6454289818975174,0.5988045309912773,0.625316483065802,2.0853473890505088,600028.SS,-0.7189074473803626,-0.21299808142776713,-0.13489895418008035,-0.1774985704656338,0.13489895418008035,-0.6895971431635273
2015-06-24,0.5089684429002406,0.6664557070179379,0.6710267512760457,0.6399437549434132,0.6445147992015211,3.1939244388370653,600028.SS,-0.008007390747784504,0.14909882627526483,0.19879854788423837,0.31949729141747857,0.19169844256081828,2.138196983759367
2015-06-25,0.3632447950979955,0.6417721639281145,0.667369933306643,0.6390295286547081,0.6618846627598299,2.5177398942284888,600028.SS,0.7028926658847936,0.13489861562842467,-0.02839974419036895,-0.007100105323420089,-0.19169844256081828,-1.304505906518544
2015-06-26,0.17434220710572904,0.6097749848994857,0.6518284351403266,0.5814346238402596,0.6308017100199061,3.3366715186647222,600028.SS,1.4137927225173716,-0.24139782561813608,-0.1206990820848959,-0.44729614027413883,-0.24849793094155617,1.5794875482017976
2015-06-29,0.21751998788056898,0.6170886208382913,0.6381153459587118,0.5677215346586447,0.6207454388076941,3.7435918412888287,600028.SS,-1.4298075040129405,-0.07809946579934246,-0.10649920998971142,-0.10649920998971142,0.0567994883807379,0.7847413456668372
2015-06-30,0.38483426519300606,0.6454289818975174,0.6463432081862225,0.5997187136872736,0.6125175765801834,3.2889693843739294,600028.SS,-0.7189074473803626,-0.06389959370415799,0.06389959370415799,0.24849793094155617,0.22009818675118722,-0.8771253297096058
2015-07-01,0.2283150707526287,0.6189170298229927,0.6463432081862225,0.6170886208382913,0.6399437549434132,2.0826814428781426,600028.SS,-0.008007390747784504,0.21299841997942284,0.0,0.13489895418008035,-0.20589831465600275,-2.3270449965241404
2015-07-02,0.42801135031873666,0.6527426178363229,0.6664557070179379,0.5814346238402596,0.6234880740811005,6.106817367580595,600028.SS,0.7028926658847936,-0.12779884885666026,0.15619859304702924,-0.2768976751319251,0.2626978030367406,7.762143059789821
2015-07-03,0.21751998788056898,0.6170886208382913,0.6609704800638336,0.6070323496260792,0.634458527989309,4.134621293574449,600028.SS,1.4137927225173716,0.08519923257110686,-0.04259961628555343,0.19879820933258266,-0.2768976751319251,-3.8044379154223047
2015-07-06,0.535955454431281,0.6710267512760457,0.67651197823015,0.6308017100199061,0.6536568441250281,9.369248148655938,600028.SS,-1.4298075040129405,0.14909882627526483,0.1206990820848959,0.18459867578905387,0.4188967346354256,10.09711073152721
2015-07-07,0.6061186235559067,0.6829113878802505,0.7203938374556924,0.6490857998669202,0.6582278447904272,7.966597300237424,600028.SS,-0.7189074473803626,0.035499510962133336,0.34079726883608313,0.14199872095184476,0.09229899934287124,-2.7058177969526223
2015-07-08,0.20132875487069724,0.6143459855648847,0.6719409339720421,0.6143459855648847,0.6143459855648847,7.080915680815177,600028.SS,-0.008007390747784504,-0.34079726883608313,-0.3762971183498722,-0.2697979083601607,-0.5324957113969013,-1.7086137645264494
2015-07-09,0.42801135031873666,0.6527426178363229,0.6646272980332365,0.5530942627810335,0.5850914418096623,7.554053635320767,600028.SS,0.7028926658847936,-0.2271979535229516,-0.0567994883807379,-0.4756958844645078,0.29819765255052966,0.9124713648367098
2015-07-10,0.5413523002182028,0.6719409339720421,0.703938113000671,0.6225738477923954,0.6353727106853053,7.753923128430734,600028.SS,1.4137927225173716,0.39049665189340094,0.30529741932229404,0.5395954781686657,0.14909882627526483,0.38535215472879225
2015-07-13,0.44959966099856563,0.6563994358057258,0.6737693429567435,0.6426863902168197,0.6591420710791323,4.601544378113727,600028.SS,-1.4298075040129405,0.18459867578905387,-0.2342980588463717,0.15619893159868492,-0.1206990820848959,-6.080942701019908
2015-07-14,0.3470524026729423,0.6390295286547081,0.6545710268210244,0.6262306657617983,0.6481716171709239,2.974604219348802,600028.SS,-0.7189074473803626,-0.08519923257110686,-0.14909882627526483,-0.12779918740831597,-0.13489895418008035,-3.1384590300522808
2015-07-15,0.5197630620062277,0.6682841160026393,0.6737693429567435,0.6289733010352048,0.6326301190046075,6.559573224263852,600028.SS,-0.008007390747784504,-0.1206990820848959,0.14909882627526483,0.021299977418604565,0.22719829207460732,6.91501522556559
2015-07-16,0.4118196535427923,0.6500000261556252,0.6719409339720421,0.6308017100199061,0.6682841160026393,4.26025263808717,600028.SS,0.7028926658847936,0.2768976751319251,-0.014199872095184475,0.014199872095184475,-0.14199872095184476,-4.435442362776481
2015-07-17,0.39562726111773905,0.6472573908822188,0.6554852531097295,0.6381153459587118,0.6408579812321182,2.680458864198465,600028.SS,1.4137927225173716,-0.21299808142776713,-0.12779884885666026,0.0567994883807379,-0.021299977418604565,-3.0475163540168726
2015-07-20,0.42801135031873666,0.6527426178363229,0.6637131153372402,0.6390295286547081,0.6426863902168197,3.5586961148964638,600028.SS,-1.4298075040129405,0.014199872095184475,0.06389959370415799,0.0070997667717643854,0.04259961628555343,1.6938847044283223
2015-07-21,0.36864280030009844,0.6426863902168197,0.6500000261556252,0.6390295286547081,0.6454289818975174,2.1536348677641444,600028.SS,-0.7189074473803626,0.02129963886694886,-0.10649920998971142,0.0,-0.07809912724768676,-2.7104673180117924
2015-07-22,0.3470524026729423,0.6390295286547081,0.6472573908822188,0.6372011196700067,0.6399437549434132,1.7352838199227276,600028.SS,-0.008007390747784504,-0.04259961628555343,-0.021299977418604565,-0.014199872095184475,-0.028400082742024654,-0.8071598591146103
2015-07-23,0.3632447950979955,0.6417721639281145,0.643600572912816,0.6362869369740104,0.6381153459587118,1.4700085943202346,600028.SS,0.7028926658847936,-0.014199872095184475,-0.02839974419036895,-0.0070997667717643854,0.021299977418604565,-0.5118853656984668
2015-07-24,0.3470524026729423,0.6390295286547081,0.6518284351403266,0.6381153459587118,0.6408579812321182,2.170908605089324,600028.SS,1.4137927225173716,0.021299977418604565,0.06389959370415799,0.014199872095184475,-0.021299977418604565,1.3518113259028988
2015-07-27,-0.025352913045196983,0.5759493968861554,0.6372011196700067,0.5750351705974502,0.6308017100199061,2.9045079694995417,600028.SS,-1.4298075040129405,-0.07809946579934246,-0.1135993153131315,-0.48989609511134796,-0.48989575655969225,1.4148865061645437
2015-07-28,-0.10631093315884614,0.5622363077045405,0.5905766687637666,0.5494374448116307,0.5558368544617311,2.428269928219236,600028.SS,-0.7189074473803626,-0.5821954330058748,-0.362096907703032,-0.19879820933258266,-0.10649920998971142,-0.9188205538804574
2015-07-29,-0.057736538480121995,0.5704641263393424,0.5722925789167526,0.5540084454770298,0.5604078987198391,1.1360926293866371,600028.SS,-0.008007390747784504,0.03549984951378904,-0.14199872095184476,0.035499510962133336,0.06389925515250229,-2.4927206473652075
2015-07-30,-0.1009147830210341,0.5631504904005368,0.5768635795821517,0.5622363077045405,0.5677215346586447,0.9728041390992014,600028.SS,0.7028926658847936,0.0567994883807379,0.035499510962133336,0.06389959370415799,-0.0567994883807379,-0.315158794742558
2015-07-31,-0.1872694170385679,0.5485232185229256,0.5631504904005368,0.5402953562954149,0.559493672431134,0.8410745704412298,600028.SS,1.4137927225173716,-0.06389959370415799,-0.10649920998971142,-0.1703988036938694,-0.1135989767614758,-0.2542834425111965
2015-08-03,-0.3060074446079904,0.5284107196912102,0.5439521742648177,0.517440222190293,0.5439521742648177,1.6736270589004432,600028.SS,-1.4298075040129405,-0.1206990820848959,-0.14909882627526483,-0.1774985704656338,-0.15619859304702924,1.6057614147435568
2015-08-04,-0.22504988826041386,0.5421237652801163,0.5430379915688214,0.5256680844178037,0.5302391286759116,0.9906971757295389,600028.SS,-0.7189074473803626,-0.10649887143805571,-0.0070997667717643854,0.06389959370415799,0.10649887143805571,-1.317517278254329
2015-08-05,-0.28981621159811866,0.5311533113719079,0.5421237652801163,0.5284107196912102,0.5393811735994186,0.5081570052841188,600028.SS,-0.008007390747784504,0.07099936047592238,-0.007100105323420089,0.021299977418604565,-0.08519923257110686,-0.930977000074604
2015-08-06,-0.32220006891608,0.5256680844178037,0.532067537660613,0.5229254491443972,0.5256680844178037,0.10237490337649098,600028.SS,0.7028926658847936,-0.10649920998971142,-0.07809912724768676,-0.04259995483720913,-0.04259961628555343,-0.7829150823164704
2015-08-07,-0.2682274371522171,0.5348101293413107,0.5375527646147171,0.5284107196912102,0.5293249023872065,0.31974079757156204,600028.SS,1.4137927225173716,0.02839974419036895,0.04259961628555343,0.04259995483720913,0.07099936047592238,0.41910171028529414
2015-08-10,-0.1225030937008631,0.559493672431134,0.5613220814158354,0.5357243556300157,0.536638538326012,1.8141945967471138,600028.SS,-1.4298075040129405,0.0567994883807379,0.18459833723739819,0.0567994883807379,0.19169844256081828,2.8825311315718434
2015-08-11,-0.1225030937008631,0.559493672431134,0.5677215346586447,0.5512658537963321,0.5576652634464326,1.4689567321345738,600028.SS,-0.7189074473803626,0.1632986983704493,0.04969972160897351,0.1206990820848959,0.0,-0.6661287163502579
2015-08-12,-0.16568110635873892,0.5521800364923284,0.559493672431134,0.550351627507627,0.5512658537963321,0.5050502535663286,600028.SS,-0.008007390747784504,-0.04969938305731781,-0.06389959370415799,-0.007100105323420089,-0.0567994883807379,-1.8595050373548399
2015-08-13,-0.14949010523190345,0.5549226717657348,0.5567510807504362,0.5439521742648177,0.5521800364923284,0.47686978723338147,600028.SS,0.7028926658847936,0.0070997667717643854,-0.02129963886694886,-0.04969972160897351,0.021299977418604565,-0.054543155080335894
2015-08-14,-0.14949010523190345,0.5549226717657348,0.5613220814158354,0.5530942627810335,0.5540084454770298,0.6966393779301627,600028.SS,1.4137927225173716,0.014199872095184475,0.035499510962133336,0.07099969902757808,0.0,0.42373830316121436
2015-08-17,-0.176475725464726,0.550351627507627,0.5540084454770298,0.5466948095382241,0.5540084454770298,0.5126761472639372,600028.SS,-1.4298075040129405,0.0,-0.0567994883807379,-0.04969972160897351,-0.03549984951378904,-0.355039184751694
2015-08-18,-0.27902159249213154,0.5329817203566093,0.5604078987198391,0.532067537660613,0.5512658537963321,2.032418374090306,600028.SS,-0.7189074473803626,-0.02129963886694886,0.04969972160897351,-0.1135989767614758,-0.13489895418008035,2.9313110600717938
2015-08-19,-0.30061083070410577,0.5293249023872065,0.5311533113719079,0.5082981772667859,0.5238396754331023,1.3676959600598835,600028.SS,-0.008007390747784504,-0.21299841997942284,-0.22719829207460732,-0.18459867578905387,-0.02839974419036895,-1.2823961131466577
2015-08-20,-0.4031573933806207,0.5119549952361888,0.5247538581290986,0.5110408125401925,0.5220112664484009,0.7177648063561768,600028.SS,0.7028926658847936,-0.014199872095184475,-0.04969972160897351,0.021299977418604565,-0.13489895418008035,-1.2538646191714662
2015-08-21,-0.46792418048439766,0.5009845413279804,0.5192686311749943,0.4982419060545739,0.5073839945707896,0.8023875325681374,600028.SS,1.4137927225173716,-0.1135989767614758,-0.04259961628555343,-0.09939944321794703,-0.08519923257110686,0.16304774234064057
2015-08-24,-0.7323867833882104,0.4561884558137329,0.5073839945707896,0.4507032288596287,0.49275667910046966,2.625016799220401,600028.SS,-1.4298075040129405,-0.1135993153131315,-0.09229899934287124,-0.3691970130264521,-0.34789737415950317,3.5155628115163453
2015-08-25,-1.0022466958450167,0.4104781876034891,0.45344586413303517,0.4104781876034891,0.43973277495142027,2.1448059114667792,600028.SS,-0.7189074473803626,-0.4117966293120055,-0.4188967346354256,-0.31239752464571413,-0.3549971409312676,-0.9264839471758233
2015-08-26,-0.9590691469532135,0.4177918671350035,0.4296765037392082,0.3995077336952807,0.4187060498309998,1.7253487315350944,600028.SS,-0.008007390747784504,-0.1632986983704493,-0.18459867578905387,-0.08519923257110686,0.056799826932393604,-0.8092935245611071
2015-08-27,-0.8619196619466563,0.4342475479973161,0.4360759569820175,0.41687764084629836,0.4232770940891077,1.0119641208359547,600028.SS,0.7028926658847936,0.03549984951378904,0.04969972160897351,0.13489895418008035,0.12779884885666026,-1.376262703309049
2015-08-28,-0.7107980089423088,0.4598453173758445,0.4616737263605459,0.4461322281942296,0.4488748198749273,1.6081117679121562,600028.SS,1.4137927225173716,0.19879820933258266,0.19879854788423837,0.22719829207460732,0.19879854788423837,1.1497500162123084
2015-08-31,-0.7539755578341115,0.4525316378443301,0.457102682102438,0.4433895929208231,0.457102682102438,0.7937843395708595,600028.SS,-1.4298075040129405,0.06389959370415799,-0.03549984951378904,-0.021299977418604565,-0.056799826932393604,-1.5709756168661262
2015-09-01,-0.6784143835073838,0.4653305443299487,0.4708157712840529,0.4561884558137329,0.4616737263605459,1.7997835860198428,600028.SS,-0.7189074473803626,0.03549984951378904,0.10649920998971142,0.09939910466629133,0.09939944321794703,1.9403302764424684
2015-09-02,-0.7863584876199281,0.4470464108902259,0.4598453173758445,0.43881859225542397,0.447960637178931,1.350721399792666,600028.SS,-0.008007390747784504,-0.10649920998971142,-0.08519923257110686,-0.13489861562842467,-0.14199905950350045,-0.8663998860271196
2015-09-07,-0.7755643322800136,0.4488748198749273,0.46441631804124356,0.447960637178931,0.4525316378443301,1.0101646607438235,600028.SS,-1.4298075040129405,0.035499510962133336,0.035499510962133336,0.07099936047592238,0.014199872095184475,-0.6570990932574567
2015-09-08,-0.7054002356232426,0.4607595000718408,0.4616737263605459,0.4433895929208231,0.447960637178931,0.5695665360508024,600028.SS,-0.7189074473803626,-0.035499510962133336,-0.02129963886694886,-0.03549984951378904,0.09229933789452693,-0.8500731961215119
2015-09-09,-0.6460319174876403,0.4708157712840529,0.4772151809341534,0.45893109108713936,0.4625879090565422,1.532411002836943,600028.SS,-0.008007390747784504,0.1135989767614758,0.12069874353324019,0.1206990820848959,0.07809946579934246,1.857087178237565
2015-09-10,-0.7000033898363217,0.4616737263605459,0.466244727025945,0.45893109108713936,0.46350213534524726,0.4604230184042422,600028.SS,0.7028926658847936,0.007100105323420089,-0.08519923257110686,0.0,-0.07099936047592238,-2.0679880716120036
2015-09-11,-0.7161953184953024,0.45893109108713936,0.4653305443299487,0.457102682102438,0.4625879090565422,-0.14370964664618233,600028.SS,1.4137927225173716,-0.007100105323420089,-0.0070997667717643854,-0.014199872095184475,-0.021299977418604565,-1.1655219577470144
2015-09-14,-0.8079477258319023,0.4433895929208231,0.4625879090565422,0.43973277495142027,0.4616737263605459,0.5497919418888013,600028.SS,-1.4298075040129405,-0.0070997667717643854,-0.021299977418604565,-0.13489895418008035,-0.1206990820848959,1.3375401931707518
2015-09-15,-0.8133448035018596,0.4424754102248268,0.4552742731177366,0.4379043659667189,0.4406470012401254,0.6222312515442496,600028.SS,-0.7189074473803626,-0.1632986983704493,-0.0567994883807379,-0.014199872095184475,-0.0070997667717643854,0.13954662962940484
2015-09-16,-0.7269894738352168,0.457102682102438,0.4616737263605459,0.4369901832707226,0.44430381920952816,0.8119408184804929,600028.SS,-0.008007390747784504,0.02839974419036895,0.04969972160897351,-0.0070997667717643854,0.1135989767614758,0.36575423906704074
2015-09-17,-0.7539755578341115,0.4525316378443301,0.4653305443299487,0.4516174551483338,0.4561884558137329,0.8369813636678596,600028.SS,0.7028926658847936,0.09229899934287124,0.02839974419036895,0.1135989767614758,-0.03549984951378904,0.04811712781677224
2015-09-18,-0.7539755578341115,0.4525316378443301,0.4561884558137329,0.44978904616363236,0.45436004682903147,-0.1070160727487741,600028.SS,1.4137927225173716,-0.014199872095184475,-0.07099969902757808,-0.014199872095184475,0.0,-1.821101635369239
2015-09-21,-0.7269894738352168,0.457102682102438,0.457102682102438,0.447960637178931,0.44978904616363236,-0.06869607881904391,600028.SS,-1.4298075040129405,-0.035499510962133336,0.007100105323420089,-0.014199872095184475,0.03549984951378904,0.07373242383737388
2015-09-22,-0.7054002356232426,0.4607595000718408,0.46350213534524726,0.4561884558137329,0.45801690839114306,0.14477833959635428,600028.SS,-0.7189074473803626,0.06389959370415799,0.04969972160897351,0.06389925515250229,0.02839974419036895,0.4115952763973178
2015-09-23,-0.7603546601628134,0.4433895929208231,0.4516174551483338,0.4433895929208231,0.4488748198749273,-0.07347922211345803,600028.SS,-0.008007390747784504,-0.07099969902757808,-0.09229933789452693,-0.09939910466629133,-0.13489895418008035,-0.42119098506758806
2015-09-24,-0.7548588003193909,0.44430381920952816,0.4470464108902259,0.4415611839361217,0.44521800190552446,-0.3002888313021167,600028.SS,0.7028926658847936,-0.02839974419036895,-0.03549984951378904,-0.014199872095184475,0.007100105323420089,-0.43768739482095703
2015-09-25,-0.7493631723590048,0.44521800190552446,0.4488748198749273,0.43973277495142027,0.4433895929208231,0.12165221700477825,600028.SS,1.4137927225173716,-0.014199872095184475,0.014199872095184475,-0.014199872095184475,0.0070997667717643854,0.8137154651708669
2015-09-28,-0.7713452204344766,0.4415611839361217,0.4433895929208231,0.4342475479973161,0.4415611839361217,-0.27645866586543094,600028.SS,-1.4298075040129405,-0.014199872095184475,-0.04259961628555343,-0.04259961628555343,-0.02839974419036895,-0.7681177401756416
2015-09-29,-0.831793417870143,0.4315049127239096,0.4369901832707226,0.4296765037392082,0.43516177428602115,-0.11993839110709259,600028.SS,-0.7189074473803626,-0.04969938305731781,-0.04969938305731781,-0.03549984951378904,-0.07809946579934246,0.30173399543003276
2015-09-30,-0.820803089481516,0.433333321708611,0.4360759569820175,0.43059073002791326,0.433333321708611,-0.3616682176431325,600028.SS,-0.008007390747784504,-0.014200210646840178,-0.007100105323420089,0.007100105323420089,0.014199872095184475,-0.4664676395027753
2015-10-08,-0.7383726120873415,0.4470464108902259,0.4561884558137329,0.4470464108902259,0.4561884558137329,0.4405594196110039,600028.SS,0.7028926658847936,0.1774985704656338,0.15619859304702924,0.12779884885666026,0.10649920998971142,1.5472665136773183
2015-10-09,-0.6614382264196257,0.4598453173758445,0.4607595000718408,0.447960637178931,0.4507032288596287,0.6877470270297964,600028.SS,1.4137927225173716,-0.04259961628555343,0.03549984951378904,0.007100105323420089,0.09939944321794703,0.476626087003597
2015-10-12,-0.5954946329066094,0.4708157712840529,0.475386771949452,0.457102682102438,0.4598453173758445,0.8764295032556648,600028.SS,-1.4298075040129405,0.07099969902757808,0.1135989767614758,0.07099936047592238,0.08519923257110686,0.36377303991512644
2015-10-13,-0.6284658499555268,0.4653305443299487,0.4689873622993515,0.46350213534524726,0.466244727025945,0.053411672410315754,600028.SS,-0.7189074473803626,0.04969938305731781,-0.04969938305731781,0.04969972160897351,-0.04259961628555343,-1.587738905538594
2015-10-14,-0.639457105876299,0.46350213534524726,0.46715895331465007,0.4598453173758445,0.46350213534524726,0.12545745227219648,600028.SS,-0.008007390747784504,-0.02129963886694886,-0.014199872095184475,-0.02839974419036895,-0.014199872095184475,0.13878753319771306
2015-10-15,-0.6064849612952364,0.4689873622993515,0.4708157712840529,0.4607595000718408,0.4616737263605459,0.3105667674181185,600028.SS,0.7028926658847936,-0.014199872095184475,0.02839974419036895,0.0070997667717643854,0.04259961628555343,0.3568806168508969
2015-10-16,-0.5625220245594743,0.4763009982381571,0.47812940722285846,0.4680731360106464,0.47264418026875427,0.8725188401422009,600028.SS,1.4137927225173716,0.08519923257110686,0.0567994883807379,0.0567994883807379,0.0567994883807379,1.083788711897795
2015-10-19,-0.5954946329066094,0.4708157712840529,0.47904358991885476,0.4689873622993515,0.4763009982381571,0.3064491618596621,600028.SS,-1.4298075040129405,0.02839974419036895,0.0070997667717643854,0.007100105323420089,-0.04259961628555343,-1.0921006363952288
2015-10-20,-0.5845031451028009,0.47264418026875427,0.47355836296475057,0.466244727025945,0.4689873622993515,0.11917664098651588,600028.SS,-0.7189074473803626,-0.0567994883807379,-0.04259961628555343,-0.021299977418604565,0.014199872095184475,-0.36142261601551795
2015-10-21,-0.6009895652178867,0.4699015449953478,0.47812940722285846,0.457102682102438,0.4717299539800492,1.5656811377307076,600028.SS,-0.008007390747784504,0.02129963886694886,0.03549984951378904,-0.07099936047592238,-0.021299977418604565,2.790039673561062
2015-10-22,-0.6229704538781774,0.466244727025945,0.46715895331465007,0.4616737263605459,0.4653305443299487,0.04819987948249762,600028.SS,0.7028926658847936,-0.04969938305731781,-0.08519923257110686,0.03549984951378904,-0.02839974419036895,-2.927319080403574
2015-10-23,-0.6064849612952364,0.4689873622993515,0.4699015449953478,0.4653305443299487,0.46715895331465007,0.12583889448028102,600028.SS,1.4137927225173716,0.014199872095184475,0.02129963886694886,0.02839974419036895,0.021299977418604565,0.14957656341264328
2015-10-26,-0.6064849612952364,0.4689873622993515,0.47355836296475057,0.4680731360106464,0.4717299539800492,0.26895614884897884,600028.SS,-1.4298075040129405,0.035499510962133336,0.02839974419036895,0.02129963886694886,0.0,0.2758803367796138
2015-10-27,-0.6284658499555268,0.4653305443299487,0.4689873622993515,0.4598453173758445,0.46715895331465007,0.019774797936852422,600028.SS,-0.7189074473803626,-0.035499510962133336,-0.035499510962133336,-0.06389925515250229,-0.02839974419036895,-0.4808412032252866
2015-10-28,-0.6449525019536484,0.4625879090565422,0.4699015449953478,0.4616737263605459,0.46441631804124356,0.22639535661521845,600028.SS,-0.008007390747784504,-0.021299977418604565,0.0070997667717643854,0.014199872095184475,-0.021299977418604565,0.3983745735312653
2015-10-29,-0.639457105876299,0.46350213534524726,0.4653305443299487,0.4616737263605459,0.4653305443299487,-0.14646708205111852,600028.SS,0.7028926658847936,0.007100105323420089,-0.035499510962133336,0.0,0.007100105323420089,-0.7194149374547268
2015-10-30,-0.6614382264196257,0.4598453173758445,0.46441631804124356,0.4561884558137329,0.4598453173758445,0.31893507241691554,600028.SS,1.4137927225173716,-0.04259961628555343,-0.007100105323420089,-0.04259995483720913,-0.02839974419036895,0.897549449645604
2015-11-02,-0.7108960954666651,0.4516174551483338,0.45801690839114306,0.4507032288596287,0.457102682102438,0.03821611154325542,600028.SS,-1.4298075040129405,-0.021299977418604565,-0.04969938305731781,-0.04259961628555343,-0.06389959370415799,-0.5416754464698731
2015-11-03,-0.7273822836987145,0.4488748198749273,0.45436004682903147,0.447960637178931,0.45344586413303517,-0.2526457684080068,600028.SS,-0.7189074473803626,-0.02839974419036895,-0.028400082742024654,-0.02129963886694886,-0.021299977418604565,-0.5612405564173167
2015-11-04,-0.6284658499555268,0.4653305443299487,0.466244727025945,0.44978904616363236,0.4516174551483338,1.0696111825356576,600028.SS,-0.008007390747784504,-0.014199872095184475,0.09229933789452693,0.014199872095184475,0.12779918740831597,2.550373274205142
2015-11-05,-0.5570270922481971,0.4772151809341534,0.49275667910046966,0.4616737263605459,0.4616737263605459,2.8635161098347703,600028.SS,0.7028926658847936,0.07809946579934246,0.20589831465600275,0.09229933789452693,0.09229899934287124,3.460155206140385
2015-11-06,-0.5350455079387979,0.480872042496265,0.48270045148096635,0.4717299539800492,0.475386771949452,1.1181957229897241,600028.SS,1.4137927225173716,0.10649887143805571,-0.07809912724768676,0.07809912724768676,0.028400082742024654,-3.3668077095863196
2015-11-09,-0.48558787077479476,0.4890998611310669,0.4954993143738762,0.4772151809341534,0.47812940722285846,1.5418236416793631,600028.SS,-1.4298075040129405,0.021299977418604565,0.09939910466629133,0.04259961628555343,0.06389925515250229,0.8169693415207587
2015-11-10,-0.46360675023146813,0.49275667910046966,0.499156132343279,0.4836146341769627,0.4854430431616641,1.3493827959787128,600028.SS,-0.7189074473803626,0.0567994883807379,0.02839974419036895,0.04969972160897351,0.02839974419036895,-0.3713920185830211
2015-11-11,-0.48558787077479476,0.4890998611310669,0.4954993143738762,0.4845288604656678,0.49184249640447336,0.39147361083808474,600028.SS,-0.008007390747784504,0.04969972160897351,-0.02839974419036895,0.007100105323420089,-0.02839974419036895,-1.8479366018383305
2015-11-12,-0.5240549476671346,0.48270045148096635,0.4890998611310669,0.47812940722285846,0.4890998611310669,0.19649326032688405,600028.SS,0.7028926658847936,-0.021299977418604565,-0.04969972160897351,-0.04969972160897351,-0.04969938305731781,-0.3762905779080378
2015-11-13,-0.5845031451028009,0.47264418026875427,0.4799578162075599,0.4717299539800492,0.4772151809341534,0.3143018623899173,600028.SS,1.4137927225173716,-0.09229933789452693,-0.07099936047592238,-0.04969972160897351,-0.07809946579934246,0.227061396078865
2015-11-16,-0.5735125848311372,0.4744725892534557,0.475386771949452,0.46441631804124356,0.4653305443299487,-0.009170844856993108,600028.SS,-1.4298075040129405,-0.09229899934287124,-0.03549984951378904,-0.0567994883807379,0.014199872095184475,-0.6241449744290293
2015-11-17,-0.5625220245594743,0.4763009982381571,0.4890998611310669,0.47355836296475057,0.4744725892534557,0.8180653980343794,600028.SS,-0.7189074473803626,0.07099936047592238,0.10649920998971142,0.07099936047592238,0.014199872095184475,1.5955066815403611
2015-11-18,-0.5899994687122959,0.4717299539800492,0.480872042496265,0.4708157712840529,0.47264418026875427,0.19411082580107764,600028.SS,-0.008007390747784504,-0.014199872095184475,-0.06389925515250229,-0.02129963886694886,-0.03549984951378904,-1.2037572813687327
2015-11-19,-0.5735125848311372,0.4744725892534557,0.4763009982381571,0.4699015449953478,0.47355836296475057,0.12193020662487655,600028.SS,0.7028926658847936,0.0070997667717643854,-0.03549984951378904,-0.007100105323420089,0.021299977418604565,-0.1394169297300407
2015-11-20,-0.5845031451028009,0.47264418026875427,0.475386771949452,0.4708157712840529,0.4744725892534557,0.12536757181898955,600028.SS,1.4137927225173716,0.007100105323420089,-0.007100105323420089,0.007100105323420089,-0.014199872095184475,0.00644583096932195
2015-11-23,-0.6119798936065137,0.4680731360106464,0.47264418026875427,0.46715895331465007,0.4717299539800492,0.039133134414595885,600028.SS,-1.4298075040129405,-0.021299977418604565,-0.02129963886694886,-0.02839974419036895,-0.03549984951378904,-0.1665259401354536
2015-11-24,-0.6119798936065137,0.4680731360106464,0.4689873622993515,0.46441631804124356,0.46715895331465007,-0.2510012666894868,600028.SS,-0.7189074473803626,-0.035499510962133336,-0.02839974419036895,-0.021299977418604565,0.0,-0.559837291388718
2015-11-25,-0.6009895652178867,0.4699015449953478,0.4708157712840529,0.466244727025945,0.4708157712840529,-0.03855031146651779,600028.SS,-0.008007390747784504,0.02839974419036895,0.014199872095184475,0.014199872095184475,0.014199872095184475,0.40962107451974816
2015-11-26,-0.5899994687122959,0.4717299539800492,0.4763009982381571,0.4689873622993515,0.4708157712840529,0.3358612015926572,600028.SS,0.7028926658847936,0.0,0.04259961628555343,0.021299977418604565,0.014199872095184475,0.722033714014435
2015-11-27,-0.7328772160099917,0.447960637178931,0.4708157712840529,0.4461322281942296,0.4699015449953478,0.7526818343972438,600028.SS,1.4137927225173716,-0.007100105323420089,-0.04259961628555343,-0.1774985704656338,-0.18459833723739819,0.803838476947577
2015-11-30,-0.7273822836987145,0.4488748198749273,0.45344586413303517,0.4406470012401254,0.4488748198749273,0.1436185339057985,600028.SS,-1.4298075040129405,-0.1632986983704493,-0.13489895418008035,-0.04259961628555343,0.0070997667717643854,-1.1750328711020621
2015-12-01,-0.7163914915440148,0.4507032288596287,0.4516174551483338,0.4433895929208231,0.4488748198749273,-0.1636033277500551,600028.SS,-0.7189074473803626,0.0,-0.014199872095184475,0.02129963886694886,0.014199872095184475,-0.5927980240791972
2015-12-02,-0.6284658499555268,0.4653305443299487,0.466244727025945,0.4470464108902259,0.4507032288596287,0.5086906852273553,600028.SS,-0.008007390747784504,0.014199872095184475,0.1135989767614758,0.02839974419036895,0.1135993153131315,1.2966319946208
2015-12-03,-0.6009895652178867,0.4699015449953478,0.47812940722285846,0.45801690839114306,0.4616737263605459,0.5872679167458462,600028.SS,0.7028926658847936,0.08519957112276255,0.09229933789452693,0.08519957112276255,0.035499510962133336,0.1513863293431126
2015-12-04,-0.6614382264196257,0.4598453173758445,0.4680731360106464,0.45801690839114306,0.4653305443299487,0.25445081644361894,600028.SS,1.4137927225173716,0.02839974419036895,-0.07809946579934246,0.0,-0.07809912724768676,-0.6421697734164451
2015-12-07,-0.6669338543800117,0.45893109108713936,0.4616737263605459,0.4552742731177366,0.45893109108713936,-0.27760343971792445,600028.SS,-1.4298075040129405,-0.04969972160897351,-0.04969938305731781,-0.021299977418604565,-0.007100105323420089,-1.0264868354160221
2015-12-08,-0.7273822836987145,0.4488748198749273,0.45344586413303517,0.447960637178931,0.4507032288596287,-0.07440329504107976,600028.SS,-0.7189074473803626,-0.06389959370415799,-0.06389959370415799,-0.0567994883807379,-0.07809946579934246,0.39177679083246447
2015-12-09,-0.7383726120873415,0.4470464108902259,0.4516174551483338,0.44430381920952816,0.447960637178931,-0.35827523364032315,600028.SS,-0.008007390747784504,-0.02129963886694886,-0.014199872095184475,-0.02839974419036895,-0.014199872095184475,-0.5477573599102652
2015-12-10,-0.7383726120873415,0.4470464108902259,0.4507032288596287,0.44521800190552446,0.447960637178931,-0.3332556025846736,600028.SS,0.7028926658847936,0.0,-0.007100105323420089,0.0070997667717643854,0.0,0.0480767856545829
2015-12-11,-0.7713452204344766,0.4415611839361217,0.4461322281942296,0.4369901832707226,0.44521800190552446,-0.01305594142274452,600028.SS,1.4137927225173716,-0.021299977418604565,-0.035499510962133336,-0.06389925515250229,-0.04259961628555343,0.6174621567823227
2015-12-14,-0.7273822836987145,0.4488748198749273,0.4488748198749273,0.4360759569820175,0.43881859225542397,-0.14973294142674526,600028.SS,-1.4298075040129405,-0.04969938305731781,0.02129963886694886,-0.007100105323420089,0.0567994883807379,-0.26382675420499085
2015-12-15,-0.7383726120873415,0.4470464108902259,0.4516174551483338,0.44430381920952816,0.447960637178931,-0.1689598921860207,600028.SS,-0.7189074473803626,0.07099936047592238,0.021299977418604565,0.06389959370415799,-0.014199872095184475,-0.03727233636682905
2015-12-16,-0.6834198107290249,0.4561884558137329,0.4616737263605459,0.4525316378443301,0.45344586413303517,0.5937887964237862,600028.SS,-0.008007390747784504,0.04259961628555343,0.07809946579934246,0.06389925515250229,0.07099936047592238,1.4711138829675408
2015-12-17,-0.6669338543800117,0.45893109108713936,0.4616737263605459,0.45436004682903147,0.4561884558137329,0.1629729695594498,600028.SS,0.7028926658847936,0.02129963886694886,0.0,0.014199872095184475,0.021299977418604565,-0.8312037039080233
2015-12-18,-0.6779241827686388,0.457102682102438,0.46441631804124356,0.4561884558137329,0.45801690839114306,-0.09660650625615705,600028.SS,1.4137927225173716,0.014200210646840178,0.02129963886694886,0.014199872095184475,-0.014199872095184475,-0.5008985905934941
2015-12-21,-0.6504476661479623,0.4616737263605459,0.46350213534524726,0.4516174551483338,0.4552742731177366,0.2854652625370564,600028.SS,-1.4298075040129405,-0.021299977418604565,-0.0070997667717643854,-0.035499510962133336,0.03549984951378904,0.7368099085709856
2015-12-22,-0.6504476661479623,0.4616737263605459,0.46350213534524726,0.45801690839114306,0.4625879090565422,-0.06661828126262796,600028.SS,-0.7189074473803626,0.0567994883807379,0.0,0.04969972160897351,0.0,-0.6793336394041323
2015-12-23,-0.6449525019536484,0.4625879090565422,0.466244727025945,0.45893109108713936,0.4616737263605459,0.4741596337918047,600028.SS,-0.008007390747784504,-0.0070997667717643854,0.02129963886694886,0.0070997667717643854,0.0070997667717643854,1.0429449745395802
2015-12-24,-0.6559425984592395,0.4607595000718408,0.466244727025945,0.45893109108713936,0.4653305443299487,0.07339027097623357,600028.SS,0.7028926658847936,0.02839974419036895,0.0,0.0,-0.014199872095184475,-0.7732457957212033
2015-12-25,-0.6614382264196257,0.4598453173758445,0.4625879090565422,0.457102682102438,0.4616737263605459,-0.2002943922001174,600028.SS,1.4137927225173716,-0.02839974419036895,-0.02839974419036895,-0.014199872095184475,-0.0070997667717643854,-0.5281066891133429
2015-12-28,-0.7218864238552921,0.44978904616363236,0.4616737263605459,0.44978904616363236,0.4598453173758445,0.12118713690433496,600028.SS,-1.4298075040129405,-0.014199872095184475,-0.0070997667717643854,-0.0567994883807379,-0.07809946579934246,0.6199348066222444
2015-12-29,-0.6999053033119654,0.45344586413303517,0.45344586413303517,0.447960637178931,0.44978904616363236,-0.32237912980963385,600028.SS,-0.7189074473803626,-0.07809946579934246,-0.06389959370415799,-0.014199872095184475,0.02839974419036895,-0.8557985720744468
2015-12-30,-0.6944106028837246,0.45436004682903147,0.457102682102438,0.4507032288596287,0.45436004682903147,-0.1611748597730589,600028.SS,-0.008007390747784504,0.035499510962133336,0.02839974419036895,0.02129963886694886,0.0070997667717643854,0.31076915403781213
2015-12-31,-0.6999053033119654,0.45344586413303517,0.457102682102438,0.4525316378443301,0.45436004682903147,-0.25107302818747573,600028.SS,0.7028926658847936,0.0,0.0,0.014199872095184475,-0.0070997667717643854,-0.17359306740725156
2016-01-04,-0.7988205776399716,0.4369901832707226,0.457102682102438,0.4342475479973161,0.45436004682903147,0.06141389003726371,600028.SS,-1.4298075040129405,0.0,0.0,-0.14199872095184476,-0.12779884885666026,0.6025847174171888
2016-01-05,-0.820803089481516,0.433333321708611,0.4415611839361217,0.4296765037392082,0.433333321708611,0.5469447254147115,600028.SS,-0.7189074473803626,-0.1632986983704493,-0.1206990820848959,-0.03549984951378904,-0.028400082742024654,0.9363765222148148
2016-01-06,-0.7328772160099917,0.447960637178931,0.4507032288596287,0.4315049127239096,0.4342475479973161,0.5945052871215722,600028.SS,-0.008007390747784504,0.007100105323420089,0.07099936047592238,0.014199872095184475,0.1135993153131315,0.09155694980994114
2016-01-07,-0.8702607266455191,0.42510550307380907,0.4424754102248268,0.41962027611970487,0.4415611839361217,-0.5096060334023135,600028.SS,0.7028926658847936,0.0567994883807379,-0.06389925515250229,-0.09229899934287124,-0.1774985704656338,-2.129952147012209
2016-01-08,-0.8043169012494671,0.4360759569820175,0.4415611839361217,0.42510550307380907,0.4342475479973161,0.5280994963811705,600028.SS,1.4137927225173716,-0.0567994883807379,-0.007100105323420089,0.04259961628555343,0.08519923257110686,2.001489880962449
2016-01-11,-0.8702607266455191,0.42510550307380907,0.4379043659667189,0.424191276785104,0.4315049127239096,0.3164884854847013,600028.SS,-1.4298075040129405,-0.021299977418604565,-0.02839974419036895,-0.007100105323420089,-0.08519923257110686,-0.40837016924135433
2016-01-12,-0.8537747702965061,0.4278480947545068,0.433333321708611,0.4214486851044063,0.42510550307380907,-0.033772870332161996,600028.SS,-0.7189074473803626,-0.04969938305731781,-0.03549984951378904,-0.02129963886694886,0.02129963886694886,-0.675818743154242
2016-01-13,-0.875756122722869,0.424191276785104,0.433333321708611,0.4232770940891077,0.4296765037392082,-0.06378238835911149,600028.SS,-0.008007390747784504,0.035499510962133336,0.0,0.014199872095184475,-0.02839974419036895,-0.05807129103596409
2016-01-14,-0.875756122722869,0.424191276785104,0.42601968576980537,0.4141350491656007,0.4205344588157012,0.054891140696820905,600028.SS,0.7028926658847936,-0.07099936047592238,-0.0567994883807379,-0.07099936047592238,0.0,0.2287297907079764
2016-01-15,-0.9746716289339115,0.4077355959227914,0.4232770940891077,0.40682136963408627,0.4214486851044063,0.17039298297913552,600028.SS,1.4137927225173716,0.007100105323420089,-0.02129963886694886,-0.056799826932393604,-0.12779884885666026,0.22261178858551886
2016-01-18,-0.9856626529716473,0.40590718693808997,0.4095640049074928,0.3985935509992844,0.4013361426799821,-0.3376233640167999,600028.SS,-1.4298075040129405,-0.15619893159868492,-0.10649920998971142,-0.06389925515250229,-0.014199872095184475,-0.9801190854484289
2016-01-19,-0.9307096197302944,0.415049231861597,0.4177918671350035,0.4040787779533886,0.40682136963408627,-0.2772693540112393,600028.SS,-0.7189074473803626,0.04259961628555343,0.06389959370415799,0.04259961628555343,0.07099936047592238,0.11623477881123208
2016-01-20,-0.9581856725848983,0.4104781876034891,0.41687764084629836,0.4049929606493849,0.4132208228768956,-0.10890530769855547,600028.SS,-0.008007390747784504,0.04969972160897351,-0.007100105323420089,0.0070997667717643854,-0.03549984951378904,0.3245799523858442
2016-01-21,-1.002148377437624,0.4031645516646835,0.4141350491656007,0.40225036896868716,0.40590718693808997,-0.15516519303080528,600028.SS,0.7028926658847936,-0.0567994883807379,-0.02129963886694886,-0.02129963886694886,-0.0567994883807379,-0.08941731879996648
2016-01-22,-0.9691771603887068,0.4086497786187877,0.4123066401808993,0.40225036896868716,0.4077355959227914,-0.2036863885738971,600028.SS,1.4137927225173716,0.014199872095184475,-0.014199872095184475,0.0,0.04259961628555343,-0.09377925667622336
2016-01-25,-0.9526905083905843,0.41139241389219416,0.415049231861597,0.4095640049074928,0.4132208228768956,-0.23377455665603014,600028.SS,-1.4298075040129405,0.04259961628555343,0.02129963886694886,0.0567994883807379,0.021299977418604565,-0.05822300248759508
2016-01-26,-1.0735878307940627,0.39127991506047877,0.4086497786187877,0.3885372797870723,0.4077355959227914,-0.054891025087774874,600028.SS,-0.7189074473803626,-0.04259961628555343,-0.04969972160897351,-0.1632986983704493,-0.15619859304702924,0.3448714369221109
2016-01-27,-1.0296253578243733,0.3985935509992844,0.4040787779533886,0.3793952348635653,0.3940225067411765,0.20220975653489717,600028.SS,-0.008007390747784504,-0.10649920998971142,-0.035499510962133336,-0.07099936047592238,0.0567994883807379,0.4957480322486654
2016-01-28,-1.0516064783677,0.3949367330298816,0.4095640049074928,0.39219409775647507,0.3940225067411765,0.21516523810950258,600028.SS,0.7028926658847936,0.0,0.04259961628555343,0.09939910466629133,-0.02839974419036895,0.024805732300697256
2016-01-29,-1.0186341019036005,0.4004219599839858,0.40590718693808997,0.39219409775647507,0.3958509157258779,0.029786219488926496,600028.SS,1.4137927225173716,0.014199872095184475,-0.02839974419036895,0.0,0.04259961628555343,-0.3577701586239299
2016-02-01,-1.0625972705223994,0.3931083240451802,0.4004219599839858,0.39127991506047877,0.4004219599839858,-0.2879166782168765,600028.SS,-1.4298075040129405,0.03549984951378904,-0.04259961628555343,-0.0070997667717643854,-0.0567994883807379,-0.6130153423000638
2016-02-02,-1.0461113141733864,0.3958509157258779,0.39767932471057926,0.3894515060757774,0.3903656887717737,-0.38141314566522233,600028.SS,-0.7189074473803626,-0.07809946579934246,-0.021299977418604565,-0.014199872095184475,0.02129963886694886,-0.18053398014489375
2016-02-03,-1.0790832268714121,0.3903656887717737,0.39219409775647507,0.3867088708023709,0.39127991506047877,-0.43682688618809495,600028.SS,-0.008007390747784504,0.007100105323420089,-0.04259961628555343,-0.021299977418604565,-0.04259961628555343,-0.10707458115977363
2016-02-04,-1.0461113141733864,0.3958509157258779,0.39676514201458296,0.39219409775647507,0.3931083240451802,-0.37159607584088783,600028.SS,0.7028926658847936,0.014199872095184475,0.03549984951378904,0.04259961628555343,0.04259961628555343,0.1256418473430855
2016-02-05,-1.0406159180960366,0.39676514201458296,0.40225036896868716,0.3931083240451802,0.3958509157258779,-0.4089738654647716,600028.SS,1.4137927225173716,0.02129963886694886,0.04259961628555343,0.007100105323420089,0.007100105323420089,-0.07228426491593783
2016-02-15,-1.0625972705223994,0.3931083240451802,0.3958509157258779,0.3857946445136658,0.3876230534983672,-0.4455257052791615,600028.SS,-1.4298075040129405,-0.06389959370415799,-0.04969972160897351,-0.056799826932393604,-0.02839974419036895,-0.07069105504112941
2016-02-16,-1.002148377437624,0.4031645516646835,0.40590718693808997,0.3949367330298816,0.3949367330298816,-0.05259535905200629,600028.SS,-0.7189074473803626,0.056799826932393604,0.07809946579934246,0.07099969902757808,0.07809912724768676,0.7577554824972371
2016-02-17,-0.9746716289339115,0.4077355959227914,0.4086497786187877,0.3995077336952807,0.4004219599839858,-0.0628992678729544,600028.SS,-0.008007390747784504,0.04259961628555343,0.02129963886694886,0.035499510962133336,0.03549984951378904,-0.020060299550471276
2016-02-18,-0.9856626529716473,0.40590718693808997,0.41139241389219416,0.4040787779533886,0.4095640049074928,-0.11913775938517791,600028.SS,0.7028926658847936,0.07099936047592238,0.021299977418604565,0.03549984951378904,-0.014199872095184475,-0.10866547857919073
2016-02-19,-1.007643773514974,0.40225036896868716,0.40682136963408627,0.4004219599839858,0.4040787779533886,-0.3993348608064414,600028.SS,1.4137927225173716,-0.04259961628555343,-0.03549984951378904,-0.02839974419036895,-0.02839974419036895,-0.5406688094766037
2016-02-22,-0.9581856725848983,0.4104781876034891,0.41139241389219416,0.4031645516646835,0.4040787779533886,-0.02648241644896483,600028.SS,-1.4298075040129405,0.0,0.03549984951378904,0.02129963886694886,0.06389925515250229,0.7190263597872179
2016-02-23,-0.9636819961943933,0.4095640049074928,0.4141350491656007,0.40590718693808997,0.41139241389219416,-0.14154725462589457,600028.SS,-0.7189074473803626,0.0567994883807379,0.021299977418604565,0.021299977418604565,-0.0070997667717643854,-0.22213813191455695
2016-02-24,-0.9526905083905843,0.41139241389219416,0.4123066401808993,0.4040787779533886,0.40682136963408627,-0.37788638451516227,600028.SS,-0.008007390747784504,-0.03549984951378904,-0.014199872095184475,-0.014199872095184475,0.014199872095184475,-0.45606929443263516
2016-02-25,-1.0735878307940627,0.39127991506047877,0.4104781876034891,0.3903656887717737,0.4095640049074928,-0.024169227762298063,600028.SS,0.7028926658847936,0.021299977418604565,-0.014200210646840178,-0.10649920998971142,-0.15619859304702924,0.6821154860046473
2016-02-26,-1.0296253578243733,0.3985935509992844,0.4004219599839858,0.3931083240451802,0.3958509157258779,-0.25999386504212035,600028.SS,1.4137927225173716,-0.10649920998971142,-0.07809912724768676,0.021299977418604565,0.0567994883807379,-0.45507686765746985
2016-02-29,-1.0351205220186868,0.39767932471057926,0.3995077336952807,0.3885372797870723,0.39676514201458296,0.12383205713792421,600028.SS,-1.4298075040129405,0.007100105323420089,-0.007100105323420089,-0.03549984951378904,-0.007100105323420089,0.7401935699820106
2016-03-01,-1.002148377437624,0.4031645516646835,0.4049929606493849,0.3949367330298816,0.39767932471057926,-0.2708200370631816,600028.SS,-0.7189074473803626,0.0070997667717643854,0.04259961628555343,0.04969972160897351,0.04259961628555343,-0.7614459349410505
2016-03-02,-0.925213759886872,0.41596345815030206,0.41687764084629836,0.4040787779533886,0.40590718693808997,0.5486980029795728,600028.SS,-0.008007390747784504,0.06389959370415799,0.09229933789452693,0.07099936047592238,0.09939944321794703,1.5806187103188076
2016-03-03,-0.925213759886872,0.41596345815030206,0.41687764084629836,0.4095640049074928,0.41596345815030206,0.11615299918330127,600028.SS,0.7028926658847936,0.07809946579934246,0.0,0.04259961628555343,0.0,-0.8345391871681236
2016-03-04,-0.8482793742191562,0.4287623210432119,0.4315049127239096,0.4132208228768956,0.4141350491656007,1.3497276151631548,600028.SS,1.4137927225173716,-0.014199872095184475,0.1135989767614758,0.02839974419036895,0.09939910466629133,2.3793101294942227
2016-03-07,-0.8427842100248432,0.4296765037392082,0.4369901832707226,0.424191276785104,0.4287623210432119,0.03415769540004495,600028.SS,-1.4298075040129405,0.1135989767614758,0.04259995483720913,0.08519923257110686,0.0070997667717643854,-2.5378436732872993
2016-03-08,-0.831793417870143,0.4315049127239096,0.43516177428602115,0.4223628678004026,0.4342475479973161,-0.10031352523289747,600028.SS,-0.7189074473803626,0.04259961628555343,-0.014199872095184475,-0.014199872095184475,0.014199872095184475,-0.2595719321380517
2016-03-09,-0.875756122722869,0.424191276785104,0.42601968576980537,0.4104781876034891,0.4214486851044063,0.3983464777753113,600028.SS,-0.008007390747784504,-0.09939910466629133,-0.07099969902757808,-0.09229933789452693,-0.0567994883807379,0.9617019345787461
2016-03-10,-0.925213759886872,0.41596345815030206,0.4232770940891077,0.4141350491656007,0.41962027611970487,-0.27456003912261234,600028.SS,0.7028926658847936,-0.014199872095184475,-0.02129963886694886,0.028400082742024654,-0.06389925515250229,-1.2981827788194065
2016-03-11,-0.9087280354208956,0.4187060498309998,0.41962027611970487,0.41139241389219416,0.4123066401808993,-0.3311054348029423,600028.SS,1.4137927225173716,-0.0567994883807379,-0.02839974419036895,-0.021299977418604565,0.02129963886694886,-0.10925747914100052
2016-03-14,-0.8922418471888458,0.4214486851044063,0.4278480947545068,0.4187060498309998,0.41962027611970487,-0.19704763319723503,600028.SS,-1.4298075040129405,0.0567994883807379,0.06389925515250229,0.0567994883807379,0.021299977418604565,0.25840517129564683
2016-03-15,-0.8977372432661955,0.4205344588157012,0.4214486851044063,0.41596345815030206,0.4205344588157012,-0.478424882982465,600028.SS,-0.7189074473803626,0.0070997667717643854,-0.04969938305731781,-0.02129963886694886,-0.007100105323420089,-0.5429452480756541
2016-03-16,-0.8537747702965061,0.4278480947545068,0.4278480947545068,0.4187060498309998,0.4187060498309998,0.5177442681196975,600028.SS,-0.008007390747784504,-0.014199872095184475,0.04969938305731781,0.02129963886694886,0.0567994883807379,1.9213685855541813
2016-03-17,-0.8537747702965061,0.4278480947545068,0.4315049127239096,0.4223628678004026,0.4287623210432119,-0.30791625924104815,600028.SS,0.7028926658847936,0.07809946579934246,0.02839974419036895,0.02839974419036895,0.0,-1.5928365157517757
2016-03-18,-0.8482793742191562,0.4287623210432119,0.4324191390126147,0.42601968576980537,0.43059073002791326,0.2842978291204096,600028.SS,1.4137927225173716,0.014199872095184475,0.007100105323420089,0.02839974419036895,0.007100105323420089,1.1421624067529532
2016-03-21,-0.8482793742191562,0.4287623210432119,0.4315049127239096,0.42601968576980537,0.4287623210432119,0.96731966117513,600028.SS,-1.4298075040129405,-0.014199872095184475,-0.007100105323420089,0.0,0.0,1.3173253431665204
2016-03-22,-0.8647655624512052,0.42601968576980537,0.4296765037392082,0.42510550307380907,0.4278480947545068,-0.12516105416574086,600028.SS,-0.7189074473803626,-0.007100105323420089,-0.014199872095184475,-0.0070997667717643854,-0.021299977418604565,-2.1075173757772214
2016-03-23,-0.8647655624512052,0.42601968576980537,0.4278480947545068,0.424191276785104,0.4278480947545068,-0.40854812281492675,600028.SS,-0.008007390747784504,0.0,-0.014199872095184475,-0.007100105323420089,0.0,-0.5468220735483701
2016-03-24,-0.9307096197302944,0.415049231861597,0.424191276785104,0.4141350491656007,0.4232770940891077,0.0739794196442204,600028.SS,0.7028926658847936,-0.035499510962133336,-0.02839974419036895,-0.07809912724768676,-0.08519923257110686,0.9305833421942146
2016-03-25,-0.9307096197302944,0.415049231861597,0.41687764084629836,0.41139241389219416,0.415049231861597,-0.31729754241465075,600028.SS,1.4137927225173716,-0.06389959370415799,-0.0567994883807379,-0.021299977418604565,0.0,-0.7549354983552168
2016-03-28,-0.9307096197302944,0.415049231861597,0.41962027611970487,0.4141350491656007,0.41596345815030206,-0.25001276804931066,600028.SS,-1.4298075040129405,0.007100105323420089,0.021299977418604565,0.021299977418604565,0.0,0.1296038262897188
2016-03-29,-0.9307096197302944,0.415049231861597,0.4177918671350035,0.4123066401808993,0.41596345815030206,-0.33264673239360926,600028.SS,-0.7189074473803626,0.0,-0.014199872095184475,-0.014199872095184475,0.0,-0.15958083382585828
2016-03-30,-0.8262982536758295,0.4324191390126147,0.4433895929208231,0.4187060498309998,0.4187060498309998,1.793540223887748,600028.SS,-0.008007390747784504,0.02129963886694886,0.19879820933258266,0.04969938305731781,0.13489895418008035,4.1011082080186405
2016-03-31,-0.8098116016777075,0.43516177428602115,0.4406470012401254,0.4296765037392082,0.433333321708611,0.5887929091402679,600028.SS,0.7028926658847936,0.1135989767614758,-0.02129963886694886,0.08519923257110686,0.021299977418604565,-2.32407321576872
2016-04-01,-0.7328772160099917,0.447960637178931,0.4516174551483338,0.433333321708611,0.4342475479973161,1.1348518443271485,600028.SS,1.4137927225173716,0.007100105323420089,0.08519923257110686,0.02839974419036895,0.09939910466629133,1.0531317598955008
2016-04-05,-0.7438684719307639,0.4461322281942296,0.4525316378443301,0.4406470012401254,0.4433895929208231,0.5787198570521387,600028.SS,-0.7189074473803626,0.07099936047592238,0.0070997667717643854,0.056799826932393604,-0.014199872095184475,-1.072931399640163
2016-04-06,-0.6889145111572654,0.4552742731177366,0.4653305443299487,0.4433895929208231,0.44430381920952816,1.258761583730495,600028.SS,-0.008007390747784504,0.007100105323420089,0.09939944321794703,0.02129963886694886,0.07099936047592238,1.311576890586209
2016-04-07,-0.7054006993893153,0.4525316378443301,0.4625879090565422,0.4488748198749273,0.4561884558137329,0.42103438501835283,600028.SS,0.7028926658847936,0.09229899934287124,-0.021299977418604565,0.04259961628555343,-0.021299977418604565,-1.616112433649127
2016-04-08,-0.7493631723590048,0.44521800190552446,0.4552742731177366,0.4406470012401254,0.44978904616363236,0.05586479384403473,600028.SS,1.4137927225173716,-0.04969938305731781,-0.0567994883807379,-0.06389925515250229,-0.0567994883807379,-0.7045758752637813
2016-04-11,-0.7108960954666651,0.4516174551483338,0.46350213534524726,0.4488748198749273,0.44978904616363236,0.30523189976328985,600028.SS,-1.4298075040129405,0.0,0.06389959370415799,0.06389925515250229,0.04969972160897351,0.4808302147764396
2016-04-12,-0.7108960954666651,0.4516174551483338,0.4598453173758445,0.4488748198749273,0.4507032288596287,-0.053549421117712534,600028.SS,-0.7189074473803626,0.0070997667717643854,-0.02839974419036895,0.0,0.0,-0.6922532677672165
2016-04-13,-0.633961477915913,0.46441631804124356,0.4699015449953478,0.45344586413303517,0.45893109108713936,0.7339522697672389,600028.SS,-0.008007390747784504,0.06389959370415799,0.07809912724768676,0.03549984951378904,0.09939910466629133,1.518861006585234
2016-04-14,-0.6559425984592395,0.4607595000718408,0.4689873622993515,0.45893109108713936,0.46441631804124356,-0.20518954753410862,600028.SS,0.7028926658847936,0.04259961628555343,-0.0070997667717643854,0.04259961628555343,-0.02839974419036895,-1.8117354242098436
2016-04-15,-0.67242809104218,0.45801690839114306,0.46350213534524726,0.4552742731177366,0.4607595000718408,-0.34410571373957455,600028.SS,1.4137927225173716,-0.02839974419036895,-0.04259961628555343,-0.02839974419036895,-0.02129963886694886,-0.2681459775554963
2016-04-18,-0.7548588003193909,0.44430381920952816,0.4516174551483338,0.4415611839361217,0.4516174551483338,0.1470144186806637,600028.SS,-1.4298075040129405,-0.07099936047592238,-0.09229933789452693,-0.10649920998971142,-0.10649920998971142,0.9471579560736928
2016-04-19,-0.7493631723590048,0.44521800190552446,0.4488748198749273,0.4433895929208231,0.4470464108902259,-0.4837239040515675,600028.SS,-0.7189074473803626,-0.03549984951378904,-0.021299977418604565,0.014199872095184475,0.0070997667717643854,-1.216842747530113
2016-04-20,-0.7878307130174171,0.43881859225542397,0.44978904616363236,0.43059073002791326,0.447960637178931,0.45767660841771945,600028.SS,-0.008007390747784504,0.007100105323420089,0.007100105323420089,-0.09939910466629133,-0.04969938305731781,1.8157230185999638
2016-04-21,-0.7328772160099917,0.447960637178931,0.45344586413303517,0.4379043659667189,0.43973277495142027,0.23693599203963364,600028.SS,0.7028926658847936,-0.06389959370415799,0.02839974419036895,0.0567994883807379,0.07099936047592238,-0.4259806553014326
2016-04-22,-0.7328772160099917,0.447960637178931,0.447960637178931,0.4406470012401254,0.44430381920952816,-0.3091934623445694,600028.SS,1.4137927225173716,0.03549984951378904,-0.04259961628555343,0.021299977418604565,0.0,-1.0536370866061857
2016-04-25,-0.7438684719307639,0.4461322281942296,0.4461322281942296,0.4406470012401254,0.4461322281942296,-0.5367333517684101,600028.SS,-1.4298075040129405,0.014199872095184475,-0.014199872095184475,0.0,-0.014199872095184475,-0.43909606356655834
2016-04-26,-0.7328772160099917,0.447960637178931,0.447960637178931,0.4433895929208231,0.44521800190552446,-0.6184946185291419,600028.SS,-0.7189074473803626,-0.007100105323420089,0.014199872095184475,0.02129963886694886,0.014199872095184475,-0.15789745017242288
2016-04-27,-0.7218864238552921,0.44978904616363236,0.45344586413303517,0.4488748198749273,0.4507032288596287,-0.297982146059438,600028.SS,-0.008007390747784504,0.04259961628555343,0.04259961628555343,0.04259961628555343,0.014199872095184475,0.618065551878211
2016-04-28,-0.7163914915440148,0.4507032288596287,0.4552742731177366,0.447960637178931,0.45344586413303517,-0.42473628812586534,600028.SS,0.7028926658847936,0.021299977418604565,0.014199872095184475,-0.0070997667717643854,0.0070997667717643854,-0.24468612959227964
2016-04-29,-0.7493631723590048,0.44521800190552446,0.4525316378443301,0.4433895929208231,0.4507032288596287,-0.21504106014441635,600028.SS,1.4137927225173716,-0.021299977418604565,-0.021299977418604565,-0.03549984951378904,-0.04259961628555343,0.40430543450990486
2016-05-03,-0.7603546601628134,0.4433895929208231,0.4516174551483338,0.4379043659667189,0.4433895929208231,0.7114714478337665,600028.SS,-0.7189074473803626,-0.0567994883807379,-0.0070997667717643854,-0.04259961628555343,-0.014199872095184475,1.7870049106728572
2016-05-04,-0.7768396889796813,0.4406470012401254,0.4424754102248268,0.43881859225542397,0.43973277495142027,-0.20411537983998432,600028.SS,-0.008007390747784504,-0.02839974419036895,-0.07099936047592238,0.007100105323420089,-0.02129963886694886,-1.7662991983710217
2016-05-05,-0.7878307130174171,0.43881859225542397,0.4406470012401254,0.4360759569820175,0.4406470012401254,-0.19401137583075415,600028.SS,0.7028926658847936,0.007100105323420089,-0.014199872095184475,-0.021299977418604565,-0.014199872095184475,0.019305395400402818
2016-05-06,-0.831793417870143,0.4315049127239096,0.43973277495142027,0.43059073002791326,0.43881859225542397,-0.20591649840350493,600028.SS,1.4137927225173716,-0.014199872095184475,-0.007100105323420089,-0.04259961628555343,-0.056799826932393604,-0.02314894916540884
2016-05-09,-0.875756122722869,0.424191276785104,0.4315049127239096,0.41962027611970487,0.43059073002791326,0.027837969045992467,600028.SS,-1.4298075040129405,-0.06389959370415799,-0.06389959370415799,-0.08519923257110686,-0.0567994883807379,0.4507143294091756
2016-05-10,-0.8702607266455191,0.42510550307380907,0.4269339120585105,0.4214486851044063,0.4214486851044063,-0.3593339471141586,600028.SS,-0.7189074473803626,-0.07099936047592238,-0.035499510962133336,0.014199872095184475,0.007100105323420089,-0.7470170999401966
2016-05-11,-0.875756122722869,0.424191276785104,0.4287623210432119,0.4223628678004026,0.42601968576980537,-0.5043766494970605,600028.SS,-0.008007390747784504,0.035499510962133336,0.014199872095184475,0.0070997667717643854,-0.007100105323420089,-0.27996371493380373
2016-05-12,-0.8867466829945323,0.4223628678004026,0.424191276785104,0.4187060498309998,0.4232770940891077,-0.44399418459473833,600028.SS,0.7028926658847936,-0.02129963886694886,-0.03549984951378904,-0.02839974419036895,-0.014199872095184475,0.1162896666772818
2016-05-13,-0.875756122722869,0.424191276785104,0.4287623210432119,0.4205344588157012,0.4223628678004026,-0.3244780029968536,600028.SS,1.4137927225173716,-0.007100105323420089,0.03549984951378904,0.014199872095184475,0.014199872095184475,0.23035521919701918
2016-05-16,-0.8592697026077832,0.4269339120585105,0.4278480947545068,0.4214486851044063,0.4214486851044063,-0.49525513760428486,600028.SS,-1.4298075040129405,-0.0070997667717643854,-0.007100105323420089,0.007100105323420089,0.021299977418604565,-0.32960396071076087
2016-05-17,-0.8098116016777075,0.43516177428602115,0.4360759569820175,0.4278480947545068,0.4287623210432119,-0.22139275089461277,600028.SS,-0.7189074473803626,0.0567994883807379,0.06389959370415799,0.04969938305731781,0.06389959370415799,0.5280802084115376
2016-05-18,-0.8427842100248432,0.4296765037392082,0.4360759569820175,0.42510550307380907,0.433333321708611,-0.270797203576935,600028.SS,-0.008007390747784504,0.035499510962133336,0.0,-0.02129963886694886,-0.04259995483720913,-0.09548300910771694
2016-05-19,-0.8537747702965061,0.4278480947545068,0.43059073002791326,0.42510550307380907,0.4287623210432119,-0.5651901368270593,600028.SS,0.7028926658847936,-0.035499510962133336,-0.04259961628555343,0.0,-0.014199872095184475,-0.5680517559836308
2016-05-20,-0.8427842100248432,0.4296765037392082,0.4296765037392082,0.42510550307380907,0.42601968576980537,-0.6872514260114992,600028.SS,1.4137927225173716,-0.021299977418604565,-0.007100105323420089,0.0,0.014199872095184475,-0.2356338851741997
2016-05-23,-0.8427842100248432,0.4296765037392082,0.4315049127239096,0.4269339120585105,0.4287623210432119,-0.622069065390278,600028.SS,-1.4298075040129405,0.021299977418604565,0.014199872095184475,0.014199872095184475,0.0,0.12554839059670092
2016-05-24,-0.8537747702965061,0.4278480947545068,0.4287623210432119,0.4214486851044063,0.4278480947545068,-0.547883764263376,600028.SS,-0.7189074473803626,-0.007100105323420089,-0.02129963886694886,-0.04259961628555343,-0.014199872095184475,0.14291454717315422
2016-05-25,-0.8372883501814202,0.43059073002791326,0.4315049127239096,0.4278480947545068,0.4278480947545068,-0.47180448259814756,600028.SS,-0.008007390747784504,0.0,0.02129963886694886,0.04969938305731781,0.021299977418604565,0.1465679271505719
2016-05-26,-0.8153076934041662,0.4342475479973161,0.4360759569820175,0.43059073002791326,0.43059073002791326,-0.49079020962554387,600028.SS,0.7028926658847936,0.021299977418604565,0.03549984951378904,0.021299977418604565,0.02839974419036895,-0.036807029604541144
2016-05-27,-0.820803089481516,0.433333321708611,0.4342475479973161,0.43059073002791326,0.433333321708611,-0.6295573742890936,600028.SS,1.4137927225173716,0.02129963886694886,-0.014199872095184475,0.0,-0.007100105323420089,-0.2678585621154612
2016-05-30,-0.8153076934041662,0.4342475479973161,0.4360759569820175,0.4315049127239096,0.4324191390126147,-0.4997575520056315,600028.SS,-1.4298075040129405,-0.0070997667717643854,0.014199872095184475,0.0070997667717643854,0.007100105323420089,0.2501917730661735
2016-05-31,-0.7713452204344766,0.4415611839361217,0.4424754102248268,0.4324191390126147,0.433333321708611,-0.04190996454245031,600028.SS,-0.7189074473803626,0.0070997667717643854,0.04969972160897351,0.007100105323420089,0.0567994883807379,0.8829771225941473
2016-06-01,-0.7713452204344766,0.4415611839361217,0.4424754102248268,0.43881859225542397,0.4415611839361217,-0.4516290166456409,600028.SS,-0.008007390747784504,0.06389959370415799,0.0,0.04969972160897351,0.0,-0.7905092337480726
2016-06-02,-0.7713452204344766,0.4415611839361217,0.4415611839361217,0.4369901832707226,0.4406470012401254,-0.5382109752384258,600028.SS,0.7028926658847936,-0.0070997667717643854,-0.007100105323420089,-0.014199872095184475,0.0,-0.16719628860298247
2016-06-03,-0.7823355488231036,0.43973277495142027,0.4415611839361217,0.4379043659667189,0.4406470012401254,-0.36488094381926156,600028.SS,1.4137927225173716,0.0,0.0,0.0070997667717643854,-0.014199872095184475,0.3341590532208502
2016-06-06,-0.7878307130174171,0.43881859225542397,0.4406470012401254,0.4369901832707226,0.43973277495142027,-0.5911164982930289,600028.SS,-1.4298075040129405,-0.007100105323420089,-0.0070997667717643854,-0.0070997667717643854,-0.0070997667717643854,-0.43658007615590944
2016-06-07,-0.7823355488231036,0.43973277495142027,0.4406470012401254,0.4369901832707226,0.43881859225542397,-0.565507557070306,600028.SS,-0.7189074473803626,-0.0070997667717643854,0.0,0.0,0.0070997667717643854,0.04921353121310749
2016-06-08,-0.7603546601628134,0.4433895929208231,0.44521800190552446,0.43881859225542397,0.43973277495142027,-0.1729234710963657,600028.SS,-0.008007390747784504,0.0070997667717643854,0.035499510962133336,0.014199872095184475,0.02839974419036895,0.7570875663014411
2016-06-13,-0.831793417870143,0.4315049127239096,0.43973277495142027,0.4296765037392082,0.43973277495142027,-0.4048018160796145,600028.SS,-1.4298075040129405,0.0,-0.04259961628555343,-0.07099969902757808,-0.09229933789452693,-0.4474646958481033
2016-06-14,-0.831793417870143,0.4315049127239096,0.433333321708611,0.4296765037392082,0.43059073002791326,-0.5565950249956156,600028.SS,-0.7189074473803626,-0.07099936047592238,-0.04969972160897351,0.0,0.0,-0.29298505538920316
2016-06-15,-0.820803089481516,0.433333321708611,0.4342475479973161,0.42601968576980537,0.4269339120585105,-0.33980399922237225,600028.SS,-0.008007390747784504,-0.02839974419036895,0.007100105323420089,-0.02839974419036895,0.014199872095184475,0.4179928220261726
2016-06-16,-0.8482793742191562,0.4287623210432119,0.4324191390126147,0.4269339120585105,0.43059073002791326,-0.46920378205677526,600028.SS,0.7028926658847936,0.02839974419036895,-0.014199872095184475,0.007100105323420089,-0.035499510962133336,-0.24978941910004937
2016-06-17,-0.8427842100248432,0.4296765037392082,0.4315049127239096,0.4278480947545068,0.4287623210432119,-0.5801801714718867,600028.SS,1.4137927225173716,-0.014199872095184475,-0.007100105323420089,0.0070997667717643854,0.0070997667717643854,-0.21425174842599065
2016-06-20,-0.8427842100248432,0.4296765037392082,0.4315049127239096,0.4269339120585105,0.43059073002791326,-0.5931126704841656,600028.SS,-1.4298075040129405,0.014199872095184475,0.0,-0.0070997667717643854,0.0,-0.025130699472494127
2016-06-21,-0.8427842100248432,0.4296765037392082,0.4342475479973161,0.4287623210432119,0.43059073002791326,-0.5087248695397057,600028.SS,-0.7189074473803626,0.0,0.021299977418604565,0.014199872095184475,0.0,0.16259458495538265
2016-06-22,-0.820803089481516,0.433333321708611,0.433333321708611,0.4287623210432119,0.4287623210432119,-0.5655445652071551,600028.SS,-0.008007390747784504,-0.014199872095184475,-0.007100105323420089,0.0,0.02839974419036895,-0.10978658810514713
2016-06-23,-0.8372883501814202,0.43059073002791326,0.4324191390126147,0.4287623210432119,0.4315049127239096,-0.5729631251350613,600028.SS,0.7028926658847936,0.02129963886694886,-0.0070997667717643854,0.0,-0.02129963886694886,-0.014494626799146688
2016-06-24,-0.8651201116137133,0.4205344588157012,0.4278480947545068,0.4141350491656007,0.42510550307380907,-0.34529490605239166,600028.SS,1.4137927225173716,-0.04969938305731781,-0.03549984951378904,-0.1135989767614758,-0.07809946579934246,0.43897430490997724
2016-06-27,-0.84842151852041,0.4232770940891077,0.4232770940891077,0.4187060498309998,0.4205344588157012,-0.5275960626571724,600028.SS,-1.4298075040129405,-0.03549984951378904,-0.035499510962133336,0.035499510962133336,0.021299977418604565,-0.3518331390853364
2016-06-28,-0.84842151852041,0.4232770940891077,0.4232770940891077,0.4187060498309998,0.4205344588157012,-0.642822691861378,600028.SS,-0.7189074473803626,0.0,0.0,0.0,0.0,-0.22245021753931074
2016-06-29,-0.8205902208541898,0.4278480947545068,0.4296765037392082,0.4223628678004026,0.4232770940891077,-0.32982583405913507,600028.SS,-0.008007390747784504,0.021299977418604565,0.04969938305731781,0.02839974419036895,0.035499510962133336,0.6035683616545208
2016-06-30,-0.7983252754744279,0.4315049127239096,0.4324191390126147,0.4278480947545068,0.43059073002791326,-0.46730473293173014,600028.SS,0.7028926658847936,0.0567994883807379,0.021299977418604565,0.04259961628555343,0.02839974419036895,-0.2653735711923632
2016-07-01,-0.8094577481643088,0.4296765037392082,0.4324191390126147,0.4287623210432119,0.43059073002791326,-0.6330828620809708,600028.SS,1.4137927225173716,0.0,0.0,0.007100105323420089,-0.014199872095184475,-0.3199611655086035
2016-07-04,-0.7704937459251713,0.4360759569820175,0.4360759569820175,0.4296765037392082,0.4296765037392082,-0.2871015861152061,600028.SS,-1.4298075040129405,-0.007100105323420089,0.02839974419036895,0.0070997667717643854,0.04969972160897351,0.6671934150522976
2016-07-05,-0.7482288005454095,0.43973277495142027,0.4406470012401254,0.433333321708611,0.4360759569820175,-0.2776474295845182,600028.SS,-0.7189074473803626,0.04969972160897351,0.03549984951378904,0.02839974419036895,0.02839974419036895,0.01805187683543409
2016-07-06,-0.7593615051183262,0.4379043659667189,0.4379043659667189,0.433333321708611,0.4379043659667189,-0.40514735579844297,600028.SS,-0.008007390747784504,0.014199872095184475,-0.021299977418604565,0.0,-0.014199872095184475,-0.24612470449672402
2016-07-07,-0.7537951528318682,0.43881859225542397,0.43973277495142027,0.4360759569820175,0.4369901832707226,-0.4302145607581085,600028.SS,0.7028926658847936,-0.0070997667717643854,0.014199872095184475,0.021299977418604565,0.007100105323420089,-0.048537852208710874
2016-07-08,-0.7816271461471977,0.4342475479973161,0.4369901832707226,0.4324191390126147,0.4369901832707226,-0.5051040165371801,600028.SS,1.4137927225173716,0.0,-0.02129963886694886,-0.02839974419036895,-0.03549984951378904,-0.14464212038367155
2016-07-11,-0.7593615051183262,0.4379043659667189,0.4406470012401254,0.4342475479973161,0.4342475479973161,-0.30704559281907073,600028.SS,-1.4298075040129405,-0.021299977418604565,0.02839974419036895,0.014199872095184475,0.02839974419036895,0.38185870560403373
2016-07-12,-0.7203975028791891,0.44430381920952816,0.44521800190552446,0.4379043659667189,0.4379043659667189,-0.09178262792289489,600028.SS,-0.7189074473803626,0.02839974419036895,0.035499510962133336,0.02839974419036895,0.04969972160897351,0.41504528011664166
2016-07-13,-0.703698909785886,0.4470464108902259,0.4488748198749273,0.44430381920952816,0.44521800190552446,-0.2367809801720098,600028.SS,-0.008007390747784504,0.0567994883807379,0.02839974419036895,0.04969972160897351,0.02129963886694886,-0.27987816606595933
2016-07-14,-0.7092654939553809,0.4461322281942296,0.4470464108902259,0.4424754102248268,0.44521800190552446,-0.4660302380436614,600028.SS,0.7028926658847936,0.0,-0.014199872095184475,-0.014199872095184475,-0.0070997667717643854,-0.44239333739534825
2016-07-15,-0.7092654939553809,0.4461322281942296,0.447960637178931,0.44430381920952816,0.4461322281942296,-0.49778757372404386,600028.SS,1.4137927225173716,0.007100105323420089,0.007100105323420089,0.014199872095184475,0.0,-0.061442731180154114
2016-07-18,-0.7259640870486841,0.4433895929208231,0.447960637178931,0.4415611839361217,0.44521800190552446,-0.31840089175142644,600028.SS,-1.4298075040129405,-0.007100105323420089,0.0,-0.021299977418604565,-0.021299977418604565,0.3458419852333149
2016-07-19,-0.7259640870486841,0.4433895929208231,0.4433895929208231,0.43881859225542397,0.4424754102248268,-0.4958457273410446,600028.SS,-0.7189074473803626,-0.02129963886694886,-0.03549984951378904,-0.02129963886694886,0.0,-0.3424655740012817
2016-07-20,-0.7315302074521063,0.4424754102248268,0.4433895929208231,0.4406470012401254,0.4424754102248268,-0.6738183046767142,600028.SS,-0.008007390747784504,0.0,0.0,0.014199872095184475,-0.0070997667717643854,-0.3434835576020929
2016-07-21,-0.7315302074521063,0.4424754102248268,0.44521800190552446,0.4406470012401254,0.4415611839361217,-0.5152529669845171,600028.SS,0.7028926658847936,-0.007100105323420089,0.014199872095184475,0.0,0.0,0.3056788046949264
2016-07-22,-0.7482288005454095,0.43973277495142027,0.4424754102248268,0.4379043659667189,0.4424754102248268,-0.5257777754984435,600028.SS,1.4137927225173716,0.007100105323420089,-0.02129963886694886,-0.021299977418604565,-0.021299977418604565,-0.020486402405814258
2016-07-25,-0.7426624482589504,0.4406470012401254,0.4406470012401254,0.4379043659667189,0.43973277495142027,-0.6228580008514194,600028.SS,-1.4298075040129405,-0.021299977418604565,-0.014199872095184475,0.0,0.007100105323420089,-0.18744684387698637
2016-07-26,-0.7259640870486841,0.4433895929208231,0.4433895929208231,0.43881859225542397,0.43881859225542397,-0.5779029101204894,600028.SS,-0.7189074473803626,-0.0070997667717643854,0.02129963886694886,0.007100105323420089,0.02129963886694886,0.08653114553023154
2016-07-27,-0.7259640870486841,0.4433895929208231,0.44521800190552446,0.4360759569820175,0.4424754102248268,-0.13655542345405178,600028.SS,-0.008007390747784504,0.02839974419036895,0.014199872095184475,-0.021299977418604565,0.0,0.8511493732290689
2016-07-28,-0.7426624482589504,0.4406470012401254,0.4415611839361217,0.43881859225542397,0.4406470012401254,-0.4695182891049595,600028.SS,0.7028926658847936,-0.014199872095184475,-0.02839974419036895,0.021299977418604565,-0.02129963886694886,-0.642450946425087
2016-07-29,-0.7593615051183262,0.4379043659667189,0.4406470012401254,0.4369901832707226,0.43881859225542397,-0.5652750418660977,600028.SS,1.4137927225173716,-0.014199872095184475,-0.0070997667717643854,-0.014199872095184475,-0.021299977418604565,-0.18489394105151555
2016-08-01,-0.7537951528318682,0.43881859225542397,0.43881859225542397,0.43516177428602115,0.4379043659667189,-0.5446431732833019,600028.SS,-1.4298075040129405,-0.007100105323420089,-0.014199872095184475,-0.014199872095184475,0.007100105323420089,0.0396130431611404
2016-08-02,-0.7593615051183262,0.4379043659667189,0.4379043659667189,0.43516177428602115,0.4360759569820175,-0.6642971322365828,600028.SS,-0.7189074473803626,-0.014199872095184475,-0.007100105323420089,0.0,-0.007100105323420089,-0.23099028304230065
2016-08-03,-0.7649271617556764,0.4369901832707226,0.4379043659667189,0.433333321708611,0.4360759569820175,-0.6119235002122566,600028.SS,-0.008007390747784504,0.0,0.0,-0.014200210646840178,-0.0070997667717643854,0.10084108677539637
2016-08-04,-0.7537951528318682,0.43881859225542397,0.43881859225542397,0.43516177428602115,0.4379043659667189,-0.6607483016151858,600028.SS,0.7028926658847936,0.014199872095184475,0.007100105323420089,0.014200210646840178,0.014199872095184475,-0.0943648949902985
2016-08-05,-0.7482288005454095,0.43973277495142027,0.4406470012401254,0.4360759569820175,0.4379043659667189,-0.6141943761382291,600028.SS,1.4137927225173716,0.0,0.014199872095184475,0.0070997667717643854,0.0070997667717643854,0.08961520617928895
2016-08-08,-0.7370967916216008,0.4415611839361217,0.4415611839361217,0.4369901832707226,0.4406470012401254,-0.6588326429302322,600028.SS,-1.4298075040129405,0.021299977418604565,0.0070997667717643854,0.007100105323420089,0.014199872095184475,-0.08628930951684001
2016-08-09,-0.7092654939553809,0.4461322281942296,0.447960637178931,0.43881859225542397,0.4406470012401254,-0.3634687585368433,600028.SS,-0.7189074473803626,0.0,0.04969972160897351,0.014199872095184475,0.03549984951378904,0.5695553659079218
2016-08-10,-0.7092654939553809,0.4461322281942296,0.4470464108902259,0.44430381920952816,0.44521800190552446,-0.6120182132150555,600028.SS,-0.008007390747784504,0.035499510962133336,-0.007100105323420089,0.04259961628555343,0.0,-0.47962231158301677
2016-08-11,-0.7203975028791891,0.44430381920952816,0.447960637178931,0.4424754102248268,0.44521800190552446,-0.5353237753173911,600028.SS,0.7028926658847936,0.0,0.007100105323420089,-0.014199872095184475,-0.014199872095184475,0.14775452828880245
2016-08-12,-0.6870003166925828,0.44978904616363236,0.44978904616363236,0.4433895929208231,0.44430381920952816,-0.28465248973564594,600028.SS,1.4137927225173716,-0.0070997667717643854,0.014199872095184475,0.0070997667717643854,0.04259961628555343,0.48334590264623467
2016-08-15,-0.6369038417635644,0.45801690839114306,0.4598453173758445,0.4488748198749273,0.44978904616363236,0.15172302393509973,600028.SS,-1.4298075040129405,0.04259961628555343,0.07809946579934246,0.04259961628555343,0.06389959370415799,0.8415587220987406
2016-08-16,-0.631338417009251,0.45893109108713936,0.4616737263605459,0.4561884558137329,0.45801690839114306,-0.14318088000208107,600028.SS,-0.7189074473803626,0.06389959370415799,0.014199872095184475,0.0567994883807379,0.0070997667717643854,-0.5690373891722319
2016-08-17,-0.6369038417635644,0.45801690839114306,0.4616737263605459,0.4552742731177366,0.45893109108713936,-0.40589151253206757,600028.SS,-0.008007390747784504,0.0070997667717643854,0.0,-0.0070997667717643854,-0.0070997667717643854,-0.5069384125531107
2016-08-18,-0.6480367782195179,0.4561884558137329,0.45893109108713936,0.45344586413303517,0.457102682102438,-0.5630703867771424,600028.SS,0.7028926658847936,-0.014199872095184475,-0.021299977418604565,-0.014199872095184475,-0.014200210646840178,-0.3033736953356803
2016-08-19,-0.6536028986229402,0.4552742731177366,0.45801690839114306,0.45344586413303517,0.4561884558137329,-0.4500749544156277,600028.SS,1.4137927225173716,-0.007100105323420089,-0.0070997667717643854,0.0,-0.0070997667717643854,0.2177770674072633
2016-08-22,-0.6758680758857383,0.4516174551483338,0.4552742731177366,0.44978904616363236,0.4552742731177366,-0.5259996069169217,600028.SS,-1.4298075040129405,-0.0070997667717643854,-0.021299977418604565,-0.02839974419036895,-0.02839974419036895,-0.14663895556815404
2016-08-23,-0.6703017235992796,0.4525316378443301,0.45344586413303517,0.4507032288596287,0.4516174551483338,-0.5354550430172959,600028.SS,-0.7189074473803626,-0.02839974419036895,-0.014199872095184475,0.0070997667717643854,0.0070997667717643854,-0.018423644270228173
2016-08-24,-0.664735371312821,0.45344586413303517,0.45436004682903147,0.4507032288596287,0.4525316378443301,-0.5556340992187281,600028.SS,-0.008007390747784504,0.0070997667717643854,0.0070997667717643854,0.0,0.007100105323420089,-0.03910889323126196
2016-08-25,-0.6703017235992796,0.4525316378443301,0.45344586413303517,0.4488748198749273,0.4525316378443301,-0.5079699420593043,600028.SS,0.7028926658847936,0.0,-0.0070997667717643854,-0.014199872095184475,-0.007100105323420089,0.09175677950432604
2016-08-26,-0.6703017235992796,0.4525316378443301,0.45344586413303517,0.4507032288596287,0.4525316378443301,-0.6126444135004148,600028.SS,1.4137927225173716,0.0,0.0,0.014199872095184475,0.0,-0.2020957096074052
2016-08-29,-0.6703017235992796,0.4525316378443301,0.4525316378443301,0.44978904616363236,0.4516174551483338,-0.6030544548723901,600028.SS,-1.4298075040129405,-0.0070997667717643854,-0.007100105323420089,-0.0070997667717643854,0.0,0.018313831302896443
2016-08-30,-0.6424704259330593,0.457102682102438,0.45893109108713936,0.4507032288596287,0.4525316378443301,-0.3595025583720924,600028.SS,-0.7189074473803626,0.0070997667717643854,0.04969972160897351,0.0070997667717643854,0.03549984951378904,0.4696130088834581
2016-08-31,-0.6424704259330593,0.457102682102438,0.45801690839114306,0.4552742731177366,0.4561884558137329,-0.38606012659510647,600028.SS,-0.008007390747784504,0.02839974419036895,-0.0070997667717643854,0.03549984951378904,0.0,-0.05141267758057415
2016-09-01,-0.6591697146754714,0.45436004682903147,0.457102682102438,0.45344586413303517,0.4561884558137329,-0.5903859074826804,600028.SS,0.7028926658847936,0.0,-0.007100105323420089,-0.014199872095184475,-0.021299977418604565,-0.39431737782835696
2016-09-02,-0.6536028986229402,0.4552742731177366,0.4552742731177366,0.4516174551483338,0.45344586413303517,-0.5354084629538128,600028.SS,1.4137927225173716,-0.02129963886694886,-0.014199872095184475,-0.014199872095184475,0.007100105323420089,0.1058636919587874
2016-09-05,-0.6480367782195179,0.4561884558137329,0.457102682102438,0.4525316378443301,0.45436004682903147,-0.40635475402752474,600028.SS,-1.4298075040129405,0.0070997667717643854,0.014199872095184475,0.0070997667717643854,0.0070997667717643854,0.2487525631351191
2016-09-06,-0.6424704259330593,0.457102682102438,0.45801690839114306,0.45436004682903147,0.45436004682903147,-0.46283976768396917,600028.SS,-0.7189074473803626,0.0,0.007100105323420089,0.014199872095184475,0.007100105323420089,-0.10914100567541019
2016-09-07,-0.6424704259330593,0.457102682102438,0.45801690839114306,0.4552742731177366,0.4561884558137329,-0.5387571278803519,600028.SS,-0.008007390747784504,0.014199872095184475,0.0,0.007100105323420089,0.0,-0.14662488912965974
2016-09-08,-0.6480367782195179,0.4561884558137329,0.457102682102438,0.45436004682903147,0.457102682102438,-0.6542712813622696,600028.SS,0.7028926658847936,0.007100105323420089,-0.007100105323420089,-0.007100105323420089,-0.007100105323420089,-0.2230048354025667
2016-09-09,-0.6536028986229402,0.4552742731177366,0.45801690839114306,0.45436004682903147,0.457102682102438,-0.5318408611693481,600028.SS,1.4137927225173716,0.0,0.007100105323420089,0.0,-0.0070997667717643854,0.23597661852878413
2016-09-12,-0.6758680758857383,0.4516174551483338,0.45344586413303517,0.4433895929208231,0.4507032288596287,-0.07052362732924009,600028.SS,-1.4298075040129405,-0.04969972160897351,-0.03549984951378904,-0.08519923257110686,-0.02839974419036895,0.8896698717252359
2016-09-13,-0.6870003166925828,0.44978904616363236,0.4507032288596287,0.4461322281942296,0.44978904616363236,-0.5959425568639605,600028.SS,-0.7189074473803626,-0.0070997667717643854,-0.021299977418604565,0.021299977418604565,-0.014199872095184475,-1.0136876704027007
2016-09-14,-0.7203975028791891,0.44430381920952816,0.447960637178931,0.4424754102248268,0.4470464108902259,-0.47716929591053736,600028.SS,-0.008007390747784504,-0.021299977418604565,-0.02129963886694886,-0.02839974419036895,-0.04259961628555343,0.22892216782591882
2016-09-19,-0.7203975028791891,0.44430381920952816,0.44521800190552446,0.4406470012401254,0.4406470012401254,-0.5387338098968455,600028.SS,-1.4298075040129405,-0.04969938305731781,-0.021299977418604565,-0.014199872095184475,0.0,-0.11893907087454163
2016-09-20,-0.7259640870486841,0.4433895929208231,0.44521800190552446,0.4415611839361217,0.44430381920952816,-0.6110756237960024,600028.SS,-0.7189074473803626,0.02839974419036895,0.0,0.0070997667717643854,-0.007100105323420089,-0.13972786511791588
2016-09-21,-0.7208710080393204,0.4369901832707226,0.4379043659667189,0.433333321708611,0.4369901832707226,-0.6274717005464533,600028.SS,-0.008007390747784504,-0.0567994883807379,-0.0567994883807379,-0.06389959370415799,-0.04969938305731781,-0.031811742547016374
2016-09-22,-0.686921012694167,0.4424754102248268,0.44430381920952816,0.4369901832707226,0.4379043659667189,-0.4685811347513216,600028.SS,0.7028926658847936,0.0070997667717643854,0.04969972160897351,0.028400082742024654,0.04259961628555343,0.3063061510774842
2016-09-23,-0.6812628347253324,0.4433895929208231,0.44521800190552446,0.4424754102248268,0.4433895929208231,-0.6421755029062615,600028.SS,1.4137927225173716,0.04259961628555343,0.0070997667717643854,0.04259961628555343,0.0070997667717643854,-0.33503824286197603
2016-09-26,-0.709554652101651,0.43881859225542397,0.4433895929208231,0.4369901832707226,0.4424754102248268,-0.6050647955026259,600028.SS,-1.4298075040129405,-0.0070997667717643854,-0.014199872095184475,-0.04259961628555343,-0.035499510962133336,0.0713997793925169
2016-09-27,-0.70389624224978,0.43973277495142027,0.4406470012401254,0.4360759569820175,0.4379043659667189,-0.6250546927931037,600028.SS,-0.7189074473803626,-0.03549984951378904,-0.02129963886694886,-0.007100105323420089,0.0070997667717643854,-0.03874401652643504
2016-09-28,-0.7265298816572643,0.4360759569820175,0.43881859225542397,0.43516177428602115,0.43881859225542397,-0.6334308304976017,600028.SS,-0.008007390747784504,0.007100105323420089,-0.014199872095184475,-0.0070997667717643854,-0.02839974419036895,-0.0163417394832674
2016-09-29,-0.6812628347253324,0.4433895929208231,0.44430381920952816,0.43881859225542397,0.43973277495142027,-0.47227473066936265,600028.SS,0.7028926658847936,0.0070997667717643854,0.04259961628555343,0.02839974419036895,0.0567994883807379,0.3106762364649644
2016-09-30,-0.6756041929904252,0.44430381920952816,0.44430381920952816,0.4406470012401254,0.4415611839361217,-0.6777316573711207,600028.SS,1.4137927225173716,0.014199872095184475,0.0,0.014199872095184475,0.007100105323420089,-0.3964992933155834
2016-10-10,-0.6246787362066227,0.4525316378443301,0.45436004682903147,0.44978904616363236,0.4507032288596287,-0.22958486038990825,600028.SS,-1.4298075040129405,0.07099936047592238,0.07809912724768676,0.07099936047592238,0.06389925515250229,0.8642648533839996
2016-10-11,-0.6133623802689534,0.45436004682903147,0.4561884558137329,0.4516174551483338,0.45344586413303517,-0.36500703112538785,600028.SS,-0.7189074473803626,0.021299977418604565,0.014199872095184475,0.014199872095184475,0.014199872095184475,-0.2614062604185324
2016-10-12,-0.6303371460584938,0.4516174551483338,0.4525316378443301,0.44978904616363236,0.4525316378443301,-0.5881782211800992,600028.SS,-0.008007390747784504,-0.007100105323420089,-0.02839974419036895,-0.014199872095184475,-0.02129963886694886,-0.4306690927083279
2016-10-13,-0.6529705535829413,0.447960637178931,0.4516174551483338,0.4461322281942296,0.4507032288596287,-0.5504430340775271,600028.SS,0.7028926658847936,-0.014199872095184475,-0.0070997667717643854,-0.02839974419036895,-0.02839974419036895,0.07260436496360939
2016-10-14,-0.6303371460584938,0.4516174551483338,0.4516174551483338,0.4461322281942296,0.4461322281942296,-0.5418297660218455,600028.SS,1.4137927225173716,-0.035499510962133336,0.0,0.0,0.02839974419036895,0.016429851130490426
2016-10-17,-0.6359955559103643,0.4507032288596287,0.4525316378443301,0.4488748198749273,0.4507032288596287,-0.4765508475813358,600028.SS,-1.4298075040129405,0.035499510962133336,0.0070997667717643854,0.02129963886694886,-0.007100105323420089,0.12573464509959176
2016-10-18,-0.619020094471715,0.45344586413303517,0.45344586413303517,0.447960637178931,0.44978904616363236,-0.4343073203032388,600028.SS,-0.7189074473803626,-0.0070997667717643854,0.007100105323420089,-0.0070997667717643854,0.021299977418604565,0.08130069493920801
2016-10-19,-0.6077032747679736,0.4552742731177366,0.4561884558137329,0.4516174551483338,0.45344586413303517,-0.3087394387200562,600028.SS,-0.008007390747784504,0.02839974419036895,0.02129963886694886,0.02839974419036895,0.014199872095184475,0.24202860184706484
2016-10-20,-0.6020450967991389,0.4561884558137329,0.45801690839114306,0.4552742731177366,0.4552742731177366,-0.4116969574677879,600028.SS,0.7028926658847936,0.014199872095184475,0.014200210646840178,0.02839974419036895,0.0070997667717643854,-0.19878380620331582
2016-10-21,-0.5907275814462876,0.45801690839114306,0.45893109108713936,0.45436004682903147,0.4552742731177366,-0.4696949380482043,600028.SS,1.4137927225173716,0.0,0.0070997667717643854,-0.007100105323420089,0.014200210646840178,-0.11205943221395212
2016-10-24,-0.5567775861011344,0.46350213534524726,0.4699015449953478,0.4561884558137329,0.457102682102438,0.29703548569618565,600028.SS,-1.4298075040129405,0.014199872095184475,0.08519923257110686,0.014199872095184475,0.04259961628555343,1.4787944219813778
2016-10-25,-0.5850700991265623,0.45893109108713936,0.466244727025945,0.4552742731177366,0.46441631804124356,0.008220066267031962,600028.SS,-0.7189074473803626,0.0567994883807379,-0.02839974419036895,-0.0070997667717643854,-0.03549984951378904,-0.5572930512847389
2016-10-26,-0.6020450967991389,0.4561884558137329,0.45893109108713936,0.45436004682903147,0.45801690839114306,-0.5587384532962323,600028.SS,-0.008007390747784504,-0.04969938305731781,-0.0567994883807379,-0.007100105323420089,-0.021299977418604565,-1.093815160315825
2016-10-27,-0.6077032747679736,0.4552742731177366,0.4561884558137329,0.4525316378443301,0.4552742731177366,-0.570226579015829,600028.SS,0.7028926658847936,-0.021299977418604565,-0.021299977418604565,-0.014199872095184475,-0.0070997667717643854,-0.022344586119891298
2016-10-28,-0.5907275814462876,0.45801690839114306,0.45893109108713936,0.45344586413303517,0.4552742731177366,-0.4021781888794457,600028.SS,1.4137927225173716,0.0,0.021299977418604565,0.007100105323420089,0.021299977418604565,0.3239710697015144
2016-10-31,-0.5907275814462876,0.45801690839114306,0.45801690839114306,0.45344586413303517,0.4561884558137329,-0.5687642358440088,600028.SS,-1.4298075040129405,0.0070997667717643854,-0.0070997667717643854,0.0,0.0,-0.32151959269946906
2016-11-01,-0.5963866869472679,0.457102682102438,0.45893109108713936,0.45436004682903147,0.4552742731177366,-0.5024086526850357,600028.SS,-0.7189074473803626,-0.0070997667717643854,0.0070997667717643854,0.0070997667717643854,-0.007100105323420089,0.12781146967367213
2016-11-02,-0.6246787362066227,0.4525316378443301,0.4561884558137329,0.4525316378443301,0.4552742731177366,-0.5482408946474211,600028.SS,-0.008007390747784504,0.0,-0.021299977418604565,-0.014199872095184475,-0.03549984951378904,-0.08859241923351262
2016-11-03,-0.6246787362066227,0.4525316378443301,0.45436004682903147,0.447960637178931,0.4516174551483338,-0.5354385142069307,600028.SS,0.7028926658847936,-0.02839974419036895,-0.014199872095184475,-0.035499510962133336,0.0,0.02451040898212194
2016-11-04,-0.6303371460584938,0.4516174551483338,0.4552742731177366,0.44978904616363236,0.4525316378443301,-0.5352915935186305,600028.SS,1.4137927225173716,0.0070997667717643854,0.007100105323420089,0.014199872095184475,-0.0070997667717643854,9.875198351480359e-05
2016-11-07,-0.6246787362066227,0.4525316378443301,0.45436004682903147,0.44978904616363236,0.4507032288596287,-0.5386044367054568,600028.SS,-1.4298075040129405,-0.014199872095184475,-0.007100105323420089,0.0,0.0070997667717643854,-0.006574934367638191
2016-11-08,-0.6133623802689534,0.45436004682903147,0.4561884558137329,0.4525316378443301,0.45344586413303517,-0.5165802037473736,600028.SS,-0.7189074473803626,0.021299977418604565,0.014199872095184475,0.02129963886694886,0.014199872095184475,0.042298834290989615
2016-11-09,-0.6359955559103643,0.4507032288596287,0.4552742731177366,0.44430381920952816,0.45436004682903147,-0.16832303296094453,600028.SS,-0.008007390747784504,0.0070997667717643854,-0.0070997667717643854,-0.06389925515250229,-0.02839974419036895,0.6715834858055431
2016-11-10,-0.6020450967991389,0.4561884558137329,0.457102682102438,0.4525316378443301,0.4525316378443301,-0.31282594328133173,600028.SS,0.7028926658847936,-0.014199872095184475,0.014199872095184475,0.06389925515250229,0.04259961628555343,-0.2789224869627378
2016-11-11,-0.5907275814462876,0.45801690839114306,0.4607595000718408,0.4525316378443301,0.4552742731177366,-0.21070830053356318,600028.SS,1.4137927225173716,0.021299977418604565,0.02839974419036895,0.0,0.014200210646840178,0.19679443428658008
2016-11-14,-0.5850700991265623,0.45893109108713936,0.45893109108713936,0.45436004682903147,0.45801690839114306,-0.15243518762458103,600028.SS,-1.4298075040129405,0.021299977418604565,-0.014199872095184475,0.014199872095184475,0.0070997667717643854,0.11222084749891628
2016-11-15,-0.6020450967991389,0.4561884558137329,0.45893109108713936,0.45436004682903147,0.45801690839114306,-0.48685424705901076,600028.SS,-0.7189074473803626,0.0,0.0,0.0,-0.021299977418604565,-0.6452598608274809
2016-11-16,-0.6020450967991389,0.4561884558137329,0.45801690839114306,0.45436004682903147,0.457102682102438,-0.5214972422076016,600028.SS,-0.008007390747784504,-0.007100105323420089,-0.0070997667717643854,0.0,0.0,-0.0670090030131863
2016-11-17,-0.6020450967991389,0.4561884558137329,0.4561884558137329,0.4525316378443301,0.45436004682903147,-0.5517564253994578,600028.SS,0.7028926658847936,-0.021299977418604565,-0.014200210646840178,-0.014199872095184475,0.0,-0.05855288083906438
2016-11-18,-0.619020094471715,0.45344586413303517,0.4561884558137329,0.4525316378443301,0.4552742731177366,-0.548914681259803,600028.SS,1.4137927225173716,0.007100105323420089,0.0,0.0,-0.02129963886694886,0.005296912070499055
2016-11-21,-0.5850700991265623,0.45893109108713936,0.4598453173758445,0.4516174551483338,0.45344586413303517,-0.13361219577296687,600028.SS,-1.4298075040129405,-0.014199872095184475,0.028400082742024654,-0.0070997667717643854,0.04259961628555343,0.8009100577261524
2016-11-22,-0.5454607663973929,0.4653305443299487,0.46715895331465007,0.4598453173758445,0.46350213534524726,0.27433868979187676,600028.SS,-0.7189074473803626,0.07809946579934246,0.0567994883807379,0.06389959370415799,0.04969972160897351,0.7867292425522423
2016-11-23,-0.5454607663973929,0.4653305443299487,0.4717299539800492,0.4625879090565422,0.46441631804124356,-0.014630700381858328,600028.SS,-0.008007390747784504,0.0070997667717643854,0.035499510962133336,0.02129963886694886,0.0,-0.5575900520320954
2016-11-24,-0.5567775861011344,0.46350213534524726,0.4653305443299487,0.4616737263605459,0.46441631804124356,-0.39411908009348445,600028.SS,0.7028926658847936,0.0,-0.04969938305731781,-0.0070997667717643854,-0.014199872095184475,-0.7321959982188447
2016-11-25,-0.5398021246624857,0.466244727025945,0.46715895331465007,0.4598453173758445,0.46441631804124356,-0.26160770056869265,600028.SS,1.4137927225173716,0.0,0.014199872095184475,-0.014199872095184475,0.02129963886694886,0.2554222116755629
2016-11-28,-0.517168717138038,0.4699015449953478,0.4717299539800492,0.46441631804124356,0.466244727025945,0.09367295989924868,600028.SS,-1.4298075040129405,0.014199872095184475,0.035499510962133336,0.035499510962133336,0.02839974419036895,0.6851313951186488
2016-11-29,-0.4662427965881626,0.47812940722285846,0.480872042496265,0.46715895331465007,0.4699015449953478,0.6508943889550749,600028.SS,-0.7189074473803626,0.02839974419036895,0.07099969902757808,0.021299977418604565,0.06389959370415799,1.074663571217535
2016-11-30,-0.5284857687248163,0.4680731360106464,0.4763009982381571,0.46715895331465007,0.475386771949452,-0.11888602578966191,600028.SS,-0.008007390747784504,0.04259961628555343,-0.03549984951378904,0.0,-0.07809946579934246,-1.4850469791456906
2016-12-01,-0.4436093890637155,0.4817862251922613,0.490014087419772,0.4772151809341534,0.480872042496265,1.0034303227538963,600028.SS,0.7028926658847936,0.04259995483720913,0.10649920998971142,0.07809912724768676,0.10649920998971142,2.1646993041195
2016-12-02,-0.3134664262367558,0.5028129503126818,0.5201828574636995,0.4799578162075599,0.4836146341769627,2.0922997570188757,600028.SS,1.4137927225173716,0.02129963886694886,0.2342980588463717,0.021299977418604565,0.1632986983704493,2.100182122206043
2016-12-05,-0.3870252905450058,0.4909282701157683,0.5009845413279804,0.48270045148096635,0.4945850880851711,0.8358054888181852,600028.SS,-1.4298075040129405,0.08519923257110686,-0.14909882627526483,0.021299977418604565,-0.09229933789452693,-2.423890125083614
2016-12-06,-0.4266350870402478,0.4845288604656678,0.499156132343279,0.4836146341769627,0.4854430431616641,0.16818909190508996,600028.SS,-0.7189074473803626,-0.07099936047592238,-0.014199872095184475,0.0070997667717643854,-0.04969938305731781,-1.2879784403694532
2016-12-07,-0.4209757496562316,0.4854430431616641,0.48727145214636547,0.47904358991885476,0.48270045148096635,-0.07907930853753536,600028.SS,-0.008007390747784504,-0.02129963886694886,-0.09229933789452693,-0.03549984951378904,0.0070997667717643854,-0.4771512313371691
2016-12-08,-0.4266350870402478,0.4845288604656678,0.48727145214636547,0.4799578162075599,0.4854430431616641,-0.255138842231154,600028.SS,0.7028926658847936,0.02129963886694886,0.0,0.007100105323420089,-0.0070997667717643854,-0.33979340598946317
2016-12-09,-0.3587334731686868,0.4954993143738762,0.49732772335857756,0.48270045148096635,0.4836146341769627,0.27499234492196134,600028.SS,1.4137927225173716,-0.014199872095184475,0.07809946579934246,0.021299977418604565,0.08519923257110686,1.0224080462277125
2016-12-12,-0.33610006564423967,0.499156132343279,0.5137834042208902,0.4964134970698725,0.5082981772667859,0.7265809669566788,600028.SS,-1.4298075040129405,0.19169844256081828,0.12779884885666026,0.10649887143805571,0.02839974419036895,0.8709039367757221
2016-12-13,-0.30780778450184854,0.5037271766013869,0.5101265862514874,0.5000703150392752,0.5009845413279804,0.2306475406048553,600028.SS,-0.7189074473803626,-0.0567994883807379,-0.02839974419036895,0.02839974419036895,0.03549984951378904,-0.9568118235961363
2016-12-14,-0.23990733004546952,0.5146976305095953,0.5238396754331023,0.5037271766013869,0.5055555855860883,0.8471708193284213,600028.SS,-0.008007390747784504,0.03549984951378904,0.10649920998971142,0.028400082742024654,0.08519923257110686,1.1890534426104953
2016-12-15,-0.34175824361307433,0.4982419060545739,0.5064697682820846,0.49275667910046966,0.5055555855860883,0.45368568646970914,600028.SS,0.7028926658847936,0.0,-0.13489895418008035,-0.08519957112276255,-0.12779918740831597,-0.7591949333513044
2016-12-16,-0.30780778450184854,0.5037271766013869,0.5055555855860883,0.4836146341769627,0.4936709053891748,0.0495099290156359,600028.SS,1.4137927225173716,-0.09229933789452693,-0.0070997667717643854,-0.07099936047592238,0.04259995483720913,-0.7798165358717234
2016-12-19,-0.30214960653301387,0.5046413592973832,0.5128692215248939,0.499156132343279,0.5028129503126818,-0.17069385818702437,600028.SS,-1.4298075040129405,0.07099936047592238,0.0567994883807379,0.1206990820848959,0.0070997667717643854,-0.4249451425698571
2016-12-20,-0.33610006564423967,0.499156132343279,0.5055555855860883,0.4890998611310669,0.5028129503126818,-0.01688775571291826,600028.SS,-0.7189074473803626,0.0,-0.0567994883807379,-0.07809946579934246,-0.04259961628555343,0.29649851255266546
2016-12-21,-0.2795164308916026,0.5082981772667859,0.5201828574636995,0.4945850880851711,0.499156132343279,0.5771327558359052,600028.SS,-0.008007390747784504,-0.02839974419036895,0.1135989767614758,0.04259961628555343,0.07099936047592238,1.145646893615366
2016-12-22,-0.23424799266145335,0.5156118132055916,0.5238396754331023,0.5046413592973832,0.5046413592973832,0.5508187344470161,600028.SS,0.7028926658847936,0.04259961628555343,0.02839974419036895,0.07809946579934246,0.0567994883807379,-0.05094288968711344
2016-12-23,-0.23424799266145335,0.5156118132055916,0.5229254491443972,0.5101265862514874,0.5119549952361888,0.23643263665566158,600028.SS,1.4137927225173716,0.0567994883807379,-0.007100105323420089,0.04259961628555343,0.0,-0.6066174252405503
2016-12-26,-0.21727369063798566,0.518354448478998,0.5192686311749943,0.5009845413279804,0.5119549952361888,-0.0919974154965951,600028.SS,-1.4298075040129405,0.0,-0.02839974419036895,-0.07099936047592238,0.021299977418604565,-0.63370740881093
2016-12-27,-0.2795164308916026,0.5082981772667859,0.518354448478998,0.5073839945707896,0.5137834042208902,-0.24828921873939394,600028.SS,-0.7189074473803626,0.014199872095184475,-0.0070997667717643854,0.04969972160897351,-0.07809946579934246,-0.3016625861808175
2016-12-28,-0.2851741450943647,0.5073839945707896,0.5165260394942967,0.5046413592973832,0.509212403555491,-0.2734414467566611,600028.SS,-0.008007390747784504,-0.035499510962133336,-0.014199872095184475,-0.021299977418604565,-0.0070997667717643854,-0.04870185681698168
2016-12-29,-0.36439234678663085,0.4945850880851711,0.5064697682820846,0.4936709053891748,0.5037271766013869,-0.05547362061974697,600028.SS,0.7028926658847936,-0.04259961628555343,-0.07809946579934246,-0.08519923257110686,-0.09939944321794703,0.42026280252441534
2016-12-30,-0.36439234678663085,0.4945850880851711,0.4982419060545739,0.49184249640447336,0.4945850880851711,-0.3058495802755956,600028.SS,1.4137927225173716,-0.07099969902757808,-0.06389959370415799,-0.014199872095184475,0.0,-0.4831455350686427
2017-01-03,-0.30780778450184854,0.5037271766013869,0.5046413592973832,0.4936709053891748,0.4954993143738762,-0.21349242676831487,600028.SS,-0.7189074473803626,0.007100105323420089,0.04969972160897351,0.014199872095184475,0.07099969902757808,0.17796700959059877
2017-01-04,-0.27385778915669534,0.509212403555491,0.5110408125401925,0.499156132343279,0.5009845413279804,-0.22614916609019142,600028.SS,-0.008007390747784504,0.04259961628555343,0.04969972160897351,0.04259961628555343,0.04259961628555343,-0.024598774824321823
2017-01-05,-0.17200664370605465,0.5256680844178037,0.5311533113719079,0.5064697682820846,0.5073839945707896,0.6305091605350632,600028.SS,0.7028926658847936,0.04969972160897351,0.15619859304702924,0.0567994883807379,0.12779884885666026,1.652260195862235
2017-01-06,-0.1041054936005663,0.536638538326012,0.5494374448116307,0.5247538581290986,0.5284107196912102,1.1890120289396828,600028.SS,1.4137927225173716,0.1632986983704493,0.14199905950350045,0.14199872095184476,0.08519923257110686,1.0771353943247002
2017-01-09,-0.10976367156940096,0.5357243556300157,0.5512658537963321,0.5329817203566093,0.536638538326012,0.4423938442553881,600028.SS,-1.4298075040129405,0.06389925515250229,0.014199872095184475,0.06389959370415799,-0.0070997667717643854,-1.4403683640159257
2017-01-10,-0.087130727811026,0.5393811735994186,0.5402953562954149,0.5247538581290986,0.5302391286759116,-0.05348993976181002,600028.SS,-0.7189074473803626,-0.04969938305731781,-0.08519957112276255,-0.06389959370415799,0.02839974419036895,-0.9567160663759945
2017-01-11,-0.16634800197114694,0.5265823107065087,0.5402953562954149,0.5265823107065087,0.5357243556300157,-0.14625385977625785,600028.SS,-0.008007390747784504,0.04259961628555343,0.0,0.014200210646840178,-0.09939910466629133,-0.179120938102827
2017-01-12,-0.12673866924197758,0.5329817203566093,0.5402953562954149,0.5247538581290986,0.5284107196912102,0.06174738565113236,600028.SS,0.7028926658847936,-0.0567994883807379,0.0,-0.014200210646840178,0.04969938305731781,0.40103783918890906
2017-01-13,-0.09278890577986067,0.5384669473107134,0.5457805832495191,0.5284107196912102,0.532067537660613,-0.033805375129095774,600028.SS,1.4137927225173716,0.02839974419036895,0.04259961628555343,0.028400082742024654,0.04259961628555343,-0.18450045220433398
2017-01-16,-0.053179804933727585,0.5448664005535228,0.5466948095382241,0.5329817203566093,0.5384669473107134,0.7340347398969713,600028.SS,-1.4298075040129405,0.04969938305731781,0.007100105323420089,0.035499510962133336,0.04969972160897351,1.4809349529042437
2017-01-17,-0.04186275334694934,0.5466948095382241,0.5549226717657348,0.5430379915688214,0.5430379915688214,0.3658011383592871,600028.SS,-0.7189074473803626,0.03549984951378904,0.06389959370415799,0.07809946579934246,0.014199872095184475,-0.7104861757582162
2017-01-18,-0.04752116319882031,0.5457805832495191,0.550351627507627,0.5421237652801163,0.5485232185229256,-0.19884773307420928,600028.SS,-0.008007390747784504,0.04259961628555343,-0.03549984951378904,-0.007100105323420089,-0.007100105323420089,-1.0893599813625983
2017-01-19,-0.10976367156940096,0.5357243556300157,0.5448664005535228,0.527496493402505,0.5430379915688214,0.5584907920373845,600028.SS,0.7028926658847936,-0.04259961628555343,-0.04259961628555343,-0.1135989767614758,-0.07809912724768676,1.4606779874559686
2017-01-20,-0.10976367156940096,0.5357243556300157,0.5375527646147171,0.5302391286759116,0.532067537660613,-0.37219176522188274,600028.SS,1.4137927225173716,-0.08519923257110686,-0.0567994883807379,0.021299977418604565,0.0,-1.7954179961074352
2017-01-23,-0.1041054936005663,0.536638538326012,0.5393811735994186,0.5311533113719079,0.536638538326012,-0.10197166741273343,600028.SS,-1.4298075040129405,0.035499510962133336,0.014199872095184475,0.0070997667717643854,0.0070997667717643854,0.5210544417408318
2017-01-24,0.0034047573510547053,0.5540084454770298,0.5549226717657348,0.5348101293413107,0.536638538326012,0.5162116914797079,600028.SS,-0.7189074473803626,0.0,0.1206990820848959,0.02839974419036895,0.13489895418008035,1.19225564217229
2017-01-25,-0.0022541162668888695,0.5530942627810335,0.5558368544617311,0.5466948095382241,0.5521800364923284,-0.23695033059884002,600028.SS,-0.008007390747784504,0.1206990820848959,0.0070997667717643854,0.09229933789452693,-0.0070997667717643854,-1.452991051539824
2017-01-26,-0.01357116785366711,0.5512658537963321,0.5567510807504362,0.5457805832495191,0.5530942627810335,-0.30361960709906105,600028.SS,0.7028926658847936,0.007100105323420089,0.007100105323420089,-0.007100105323420089,-0.014199872095184475,-0.12878586537976872
2017-02-03,-0.05883821478559855,0.5439521742648177,0.5521800364923284,0.5393811735994186,0.5512658537963321,-0.48466399023477785,600028.SS,1.4137927225173716,-0.014199872095184475,-0.03549984951378904,-0.04969938305731781,-0.056799826932393604,-0.34940889504738837
2017-02-06,-0.05883821478559855,0.5439521742648177,0.5476089922342204,0.5384669473107134,0.5439521742648177,-0.2827432537451371,600028.SS,-1.4298075040129405,-0.056799826932393604,-0.03549984951378904,-0.007100105323420089,0.0,0.389308885719667
2017-02-07,-0.1041054936005663,0.536638538326012,0.5430379915688214,0.5329817203566093,0.54120958258412,-0.10664027679721788,600028.SS,-0.7189074473803626,-0.02129963886694886,-0.035499510962133336,-0.04259961628555343,-0.0567994883807379,0.33950790632056255
2017-02-08,-0.11542208142127193,0.5348101293413107,0.5375527646147171,0.5293249023872065,0.5329817203566093,0.04957874626104567,600028.SS,-0.008007390747784504,-0.06389959370415799,-0.04259961628555343,-0.02839974419036895,-0.014199872095184475,0.30115289815530116
2017-02-09,-0.1380557208287558,0.5311533113719079,0.5348101293413107,0.5247538581290986,0.5348101293413107,0.9966823877831763,600028.SS,0.7028926658847936,0.014199872095184475,-0.021299977418604565,-0.03549984951378904,-0.02839974419036895,1.8267240278863088
2017-02-10,-0.1041054936005663,0.536638538326012,0.5375527646147171,0.527496493402505,0.5293249023872065,0.3629703202539925,600028.SS,1.4137927225173716,-0.04259961628555343,0.021299977418604565,0.021299977418604565,0.04259961628555343,-1.2225789309170527
2017-02-13,-0.1041054936005663,0.536638538326012,0.5421237652801163,0.5338959466453144,0.5375527646147171,0.21274685761391673,600028.SS,-1.4298075040129405,0.06389959370415799,0.035499510962133336,0.04969972160897351,0.0,-0.28995710473287895
2017-02-14,-0.12108095503921551,0.5338959466453144,0.536638538326012,0.5311533113719079,0.5348101293413107,-0.2985030924208449,600028.SS,-0.7189074473803626,-0.021299977418604565,-0.04259961628555343,-0.021299977418604565,-0.02129963886694886,-0.9863565205001122
2017-02-15,-0.11542208142127193,0.5348101293413107,0.5384669473107134,0.5329817203566093,0.5348101293413107,-0.06404450758819778,600028.SS,-0.008007390747784504,0.0,0.014199872095184475,0.014199872095184475,0.0070997667717643854,0.45207253151172927
2017-02-16,-0.1380557208287558,0.5311533113719079,0.5348101293413107,0.5284107196912102,0.5338959466453144,-0.11230857173937851,600028.SS,0.7028926658847936,-0.0070997667717643854,-0.02839974419036895,-0.035499510962133336,-0.02839974419036895,-0.09328326494887251
2017-02-17,-0.14937254053249774,0.5293249023872065,0.5357243556300157,0.5284107196912102,0.5311533113719079,-0.20541015528643042,600028.SS,1.4137927225173716,-0.021299977418604565,0.007100105323420089,0.0,-0.014199872095184475,-0.17977227171695684
2017-02-20,-0.09844731563173206,0.5375527646147171,0.5375527646147171,0.5284107196912102,0.5302391286759116,0.08453674537808736,600028.SS,-1.4298075040129405,-0.0070997667717643854,0.014199872095184475,0.0,0.06389959370415799,0.5591063145620508
2017-02-21,-0.09278890577986067,0.5384669473107134,0.5402953562954149,0.5338959466453144,0.5384669473107134,-0.2029105531732818,600028.SS,-0.7189074473803626,0.06389925515250229,0.02129963886694886,0.04259961628555343,0.0070997667717643854,-0.5546540244729844
2017-02-22,-0.04752116319882031,0.5457805832495191,0.5466948095382241,0.5384669473107134,0.5402953562954149,0.16254043773646357,600028.SS,-0.008007390747784504,0.014199872095184475,0.04969972160897351,0.035499510962133336,0.0567994883807379,0.7047493800176048
2017-02-23,-0.09844731563173206,0.5375527646147171,0.5457805832495191,0.5357243556300157,0.5430379915688214,-0.21674358972705926,600028.SS,0.7028926658847936,0.021299977418604565,-0.007100105323420089,-0.02129963886694886,-0.06389925515250229,-0.7318018144368823
2017-02-24,-0.1380557208287558,0.5311533113719079,0.54120958258412,0.5284107196912102,0.5384669473107134,0.03789735582679244,600028.SS,1.4137927225173716,-0.03549984951378904,-0.035499510962133336,-0.0567994883807379,-0.04969972160897351,0.4910031493632806
2017-02-27,-0.18332253587765093,0.5238396754331023,0.5311533113719079,0.5220112664484009,0.5302391286759116,0.041596840249991746,600028.SS,-1.4298075040129405,-0.06389925515250229,-0.07809946579934246,-0.04969972160897351,-0.0567994883807379,0.006951443948896747
2017-02-28,-0.17200664370605465,0.5256680844178037,0.527496493402505,0.5229254491443972,0.5238396754331023,-0.469593752658934,600028.SS,-0.7189074473803626,-0.04969972160897351,-0.02839974419036895,0.0070997667717643854,0.014199872095184475,-0.986242024004157
2017-03-01,-0.16634800197114694,0.5265823107065087,0.5284107196912102,0.5220112664484009,0.5256680844178037,-0.23850828744144212,600028.SS,-0.008007390747784504,0.014199872095184475,0.007100105323420089,-0.0070997667717643854,0.007100105323420089,0.4455659769753607
2017-03-02,-0.1776648216748889,0.5247538581290986,0.5284107196912102,0.5238396754331023,0.527496493402505,-0.5069740455186604,600028.SS,0.7028926658847936,0.014199872095184475,0.0,0.014199872095184475,-0.014200210646840178,-0.5180397200989411
2017-03-03,-0.22293233237289292,0.517440222190293,0.5229254491443972,0.5128692215248939,0.5229254491443972,0.06483262693288554,600028.SS,1.4137927225173716,-0.03549984951378904,-0.04259995483720913,-0.08519923257110686,-0.0567994883807379,1.1027976703328113
2017-03-06,-0.23424799266145335,0.5156118132055916,0.517440222190293,0.5119549952361888,0.5165260394942967,-0.2428426868891748,600028.SS,-1.4298075040129405,-0.04969938305731781,-0.04259961628555343,-0.007100105323420089,-0.014199872095184475,-0.5936727073355521
2017-03-07,-0.23990733004546952,0.5146976305095953,0.5156118132055916,0.5119549952361888,0.5146976305095953,-0.31466777203768703,600028.SS,-0.7189074473803626,-0.014199872095184475,-0.014199872095184475,0.0,-0.0070997667717643854,-0.1387311249544559
2017-03-08,-0.2285905103417276,0.5165260394942967,0.5165260394942967,0.5128692215248939,0.5146976305095953,-0.22229907755721637,600028.SS,-0.008007390747784504,0.0,0.007100105323420089,0.007100105323420089,0.014199872095184475,0.17798927146685295
2017-03-09,-0.25688232771804614,0.5119549952361888,0.5137834042208902,0.5009845413279804,0.5119549952361888,0.6585848325953044,600028.SS,0.7028926658847936,-0.021299977418604565,-0.021299977418604565,-0.09229933789452693,-0.03549984951378904,1.6989899589240929
2017-03-10,-0.30780778450184854,0.5037271766013869,0.5073839945707896,0.5037271766013869,0.5064697682820846,-0.2520880934274007,600028.SS,1.4137927225173716,-0.04259961628555343,-0.04969938305731781,0.021299977418604565,-0.06389925515250229,-1.7568205635383791
2017-03-13,-0.29649096479810616,0.5055555855860883,0.509212403555491,0.49732772335857756,0.5018987240239767,-0.06367197888739394,600028.SS,-1.4298075040129405,-0.03549984951378904,0.014199872095184475,-0.04969972160897351,0.014199872095184475,0.3632592434794259
2017-03-14,-0.2851741450943647,0.5073839945707896,0.5082981772667859,0.5028129503126818,0.5055555855860883,-0.3971922896932845,600028.SS,-0.7189074473803626,0.028400082742024654,-0.007100105323420089,0.04259961628555343,0.014199872095184475,-0.6435262262004124
2017-03-15,-0.2625405056868808,0.5110408125401925,0.5119549952361888,0.5037271766013869,0.5055555855860883,-0.2510884699847578,600028.SS,-0.008007390747784504,0.0,0.02839974419036895,0.007100105323420089,0.02839974419036895,0.28164125025944314
2017-03-16,-0.23424799266145335,0.5156118132055916,0.518354448478998,0.5119549952361888,0.5119549952361888,-0.19388920177172672,600028.SS,0.7028926658847936,0.04969938305731781,0.04969972160897351,0.06389925515250229,0.035499510962133336,0.11014946258674085
2017-03-17,-0.2795164308916026,0.5082981772667859,0.5156118132055916,0.5055555855860883,0.5156118132055916,-0.28205441044867957,600028.SS,1.4137927225173716,0.02839974419036895,-0.021299977418604565,-0.04969938305731781,-0.0567994883807379,-0.17025028733195283
2017-03-20,-0.2116150489030784,0.5192686311749943,0.5192686311749943,0.5082981772667859,0.5082981772667859,0.22983987124966604,600028.SS,-1.4298075040129405,-0.0567994883807379,0.02839974419036895,0.02129963886694886,0.08519923257110686,0.9872301001557954
2017-03-21,-0.21727369063798566,0.518354448478998,0.5229254491443972,0.5165260394942967,0.517440222190293,-0.08811248664143363,600028.SS,-0.7189074473803626,0.07099936047592238,0.02839974419036895,0.06389959370415799,-0.0070997667717643854,-0.6134965367092371
2017-03-22,-0.1776648216748889,0.5247538581290986,0.527496493402505,0.5156118132055916,0.5165260394942967,0.1978503992667785,600028.SS,-0.008007390747784504,-0.0070997667717643854,0.03549984951378904,-0.007100105323420089,0.04969938305731781,0.5514213782884799
2017-03-23,-0.1946402831135381,0.5220112664484009,0.527496493402505,0.517440222190293,0.5247538581290986,-0.11069611516654577,600028.SS,0.7028926658847936,0.06389925515250229,0.0,0.014199872095184475,-0.02129963886694886,-0.5953532034151569
2017-03-24,-0.14371459444669937,0.5302391286759116,0.5329817203566093,0.5192686311749943,0.5210970401596958,-0.0038050563385802387,600028.SS,1.4137927225173716,-0.02839974419036895,0.04259961628555343,0.014199872095184475,0.06389959370415799,0.20600208049960977
2017-03-27,-0.1946402831135381,0.5220112664484009,0.5357243556300157,0.5165260394942967,0.5348101293413107,0.42626985619687063,600028.SS,-1.4298075040129405,0.10649920998971142,0.021299977418604565,-0.02129963886694886,-0.06389959370415799,0.8294052233865953
2017-03-28,-0.21727369063798566,0.518354448478998,0.5229254491443972,0.5165260394942967,0.5220112664484009,-0.30625755802591237,600028.SS,-0.7189074473803626,-0.09939910466629133,-0.09939944321794703,0.0,-0.02839974419036895,-1.4131880748689434
2017-03-29,-0.20595687093424372,0.5201828574636995,0.5229254491443972,0.5165260394942967,0.5192686311749943,-0.2233211928534226,600028.SS,-0.008007390747784504,-0.021299977418604565,0.0,0.0,0.014199872095184475,0.15979484848474915
2017-03-30,-0.21727369063798566,0.518354448478998,0.5238396754331023,0.5128692215248939,0.5210970401596958,-0.0565178737138267,600028.SS,0.7028926658847936,0.014199872095184475,0.007100105323420089,-0.02839974419036895,-0.014199872095184475,0.3215693990623085
2017-03-31,-0.1776648216748889,0.5247538581290986,0.5256680844178037,0.5165260394942967,0.5201828574636995,-0.1678781154003153,600028.SS,1.4137927225173716,-0.0070997667717643854,0.014199872095184475,0.02839974419036895,0.04969938305731781,-0.21499217747167382
2017-04-05,-0.11542208142127193,0.5348101293413107,0.5357243556300157,0.5238396754331023,0.5247538581290986,0.08621180769299835,600028.SS,-0.008007390747784504,0.035499510962133336,0.07809946579934246,0.0567994883807379,0.07809946579934246,0.48994025859766815
2017-04-06,-0.09278890577986067,0.5384669473107134,0.5402953562954149,0.5311533113719079,0.5357243556300157,0.005034353918891651,600028.SS,0.7028926658847936,0.08519957112276255,0.035499510962133336,0.0567994883807379,0.02839974419036895,-0.15677130836012268
2017-04-07,-0.03620527102722359,0.5476089922342204,0.5512658537963321,0.5357243556300157,0.5402953562954149,0.33285295189469805,600028.SS,1.4137927225173716,0.035499510962133336,0.08519957112276255,0.03549984951378904,0.07099936047592238,0.6321586495084953
2017-04-10,-0.05883821478559855,0.5439521742648177,0.550351627507627,0.5421237652801163,0.5485232185229256,-0.34194997423935486,600028.SS,-1.4298075040129405,0.06389959370415799,-0.007100105323420089,0.04969938305731781,-0.02839974419036895,-1.3018408436157776
2017-04-11,-0.06449616087139691,0.5430379915688214,0.5494374448116307,0.5348101293413107,0.5448664005535228,-0.16565405557495236,600028.SS,-0.7189074473803626,-0.02839974419036895,-0.0070997667717643854,-0.0567994883807379,-0.0070997667717643854,0.33988007984058793
2017-04-12,-0.07015503448934049,0.5421237652801163,0.5439521742648177,0.5348101293413107,0.5421237652801163,-0.2501426692184825,600028.SS,-0.008007390747784504,-0.021299977418604565,-0.04259995483720913,0.0,-0.007100105323420089,-0.16315834609582633
2017-04-13,-0.09278890577986067,0.5384669473107134,0.54120958258412,0.536638538326012,0.5393811735994186,-0.5169265571731384,600028.SS,0.7028926658847936,-0.02129963886694886,-0.02129963886694886,0.014199872095184475,-0.02839974419036895,-0.5147954889645414
2017-04-14,-0.09844731563173206,0.5375527646147171,0.5393811735994186,0.5348101293413107,0.5393811735994186,-0.48569968387726675,600028.SS,1.4137927225173716,0.0,-0.014199872095184475,-0.014199872095184475,-0.0070997667717643854,0.06005020040542556
2017-04-17,-0.11542208142127193,0.5348101293413107,0.5402953562954149,0.5311533113719079,0.5384669473107134,-0.2154693184531105,600028.SS,-1.4298075040129405,-0.007100105323420089,0.0070997667717643854,-0.02839974419036895,-0.021299977418604565,0.5210742473820849
2017-04-18,-0.14371459444669937,0.5302391286759116,0.536638538326012,0.5302391286759116,0.5348101293413107,-0.46649472183978485,600028.SS,-0.7189074473803626,-0.02839974419036895,-0.02839974419036895,-0.0070997667717643854,-0.035499510962133336,-0.48439827482739156
2017-04-19,-0.16634800197114694,0.5265823107065087,0.5293249023872065,0.5201828574636995,0.5293249023872065,-0.2869665915133024,600028.SS,-0.008007390747784504,-0.04259961628555343,-0.0567994883807379,-0.07809946579934246,-0.02839974419036895,0.3461148310062213
2017-04-20,-0.17200664370605465,0.5256680844178037,0.5265823107065087,0.517440222190293,0.5229254491443972,-0.2490957451779702,600028.SS,0.7028926658847936,-0.04969972160897351,-0.02129963886694886,-0.021299977418604565,-0.007100105323420089,0.07286604385348625
2017-04-21,-0.14371459444669937,0.5302391286759116,0.5311533113719079,0.518354448478998,0.5247538581290986,-0.26057485179472956,600028.SS,1.4137927225173716,0.014199872095184475,0.035499510962133336,0.007100105323420089,0.03549984951378904,-0.02232718878710278
2017-04-24,-0.12108095503921551,0.5338959466453144,0.5338959466453144,0.5229254491443972,0.527496493402505,-0.15529019953535186,600028.SS,-1.4298075040129405,0.021299977418604565,0.021299977418604565,0.035499510962133336,0.02839974419036895,0.20290341423852126
2017-04-25,-0.14937254053249774,0.5293249023872065,0.5357243556300157,0.5265823107065087,0.5302391286759116,-0.33076942353022437,600028.SS,-0.7189074473803626,0.021299977418604565,0.014199872095184475,0.028400082742024654,-0.03549984951378904,-0.3386740218188246
2017-04-26,-0.1550307185013324,0.5284107196912102,0.5311533113719079,0.527496493402505,0.5302391286759116,-0.5767972563159777,600028.SS,-0.008007390747784504,0.0,-0.03549984951378904,0.0070997667717643854,-0.0070997667717643854,-0.4747582473827233
2017-04-27,-0.1550307185013324,0.5284107196912102,0.532067537660613,0.5229254491443972,0.5284107196912102,-0.47852529814532213,600028.SS,0.7028926658847936,-0.014199872095184475,0.007100105323420089,-0.03549984951378904,0.0,0.18937632900557136
2017-04-28,-0.1550307185013324,0.5284107196912102,0.5311533113719079,0.5238396754331023,0.5302391286759116,-0.46131679402813014,600028.SS,1.4137927225173716,0.014199872095184475,-0.007100105323420089,0.007100105323420089,0.0,0.03300956918611737
2017-05-02,-0.18332253587765093,0.5238396754331023,0.527496493402505,0.5229254491443972,0.527496493402505,-0.5710643058356394,600028.SS,-0.7189074473803626,-0.021299977418604565,-0.02839974419036895,-0.007100105323420089,-0.03549984951378904,-0.21188131390701867
2017-05-03,-0.18332253587765093,0.5238396754331023,0.5238396754331023,0.5201828574636995,0.5220112664484009,-0.5430320087031622,600028.SS,-0.008007390747784504,-0.04259961628555343,-0.02839974419036895,-0.02129963886694886,0.0,0.05388804596111838
2017-05-04,-0.1946402831135381,0.5220112664484009,0.5229254491443972,0.517440222190293,0.5229254491443972,-0.3549620985128403,600028.SS,0.7028926658847936,0.0070997667717643854,-0.007100105323420089,-0.021299977418604565,-0.014199872095184475,0.36259143511833725
2017-05-05,-0.23424799266145335,0.5156118132055916,0.517440222190293,0.5055555855860883,0.517440222190293,0.41754345181950886,600028.SS,1.4137927225173716,-0.04259961628555343,-0.04259961628555343,-0.09229899934287124,-0.04969972160897351,1.4899343103891773
2017-05-08,-0.18898164137863038,0.5229254491443972,0.5238396754331023,0.509212403555491,0.5128692215248939,0.017855847155133112,600028.SS,-1.4298075040129405,-0.035499510962133336,0.04969972160897351,0.02839974419036895,0.0567994883807379,-0.7711591462071183
2017-05-09,-0.1946402831135381,0.5220112664484009,0.5256680844178037,0.5192686311749943,0.5210970401596958,-0.5737874723766957,600028.SS,-0.7189074473803626,0.06389925515250229,0.014199872095184475,0.07809912724768676,-0.0070997667717643854,-1.1414307255905307
2017-05-10,-0.1946402831135381,0.5220112664484009,0.5238396754331023,0.518354448478998,0.5210970401596958,-0.503109595989983,600028.SS,-0.008007390747784504,0.0,-0.014199872095184475,-0.0070997667717643854,0.0,0.1361489257431539
2017-05-11,-0.14371459444669937,0.5302391286759116,0.532067537660613,0.5192686311749943,0.5210970401596958,-0.043489357283049423,600028.SS,0.7028926658847936,0.0,0.06389959370415799,0.0070997667717643854,0.06389959370415799,0.8863964653116765
2017-05-12,-0.1041054936005663,0.536638538326012,0.5375527646147171,0.527496493402505,0.5284107196912102,-0.21556798818353148,600028.SS,1.4137927225173716,0.056799826932393604,0.04259961628555343,0.06389959370415799,0.04969938305731781,-0.33211447251460235
2017-05-15,-0.087130727811026,0.5393811735994186,0.5430379915688214,0.532067537660613,0.5348101293413107,-0.17856482674857757,600028.SS,-1.4298075040129405,0.04969938305731781,0.04259961628555343,0.03549984951378904,0.021299977418604565,0.07119232937881141
2017-05-16,-0.1041054936005663,0.536638538326012,0.5421237652801163,0.5348101293413107,0.5402953562954149,-0.45903542066152736,600028.SS,-0.7189074473803626,0.04259961628555343,-0.007100105323420089,0.02129963886694886,-0.021299977418604565,-0.5411963608283105
2017-05-17,-0.14937254053249774,0.5293249023872065,0.5375527646147171,0.527496493402505,0.5348101293413107,-0.3153093830628118,600028.SS,-0.008007390747784504,-0.04259961628555343,-0.035499510962133336,-0.0567994883807379,-0.0567994883807379,0.27705464476120456
2017-05-18,-0.1380557208287558,0.5311533113719079,0.532067537660613,0.5265823107065087,0.527496493402505,-0.6320207881838329,600028.SS,0.7028926658847936,-0.0567994883807379,-0.04259961628555343,-0.0070997667717643854,0.014199872095184475,-0.6111028098934739
2017-05-19,-0.12108095503921551,0.5338959466453144,0.5393811735994186,0.5302391286759116,0.5311533113719079,-0.3778598924534534,600028.SS,1.4137927225173716,0.02839974419036895,0.0567994883807379,0.02839974419036895,0.021299977418604565,0.49007716074948743
2017-05-22,-0.05883821478559855,0.5439521742648177,0.5439521742648177,0.5338959466453144,0.5375527646147171,-0.016420290395195658,600028.SS,-1.4298075040129405,0.04969972160897351,0.035499510962133336,0.02839974419036895,0.07809912724768676,0.6970116406823266
2017-05-23,-0.030546165526243278,0.5485232185229256,0.550351627507627,0.5384669473107134,0.5430379915688214,0.31650993380570497,600028.SS,-0.7189074473803626,0.04259961628555343,0.04969972160897351,0.035499510962133336,0.03549984951378904,0.6420186837194602
2017-05-24,-0.04186275334694934,0.5466948095382241,0.5476089922342204,0.5402953562954149,0.5466948095382241,-0.2571092056259482,600028.SS,-0.008007390747784504,0.02839974419036895,-0.021299977418604565,0.014199872095184475,-0.014199872095184475,-1.1066631145434127
2017-05-25,0.05998792833761961,0.5631504904005368,0.5640647166892419,0.5421237652801163,0.5439521742648177,0.5269109314301899,600028.SS,0.7028926658847936,-0.021299977418604565,0.12779918740831597,0.014199872095184475,0.12779884885666026,1.5121452886614761
2017-05-26,0.04867087675084093,0.5613220814158354,0.568635717354641,0.5549226717657348,0.5613220814158354,0.19234578364890642,600028.SS,1.4137927225173716,0.13489895418008035,0.035499510962133336,0.09939944321794703,-0.014199872095184475,-0.6455416568810987
2017-05-31,0.12223043670819983,0.5732067616127489,0.5777778058708568,0.5585794897351377,0.5585794897351377,0.36645161941116927,600028.SS,-0.008007390747784504,-0.02129963886694886,0.07099969902757808,0.02839974419036895,0.09229933789452693,0.33565553536315057
2017-06-01,0.15618089581942562,0.5786919885668531,0.5805203975515545,0.5658931256739432,0.568635717354641,0.5064687124671117,600028.SS,0.7028926658847936,0.07809912724768676,0.02129963886694886,0.0567994883807379,0.04259961628555343,0.2699003031744151
2017-06-02,0.11657249062240146,0.5722925789167526,0.5805203975515545,0.5695499436433461,0.5759493968861554,-0.23242698343126622,600028.SS,1.4137927225173716,0.056799826932393604,0.0,0.02839974419036895,-0.04969938305731781,-1.4254721254668075
2017-06-05,0.03735475269620791,0.559493672431134,0.5695499436433461,0.5558368544617311,0.5668073083699395,-0.1146910621687149,600028.SS,-1.4298075040129405,-0.07099969902757808,-0.08519923257110686,-0.10649920998971142,-0.09939944321794703,0.22692119897765395
2017-06-06,0.020379523140595004,0.5567510807504362,0.5585794897351377,0.5512658537963321,0.5576652634464326,-0.23708925708235254,600028.SS,-0.7189074473803626,-0.07099936047592238,-0.08519923257110686,-0.035499510962133336,-0.02129963886694886,-0.23628375702896304
2017-06-07,0.020379523140595004,0.5567510807504362,0.5613220814158354,0.5530942627810335,0.5576652634464326,-0.02281519457406938,600028.SS,-0.008007390747784504,0.0,0.02129963886694886,0.014199872095184475,0.0,0.41313774405149306
2017-06-08,0.04867087675084093,0.5613220814158354,0.5631504904005368,0.550351627507627,0.5530942627810335,-0.01690251424483392,600028.SS,0.7028926658847936,-0.035499510962133336,0.014199872095184475,-0.021299977418604565,0.035499510962133336,0.011220572087013238
2017-06-09,0.03169680661040954,0.5585794897351377,0.5695499436433461,0.5567510807504362,0.559493672431134,-0.0490310183067906,600028.SS,1.4137927225173716,0.04969938305731781,0.04969972160897351,0.04969972160897351,-0.02129963886694886,-0.06215869372889915
2017-06-12,0.03169680661040954,0.5585794897351377,0.5631504904005368,0.5540084454770298,0.5585794897351377,-0.26369943673858454,600028.SS,-1.4298075040129405,-0.0070997667717643854,-0.04969972160897351,-0.021299977418604565,0.0,-0.4142677332586857
2017-06-13,-0.0022541162668888695,0.5530942627810335,0.5576652634464326,0.5521800364923284,0.5576652634464326,-0.28182464072894375,600028.SS,-0.7189074473803626,-0.007100105323420089,-0.04259961628555343,-0.014199872095184475,-0.04259961628555343,-0.03514712995404341
2017-06-14,-0.04186275334694934,0.5466948095382241,0.5540084454770298,0.5448664005535228,0.5530942627810335,-0.20063132277532839,600028.SS,-0.008007390747784504,-0.035499510962133336,-0.02839974419036895,-0.0567994883807379,-0.04969972160897351,0.15643261023558774
2017-06-15,-0.07581390810728363,0.54120958258412,0.5457805832495191,0.5393811735994186,0.5448664005535228,-0.13464680240237278,600028.SS,0.7028926658847936,-0.06389959370415799,-0.06389959370415799,-0.04259961628555343,-0.04259961628555343,0.12709571081270768
2017-06-16,-0.07015503448934049,0.5421237652801163,0.5439521742648177,0.5384669473107134,0.5402953562954149,-0.47193013509904064,600028.SS,1.4137927225173716,-0.03549984951378904,-0.014199872095184475,-0.007100105323420089,0.0070997667717643854,-0.6507848798941281
2017-06-19,-0.07015503448934049,0.5421237652801163,0.5421237652801163,0.5421237652801163,0.5421237652801163,-0.8521629883309613,600028.SS,-1.4298075040129405,0.014199872095184475,-0.014199872095184475,0.02839974419036895,0.0,-0.733632044998483
2017-06-20,-0.06449616087139691,0.5430379915688214,0.5448664005535228,0.5375527646147171,0.5421237652801163,-0.3373442190570819,600028.SS,-0.7189074473803626,0.0,0.021299977418604565,-0.035499510962133336,0.007100105323420089,0.9928712691839109
2017-06-21,-0.06449616087139691,0.5430379915688214,0.5439521742648177,0.5384669473107134,0.5421237652801163,-0.36149089785752797,600028.SS,-0.008007390747784504,0.0,-0.007100105323420089,0.0070997667717643854,0.0,-0.04676220997230607
2017-06-22,-0.04752116319882031,0.5457805832495191,0.5521800364923284,0.5393811735994186,0.5402953562954149,-0.02508538723467545,600028.SS,0.7028926658847936,-0.014199872095184475,0.06389959370415799,0.007100105323420089,0.02129963886694886,0.6487223121743587
2017-06-23,-0.02488821944044535,0.5494374448116307,0.550351627507627,0.5439521742648177,0.5448664005535228,-0.2936725615675147,600028.SS,1.4137927225173716,0.03549984951378904,-0.014199872095184475,0.035499510962133336,0.028400082742024654,-0.5182739251017077
2017-06-26,-0.030546165526243278,0.5485232185229256,0.5521800364923284,0.5448664005535228,0.5494374448116307,-0.13993643788994137,600028.SS,-1.4298075040129405,0.03549984951378904,0.014199872095184475,0.007100105323420089,-0.007100105323420089,0.2963635274623105
2017-06-27,-0.087130727811026,0.5393811735994186,0.5485232185229256,0.5375527646147171,0.5485232185229256,0.013472911020368027,600028.SS,-0.7189074473803626,-0.007100105323420089,-0.02839974419036895,-0.0567994883807379,-0.07099936047592238,0.29573319765284883
2017-06-28,-0.08147254984219134,0.5402953562954149,0.5448664005535228,0.536638538326012,0.5384669473107134,-0.2346389059791194,600028.SS,-0.008007390747784504,-0.07809946579934246,-0.02839974419036895,-0.007100105323420089,0.0070997667717643854,-0.47877813356721255
2017-06-29,-0.07581390810728363,0.54120958258412,0.5421237652801163,0.5375527646147171,0.5402953562954149,-0.3647924982233242,600028.SS,0.7028926658847936,0.014199872095184475,-0.021299977418604565,0.007100105323420089,0.007100105323420089,-0.25124347427581795
2017-06-30,-0.07015503448934049,0.5421237652801163,0.5439521742648177,0.536638538326012,0.5384669473107134,-0.3686171568616601,600028.SS,1.4137927225173716,-0.014199872095184475,0.014199872095184475,-0.007100105323420089,0.0070997667717643854,-0.007562197058484044
2017-07-03,-0.06449616087139691,0.5430379915688214,0.5439521742648177,0.5402953562954149,0.5430379915688214,-0.4995986741734182,600028.SS,-1.4298075040129405,0.03549984951378904,0.0,0.02839974419036895,0.007100105323420089,-0.25284049431028666
2017-07-04,-0.0022541162668888695,0.5530942627810335,0.5540084454770298,0.5421237652801163,0.5430379915688214,0.09950156753089219,600028.SS,-0.7189074473803626,0.0,0.07809946579934246,0.014199872095184475,0.07809946579934246,1.1554454021349612
2017-07-05,-0.0022541162668888695,0.5530942627810335,0.5549226717657348,0.5494374448116307,0.5521800364923284,-0.347547395928503,600028.SS,-0.008007390747784504,0.07099936047592238,0.007100105323420089,0.056799826932393604,0.0,-0.8625164946188885
2017-07-06,0.0034047573510547053,0.5540084454770298,0.5540084454770298,0.5494374448116307,0.5512658537963321,-0.2908073193107569,600028.SS,0.7028926658847936,-0.0070997667717643854,-0.007100105323420089,0.0,0.0070997667717643854,0.10926370830042965
2017-07-07,-0.007912526118759838,0.5521800364923284,0.5549226717657348,0.5494374448116307,0.5521800364923284,-0.44726769033096614,600028.SS,1.4137927225173716,0.0070997667717643854,0.007100105323420089,0.0,-0.014199872095184475,-0.30198774376843096
2017-07-10,0.04867087675084093,0.5613220814158354,0.5622363077045405,0.550351627507627,0.5521800364923284,-0.19183475946783723,600028.SS,-1.4298075040129405,0.0,0.0567994883807379,0.0070997667717643854,0.07099936047592238,0.4925308436625466
2017-07-11,0.05433067790092972,0.5622363077045405,0.5640647166892419,0.5585794897351377,0.5622363077045405,-0.44884702095653195,600028.SS,-0.7189074473803626,0.07809946579934246,0.014199872095184475,0.06389959370415799,0.007100105323420089,-0.49594658119852586
2017-07-12,0.014721113288724035,0.5558368544617311,0.5658931256739432,0.5549226717657348,0.5622363077045405,-0.38384902396569304,600028.SS,-0.008007390747784504,0.0,0.014199872095184475,-0.02839974419036895,-0.04969972160897351,0.12519276371343924
2017-07-13,0.07130474804136111,0.5649788993852382,0.5658931256739432,0.5530942627810335,0.5558368544617311,-0.16639389531376156,600028.SS,0.7028926658847936,-0.04969972160897351,0.0,-0.014199872095184475,0.07099936047592238,0.4192738384415199
2017-07-14,0.0939379236827728,0.568635717354641,0.5722925789167526,0.5622363077045405,0.5658931256739432,-0.06731430505693671,600028.SS,1.4137927225173716,0.07809946579934246,0.04969972160897351,0.07099936047592238,0.02839974419036895,0.1909342050412659
2017-07-17,0.15052294973362726,0.5777778058708568,0.5786919885668531,0.5585794897351377,0.568635717354641,0.4123550700477472,600028.SS,-1.4298075040129405,0.02129963886694886,0.04969938305731781,-0.02839974419036895,0.07099969902757808,0.9250701010739386
2017-07-18,0.1278900059752523,0.5741209879014539,0.5805203975515545,0.5695499436433461,0.5732067616127489,0.08642594305884875,600028.SS,-0.7189074473803626,0.03549984951378904,0.014199872095184475,0.08519923257110686,-0.02839974419036895,-0.6288832674156306
2017-07-19,0.12207275624351364,0.5576652634464326,0.5640647166892419,0.5549226717657348,0.5613220814158354,0.34104837212126926,600028.SS,-0.008007390747784504,-0.09229933789452693,-0.12779884885666026,-0.1135989767614758,-0.12779918740831597,0.4909674321118739
2017-07-20,0.17441571402823758,0.5658931256739432,0.5668073083699395,0.5576652634464326,0.559493672431134,0.09526450234036422,600028.SS,0.7028926658847936,-0.014199872095184475,0.02129963886694886,0.02129963886694886,0.06389959370415799,-0.4742876567197744
2017-07-21,0.17441571402823758,0.5658931256739432,0.5704641263393424,0.5631504904005368,0.5658931256739432,-0.22931341148281803,600028.SS,1.4137927225173716,0.04969972160897351,0.02839974419036895,0.04259961628555343,0.0,-0.6262768546120375
2017-07-24,0.10462541282598739,0.5549226717657348,0.5649788993852382,0.5521800364923284,0.5631504904005368,-0.01014825596372249,600028.SS,-1.4298075040129405,-0.021299977418604565,-0.04259961628555343,-0.08519923257110686,-0.08519923257110686,0.42257238232352995
2017-07-25,0.11044196690861716,0.5558368544617311,0.559493672431134,0.5521800364923284,0.5540084454770298,-0.3047985566428845,600028.SS,-0.7189074473803626,-0.07099936047592238,-0.04259961628555343,0.0,0.0070997667717643854,-0.5685482030130794
2017-07-26,0.14533665374366964,0.5613220814158354,0.5640647166892419,0.5549226717657348,0.5585794897351377,-0.028391428825353726,600028.SS,-0.008007390747784504,0.03549984951378904,0.03549984951378904,0.021299977418604565,0.04259961628555343,0.5329888682541443
2017-07-27,0.14533665374366964,0.5613220814158354,0.5649788993852382,0.5567510807504362,0.5631504904005368,-0.1883360805243389,600028.SS,0.7028926658847936,0.035499510962133336,0.0070997667717643854,0.014199872095184475,0.0,-0.30870872162958135
2017-07-28,0.1278900059752523,0.5585794897351377,0.5604078987198391,0.5549226717657348,0.5604078987198391,-0.42762387937160995,600028.SS,1.4137927225173716,-0.02129963886694886,-0.035499510962133336,-0.014199872095184475,-0.02129963886694886,-0.4617571079625039
2017-07-31,0.1278900059752523,0.5585794897351377,0.5640647166892419,0.5558368544617311,0.559493672431134,-0.10092268736461842,600028.SS,-1.4298075040129405,-0.007100105323420089,0.02839974419036895,0.0070997667717643854,0.0,0.6300032373960128
2017-08-01,0.19186259367969122,0.568635717354641,0.5704641263393424,0.5585794897351377,0.5604078987198391,0.24097315862994703,600028.SS,-0.7189074473803626,0.007100105323420089,0.04969938305731781,0.021299977418604565,0.07809912724768676,0.6593128546379291
2017-08-02,0.14533665374366964,0.5613220814158354,0.5668073083699395,0.5585794897351377,0.5658931256739432,0.0943105023896913,600028.SS,-0.008007390747784504,0.04259961628555343,-0.02839974419036895,0.0,-0.0567994883807379,-0.2830885131389775
2017-08-03,0.11625689780999279,0.5567510807504362,0.5622363077045405,0.5549226717657348,0.559493672431134,-0.19325093874689764,600028.SS,0.7028926658847936,-0.04969972160897351,-0.035499510962133336,-0.02839974419036895,-0.035499510962133336,-0.5548741989821593
2017-08-04,0.12207275624351364,0.5576652634464326,0.559493672431134,0.5530942627810335,0.5558368544617311,-0.08685043339453792,600028.SS,1.4137927225173716,-0.02839974419036895,-0.021299977418604565,-0.014199872095184475,0.0070997667717643854,0.2050558309424658
2017-08-07,0.08717876505757007,0.5521800364923284,0.5585794897351377,0.5466948095382241,0.5567510807504362,0.02995209768539441,600028.SS,-1.4298075040129405,0.007100105323420089,-0.0070997667717643854,-0.04969972160897351,-0.04259961628555343,0.22512074277692062
2017-08-08,0.08136244285797617,0.5512658537963321,0.5530942627810335,0.5485232185229256,0.5530942627810335,-0.32358126689539385,600028.SS,-0.7189074473803626,-0.02839974419036895,-0.04259961628555343,0.014199872095184475,-0.0070997667717643854,-0.6821302606498864
2017-08-09,0.07554635254141946,0.550351627507627,0.5521800364923284,0.5485232185229256,0.550351627507627,-0.5223620263359242,600028.SS,-0.008007390747784504,-0.021299977418604565,-0.007100105323420089,0.0,-0.007100105323420089,-0.3836213490577136
2017-08-10,0.10462541282598739,0.5549226717657348,0.5558368544617311,0.5476089922342204,0.550351627507627,-0.29866338026431444,600028.SS,0.7028926658847936,0.0,0.02839974419036895,-0.007100105323420089,0.03549984951378904,0.43131722593580946
2017-08-11,0.06391463567437733,0.5485232185229256,0.5521800364923284,0.5439521742648177,0.550351627507627,0.07378078819068545,600028.SS,1.4137927225173716,0.0,-0.02839974419036895,-0.02839974419036895,-0.04969972160897351,0.7182388189560495
2017-08-14,0.052282918807336064,0.5466948095382241,0.5494374448116307,0.5448664005535228,0.5485232185229256,-0.40307516101803204,600028.SS,-1.4298075040129405,-0.014199872095184475,-0.02129963886694886,0.007100105323420089,-0.014199872095184475,-0.9200124628826172
2017-08-15,0.04646729225685151,0.5457805832495191,0.5485232185229256,0.5439521742648177,0.5448664005535228,-0.4152087054142957,600028.SS,-0.7189074473803626,-0.02839974419036895,-0.007100105323420089,-0.007100105323420089,-0.007100105323420089,-0.02358956177970974
2017-08-16,0.017388231972283574,0.54120958258412,0.5448664005535228,0.5393811735994186,0.5448664005535228,-0.31530757551534233,600028.SS,-0.008007390747784504,0.0,-0.02839974419036895,-0.035499510962133336,-0.035499510962133336,0.1925189079558265
2017-08-17,0.029019948839325273,0.5430379915688214,0.5448664005535228,0.5393811735994186,0.5421237652801163,-0.2170511957950422,600028.SS,0.7028926658847936,-0.021299977418604565,0.0,0.0,0.014199872095184475,0.18934627906711846
2017-08-18,0.017388231972283574,0.54120958258412,0.5439521742648177,0.5384669473107134,0.5402953562954149,-0.41812969591345384,600028.SS,1.4137927225173716,-0.014199872095184475,-0.007100105323420089,-0.007100105323420089,-0.014199872095184475,-0.38805355921827117
2017-08-21,0.07554635254141946,0.550351627507627,0.5512658537963321,0.5448664005535228,0.5448664005535228,-0.07930074863130361,600028.SS,-1.4298075040129405,0.03549984951378904,0.056799826932393604,0.04969972160897351,0.07099936047592238,0.6533969826836136
2017-08-22,0.05809854535782061,0.5476089922342204,0.550351627507627,0.5457805832495191,0.5494374448116307,-0.48325532687474854,600028.SS,-0.7189074473803626,0.03549984951378904,-0.007100105323420089,0.0070997667717643854,-0.021299977418604565,-0.7793898938428436
2017-08-23,0.034835807272846124,0.5439521742648177,0.5494374448116307,0.5439521742648177,0.5485232185229256,-0.3742399773879307,600028.SS,-0.008007390747784504,-0.007100105323420089,-0.0070997667717643854,-0.014199872095184475,-0.02839974419036895,0.21009971550811055
2017-08-24,0.040652129472439576,0.5448664005535228,0.5485232185229256,0.5430379915688214,0.5466948095382241,-0.3469274257809852,600028.SS,0.7028926658847936,-0.014199872095184475,-0.007100105323420089,-0.0070997667717643854,0.007100105323420089,0.05249969806703866
2017-08-25,0.08136244285797617,0.5512658537963321,0.5521800364923284,0.5448664005535228,0.5448664005535228,0.04366033892573857,600028.SS,1.4137927225173716,-0.014199872095184475,0.02839974419036895,0.014199872095184475,0.04969972160897351,0.7532367769197372
2017-08-28,0.10462541282598739,0.5549226717657348,0.559493672431134,0.5530942627810335,0.5558368544617311,0.3849409914188482,600028.SS,-1.4298075040129405,0.08519923257110686,0.0567994883807379,0.06389959370415799,0.02839974419036895,0.6581261816098936
2017-08-29,0.09881001815853915,0.5540084454770298,0.5567510807504362,0.5521800364923284,0.5540084454770298,-0.30284269089686605,600028.SS,-0.7189074473803626,-0.014199872095184475,-0.02129963886694886,-0.007100105323420089,-0.007100105323420089,-1.3268799787949181
2017-08-30,0.09881001815853915,0.5540084454770298,0.5558368544617311,0.5512658537963321,0.5540084454770298,-0.0672797815214202,600028.SS,-0.008007390747784504,0.0,-0.007100105323420089,-0.0070997667717643854,0.0,0.4542027103026879
2017-08-31,0.06973095787397121,0.5494374448116307,0.5558368544617311,0.5476089922342204,0.5549226717657348,-0.15047667577814333,600028.SS,0.7028926658847936,0.007100105323420089,0.0,-0.028400082742024654,-0.035499510962133336,-0.16066669338413986
2017-09-01,0.05809854535782061,0.5476089922342204,0.5512658537963321,0.5466948095382241,0.550351627507627,-0.2597893326604204,600028.SS,1.4137927225173716,-0.03549984951378904,-0.035499510962133336,-0.0070997667717643854,-0.014200210646840178,-0.2110425036633145
2017-09-04,0.034835807272846124,0.5439521742648177,0.5485232185229256,0.5421237652801163,0.5485232185229256,-0.009292391554184048,600028.SS,-1.4298075040129405,-0.014199872095184475,-0.021299977418604565,-0.03549984951378904,-0.02839974419036895,0.48300960213885996
2017-09-05,0.034835807272846124,0.5439521742648177,0.5457805832495191,0.54120958258412,0.5430379915688214,-0.23507288508238186,600028.SS,-0.7189074473803626,-0.04259961628555343,-0.021299977418604565,-0.0070997667717643854,0.0,-0.4357022896563092
2017-09-06,0.06391463567437733,0.5485232185229256,0.550351627507627,0.5430379915688214,0.5439521742648177,-0.07545959224011929,600028.SS,-0.008007390747784504,0.0070997667717643854,0.03549984951378904,0.014199872095184475,0.03549984951378904,0.30770025015595687
2017-09-07,0.040652129472439576,0.5448664005535228,0.550351627507627,0.5448664005535228,0.5494374448116307,-0.21659592365835934,600028.SS,0.7028926658847936,0.04259995483720913,0.0,0.014199872095184475,-0.02839974419036895,-0.2724285490871312
2017-09-08,0.040652129472439576,0.5448664005535228,0.5476089922342204,0.5439521742648177,0.5448664005535228,-0.4923603037456557,600028.SS,1.4137927225173716,-0.03549984951378904,-0.021299977418604565,-0.007100105323420089,0.0,-0.5321183439151699
2017-09-11,0.052282918807336064,0.5466948095382241,0.5476089922342204,0.5421237652801163,0.5430379915688214,-0.37471723203490376,600028.SS,-1.4298075040129405,-0.014199872095184475,0.0,-0.014199872095184475,0.014199872095184475,0.22674209751035176
2017-09-12,0.040652129472439576,0.5448664005535228,0.5476089922342204,0.5430379915688214,0.5466948095382241,-0.3615007989938384,600028.SS,-0.7189074473803626,0.02839974419036895,0.0,0.007100105323420089,-0.014199872095184475,0.0253090927330515
2017-09-13,0.040652129472439576,0.5448664005535228,0.5457805832495191,0.5421237652801163,0.5448664005535228,-0.5463211922737987,600028.SS,-0.008007390747784504,-0.014199872095184475,-0.014199872095184475,-0.007100105323420089,0.0,-0.35669260233811556
2017-09-14,0.034835807272846124,0.5439521742648177,0.5466948095382241,0.5421237652801163,0.5448664005535228,-0.4445348089986994,600028.SS,0.7028926658847936,0.0,0.007100105323420089,0.0,-0.007100105323420089,0.19615545373726082
2017-09-15,0.017388231972283574,0.54120958258412,0.5448664005535228,0.5402953562954149,0.5439521742648177,-0.4040013085877665,600028.SS,1.4137927225173716,-0.007100105323420089,-0.014199872095184475,-0.014199872095184475,-0.02129963886694886,0.07800215105719796
2017-09-18,0.02320385852276812,0.5421237652801163,0.5448664005535228,0.54120958258412,0.54120958258412,-0.46626011335895384,600028.SS,-1.4298075040129405,-0.02129963886694886,0.0,0.007100105323420089,0.0070997667717643854,-0.12027831803186699
2017-09-19,0.034835807272846124,0.5439521742648177,0.5448664005535228,0.54120958258412,0.5430379915688214,-0.5308581516502769,600028.SS,-0.7189074473803626,0.014199872095184475,0.0,0.0,0.014199872095184475,-0.12479056550855909
2017-09-20,0.023005598526728874,0.5329817203566093,0.5375527646147171,0.532067537660613,0.5375527646147171,-0.5907378636844502,600028.SS,-0.008007390747784504,-0.04259961628555343,-0.0567994883807379,-0.07099936047592238,-0.08519923257110686,-0.11568918440882232
2017-09-21,0.02892023913371489,0.5338959466453144,0.5348101293413107,0.5311533113719079,0.5338959466453144,-0.5994809583712638,600028.SS,0.7028926658847936,-0.02839974419036895,-0.021299977418604565,-0.007100105323420089,0.007100105323420089,-0.017049578484057474
2017-09-22,0.0525820479241672,0.5375527646147171,0.5375527646147171,0.5284107196912102,0.5329817203566093,-0.22690083874284714,600028.SS,1.4137927225173716,-0.007100105323420089,0.021299977418604565,-0.02129963886694886,0.02839974419036895,0.7185010609827315
2017-09-25,0.08215803355553293,0.5421237652801163,0.5430379915688214,0.5338959466453144,0.5375527646147171,-0.10382291901964263,600028.SS,-1.4298075040129405,0.03549984951378904,0.04259961628555343,0.04259961628555343,0.035499510962133336,0.23722560803604345
2017-09-26,0.09990334667470879,0.5448664005535228,0.5494374448116307,0.5430379915688214,0.5439521742648177,-0.20418675622476667,600028.SS,-0.7189074473803626,0.04969938305731781,0.04969972160897351,0.07099936047592238,0.021299977418604565,-0.19378074306522647
2017-09-27,0.0762424654164017,0.54120958258412,0.5448664005535228,0.5402953562954149,0.5439521742648177,-0.5944305713575149,600028.SS,-0.008007390747784504,0.0,-0.03549984951378904,-0.021299977418604565,-0.02839974419036895,-0.7529426171100043
2017-09-28,0.06441248855332075,0.5393811735994186,0.5430379915688214,0.536638538326012,0.54120958258412,-0.5305480050774315,600028.SS,0.7028926658847936,-0.02129963886694886,-0.014199872095184475,-0.02839974419036895,-0.014199872095184475,0.12304116176061704
2017-09-29,0.06441248855332075,0.5393811735994186,0.54120958258412,0.536638538326012,0.5393811735994186,-0.594153376809843,600028.SS,1.4137927225173716,-0.014199872095184475,-0.014199872095184475,0.0,0.0,-0.12287576857311445
2017-10-09,0.04666624790199967,0.536638538326012,0.5421237652801163,0.5348101293413107,0.5421237652801163,-0.4018355312981631,600028.SS,-1.4298075040129405,0.02129963886694886,0.0070997667717643854,-0.014199872095184475,-0.021299977418604565,0.37078545904538696
2017-10-10,0.034835807272846124,0.5348101293413107,0.5375527646147171,0.5329817203566093,0.536638538326012,-0.4338974791019226,600028.SS,-0.7189074473803626,-0.04259961628555343,-0.035499510962133336,-0.014199872095184475,-0.014199872095184475,-0.06203031051896186
2017-10-11,0.04075067976286844,0.5357243556300157,0.536638538326012,0.5329817203566093,0.5357243556300157,-0.4884980779351709,600028.SS,-0.008007390747784504,-0.0070997667717643854,-0.007100105323420089,0.0,0.007100105323420089,-0.10550607741458637
2017-10-12,0.017089566621525037,0.532067537660613,0.5357243556300157,0.5302391286759116,0.5357243556300157,-0.35275565451092544,600028.SS,0.7028926658847936,0.0,-0.0070997667717643854,-0.02129963886694886,-0.02839974419036895,0.2616547102939757
2017-10-13,0.011175157897575325,0.5311533113719079,0.5311533113719079,0.527496493402505,0.5311533113719079,-0.3659413157644866,600028.SS,1.4137927225173716,-0.03549984951378904,-0.03549984951378904,-0.021299977418604565,-0.007100105323420089,-0.025619034935621926
2017-10-16,0.011175157897575325,0.5311533113719079,0.532067537660613,0.5284107196912102,0.5311533113719079,-0.2743515189557736,600028.SS,-1.4298075040129405,0.0,0.007100105323420089,0.007100105323420089,0.0,0.17648682247074496
2017-10-17,0.017089566621525037,0.532067537660613,0.5338959466453144,0.5302391286759116,0.532067537660613,-0.5051230547948911,600028.SS,-0.7189074473803626,0.007100105323420089,0.014199872095184475,0.014199872095184475,0.007100105323420089,-0.4453297244034839
2017-10-18,0.06441248855332075,0.5393811735994186,0.54120958258412,0.5311533113719079,0.5311533113719079,0.17657288218169245,600028.SS,-0.008007390747784504,-0.007100105323420089,0.0567994883807379,0.0070997667717643854,0.0567994883807379,1.3147677675037304
2017-10-19,0.0762424654164017,0.54120958258412,0.54120958258412,0.5348101293413107,0.536638538326012,-0.04154630586840387,600028.SS,0.7028926658847936,0.04259961628555343,0.0,0.02839974419036895,0.014199872095184475,-0.4209240702035868
2017-10-20,0.04075067976286844,0.5357243556300157,0.5393811735994186,0.5348101293413107,0.5384669473107134,-0.5476581748853824,600028.SS,1.4137927225173716,0.014199872095184475,-0.014199872095184475,0.0,-0.04259961628555343,-0.9764454565092945
2017-10-23,0.034835807272846124,0.5348101293413107,0.536638538326012,0.532067537660613,0.5329817203566093,-0.545380031500512,600028.SS,-1.4298075040129405,-0.04259961628555343,-0.021299977418604565,-0.02129963886694886,-0.007100105323420089,0.004209758495729055
2017-10-24,0.0762424654164017,0.54120958258412,0.5430379915688214,0.5329817203566093,0.5329817203566093,-0.04633848690016533,600028.SS,-0.7189074473803626,0.0,0.04969972160897351,0.0070997667717643854,0.04969972160897351,0.9624379064565248
2017-10-25,0.07032666539423417,0.5402953562954149,0.5430379915688214,0.5375527646147171,0.5421237652801163,-0.4213368876401145,600028.SS,-0.008007390747784504,0.07099936047592238,0.0,0.03549984951378904,-0.007100105323420089,-0.723535085953799
2017-10-26,0.058496224765080616,0.5384669473107134,0.5402953562954149,0.5348101293413107,0.5393811735994186,-0.27499375113123153,600028.SS,0.7028926658847936,-0.02129963886694886,-0.021299977418604565,-0.021299977418604565,-0.014199872095184475,0.2821028786600464
2017-10-27,0.04666624790199967,0.536638538326012,0.54120958258412,0.5348101293413107,0.5393811735994186,-0.420302026339072,600028.SS,1.4137927225173716,0.0,0.007100105323420089,0.0,-0.014199872095184475,-0.28047598970196697
2017-10-30,0.11764912355995727,0.5476089922342204,0.5494374448116307,0.536638538326012,0.5384669473107134,0.6806752429098816,600028.SS,-1.4298075040129405,-0.007100105323420089,0.06389959370415799,0.014199872095184475,0.08519923257110686,2.1235374423929185
2017-10-31,0.10581845104776742,0.5457805832495191,0.5494374448116307,0.5430379915688214,0.5485232185229256,-0.13470083005835023,600028.SS,-0.7189074473803626,0.07809946579934246,0.0,0.04969972160897351,-0.014199872095184475,-1.5729983922885475
2017-11-01,0.18863246298398792,0.5585794897351377,0.5604078987198391,0.5457805832495191,0.5466948095382241,0.9936074265394368,600028.SS,-0.008007390747784504,-0.014199872095184475,0.08519923257110686,0.02129963886694886,0.09939944321794703,2.1762573515591996
2017-11-02,0.19454756735704654,0.559493672431134,0.5631504904005368,0.5549226717657348,0.5567510807504362,0.2091843616851905,600028.SS,0.7028926658847936,0.07809946579934246,0.02129963886694886,0.07099969902757808,0.0070997667717643854,-1.5132918125237984
2017-11-03,0.2122935761253309,0.5622363077045405,0.5649788993852382,0.5540084454770298,0.5604078987198391,0.5768259199943353,600028.SS,1.4137927225173716,0.02839974419036895,0.014199872095184475,-0.007100105323420089,0.021299977418604565,0.708974859062506
2017-11-06,0.2418697936397329,0.5668073083699395,0.5750351705974502,0.5631504904005368,0.5649788993852382,0.6746299966765451,600028.SS,-1.4298075040129405,0.035499510962133336,0.07809946579934246,0.07099936047592238,0.035499510962133336,0.1884738124130817
2017-11-07,0.2951068924124416,0.5750351705974502,0.5850914418096623,0.5695499436433461,0.5713783526280475,1.292894626878576,600028.SS,-0.7189074473803626,0.04969972160897351,0.07809946579934246,0.04969972160897351,0.06389959370415799,1.1924124098735331
2017-11-08,0.2536995386197767,0.568635717354641,0.5741209879014539,0.5640647166892419,0.5732067616127489,0.5034333930376338,600028.SS,-0.008007390747784504,0.014199872095184475,-0.08519923257110686,-0.04259961628555343,-0.04969972160897351,-1.5230101519292834
2017-11-09,0.2596158024080181,0.5695499436433461,0.5704641263393424,0.5631504904005368,0.5677215346586447,-0.14853935136956942,600028.SS,0.7028926658847936,-0.04259961628555343,-0.028400082742024654,-0.007100105323420089,0.007100105323420089,-1.257802730702869
2017-11-10,0.17680155858876132,0.5567510807504362,0.5713783526280475,0.5549226717657348,0.5677215346586447,0.4811599732004005,600028.SS,1.4137927225173716,0.0,0.007100105323420089,-0.06389925515250229,-0.09939910466629133,1.2144692803673707
2017-11-13,0.19454756735704654,0.559493672431134,0.5613220814158354,0.5530942627810335,0.5585794897351377,0.2986306556552468,600028.SS,-1.4298075040129405,-0.07099936047592238,-0.07809946579934246,-0.014199872095184475,0.02129963886694886,-0.35227324847100294
2017-11-14,0.16497158172568038,0.5549226717657348,0.5613220814158354,0.5530942627810335,0.5585794897351377,-0.15891935731783183,600028.SS,-0.7189074473803626,0.0,0.0,0.0,-0.035499510962133336,-0.8827724176649924
2017-11-15,0.09398870606772321,0.5439521742648177,0.5521800364923284,0.5421237652801163,0.550351627507627,0.7067990059517265,600028.SS,-0.008007390747784504,-0.06389959370415799,-0.07099936047592238,-0.08519957112276255,-0.08519957112276255,1.6697364876198124
2017-11-16,0.0762424654164017,0.54120958258412,0.5466948095382241,0.5384669473107134,0.5430379915688214,-0.13237835517420285,600028.SS,0.7028926658847936,-0.0567994883807379,-0.04259961628555343,-0.02839974419036895,-0.02129963886694886,-1.6189097138847592
2017-11-17,0.12356445981605306,0.5485232185229256,0.550351627507627,0.5384669473107134,0.54120958258412,0.6959077373757511,600028.SS,1.4137927225173716,-0.014199872095184475,0.02839974419036895,0.0,0.0567994883807379,1.5975317813998078
2017-11-20,0.12356445981605306,0.5485232185229256,0.5521800364923284,0.5430379915688214,0.5457805832495191,-0.0024946589612553955,600028.SS,-1.4298075040129405,0.035499510962133336,0.014199872095184475,0.03549984951378904,0.0,-1.347362869936761
2017-11-21,0.12356445981605306,0.5485232185229256,0.5512658537963321,0.5402953562954149,0.5485232185229256,0.28778568762510437,600028.SS,-0.7189074473803626,0.021299977418604565,-0.0070997667717643854,-0.021299977418604565,0.0,0.5597495126465916
2017-11-22,0.2536995386197767,0.568635717354641,0.5695499436433461,0.5466948095382241,0.5485232185229256,1.1321098693540044,600028.SS,-0.008007390747784504,0.0,0.14199872095184476,0.04969972160897351,0.15619859304702924,1.62846833681667
2017-11-23,0.22412448052055703,0.5640647166892419,0.5732067616127489,0.5576652634464326,0.5704641263393424,0.6705345164929555,600028.SS,0.7028926658847936,0.1703984651422137,0.02839974419036895,0.08519923257110686,-0.035499510962133336,-0.8905370677505756
2017-11-24,0.23003935301058023,0.5649788993852382,0.5695499436433461,0.559493672431134,0.5613220814158354,0.2567852174141628,600028.SS,1.4137927225173716,-0.07099936047592238,-0.02839974419036895,0.014199872095184475,0.0070997667717643854,-0.7982833493246358
2017-11-27,0.23003935301058023,0.5649788993852382,0.5713783526280475,0.5558368544617311,0.5668073083699395,0.39861371528314277,600028.SS,-1.4298075040129405,0.04259961628555343,0.014199872095184475,-0.02839974419036895,0.0,0.2733943993074178
2017-11-28,0.13539490044520575,0.550351627507627,0.5622363077045405,0.5485232185229256,0.5613220814158354,0.14811375538628727,600028.SS,-0.7189074473803626,-0.04259961628555343,-0.07099936047592238,-0.0567994883807379,-0.1135989767614758,-0.4833847244312165
2017-11-29,0.14722534107435972,0.5521800364923284,0.5549226717657348,0.5485232185229256,0.550351627507627,-0.0735876625386195,600028.SS,-0.008007390747784504,-0.08519923257110686,-0.0567994883807379,0.0,0.014199872095184475,-0.4278339864536781
2017-11-30,0.14131023670130066,0.5512658537963321,0.5521800364923284,0.5466948095382241,0.550351627507627,-0.3436818096947158,600028.SS,0.7028926658847936,0.0,-0.021299977418604565,-0.014199872095184475,-0.0070997667717643854,-0.521180789363293
2017-12-01,0.13539490044520575,0.550351627507627,0.5530942627810335,0.5448664005535228,0.5512658537963321,-0.3236430589305357,600028.SS,1.4137927225173716,0.007100105323420089,0.007100105323420089,-0.014199872095184475,-0.007100105323420089,0.03846895286088071
2017-12-04,0.14131023670130066,0.5512658537963321,0.5549226717657348,0.5494374448116307,0.5494374448116307,-0.2710380421956075,600028.SS,-1.4298075040129405,-0.014199872095184475,0.014199872095184475,0.03549984951378904,0.007100105323420089,0.10128741462918771
2017-12-05,0.2004629036131406,0.5604078987198391,0.5658931256739432,0.5457805832495191,0.5494374448116307,0.9336091990216984,600028.SS,-0.7189074473803626,0.0,0.08519923257110686,-0.028400082742024654,0.07099936047592238,2.3235108804427407
2017-12-06,0.17680155858876132,0.5567510807504362,0.5613220814158354,0.5540084454770298,0.5576652634464326,-0.06758753045397974,600028.SS,-0.008007390747784504,0.06389925515250229,-0.03549984951378904,0.06389959370415799,-0.02839974419036895,-1.931435795491596
2017-12-07,0.16497158172568038,0.5549226717657348,0.5567510807504362,0.5494374448116307,0.5521800364923284,-0.2685375021454558,600028.SS,0.7028926658847936,-0.04259961628555343,-0.035499510962133336,-0.035499510962133336,-0.014199872095184475,-0.3878056352444007
2017-12-08,0.14131023670130066,0.5512658537963321,0.5558368544617311,0.550351627507627,0.5530942627810335,-0.39173746548611776,600028.SS,1.4137927225173716,0.007100105323420089,-0.007100105323420089,0.0070997667717643854,-0.02839974419036895,-0.2378303224020182
2017-12-11,0.14131023670130066,0.5512658537963321,0.5530942627810335,0.5485232185229256,0.5521800364923284,-0.27935748129769555,600028.SS,-1.4298075040129405,-0.007100105323420089,-0.02129963886694886,-0.014199872095184475,0.0,0.21658990313222765
2017-12-12,0.14722534107435972,0.5521800364923284,0.5558368544617311,0.5512658537963321,0.5521800364923284,-0.0857005164172859,600028.SS,-0.7189074473803626,0.0,0.02129963886694886,0.021299977418604565,0.0070997667717643854,0.37336854360728633
2017-12-13,0.14131023670130066,0.5512658537963321,0.5530942627810335,0.5485232185229256,0.5512658537963321,-0.4771969060428459,600028.SS,-0.008007390747784504,-0.0070997667717643854,-0.02129963886694886,-0.021299977418604565,-0.0070997667717643854,-0.7553587615632658
2017-12-14,0.09990334667470879,0.5448664005535228,0.5540084454770298,0.5439521742648177,0.550351627507627,-0.36159053037096534,600028.SS,0.7028926658847936,-0.007100105323420089,0.0070997667717643854,-0.03549984951378904,-0.04969972160897351,0.2228134275066607
2017-12-15,0.08215803355553293,0.5421237652801163,0.5457805832495191,0.5393811735994186,0.5448664005535228,-0.361955729497838,600028.SS,1.4137927225173716,-0.04259961628555343,-0.06389959370415799,-0.035499510962133336,-0.021299977418604565,-0.0008890978074044913
2017-12-18,0.08807290604555568,0.5430379915688214,0.5439521742648177,0.5402953562954149,0.5402953562954149,-0.53404578956445,600028.SS,-1.4298075040129405,-0.03549984951378904,-0.014199872095184475,0.0070997667717643854,0.007100105323420089,-0.3321365187214418
2017-12-19,0.09990334667470879,0.5448664005535228,0.5448664005535228,0.54120958258412,0.5421237652801163,-0.5153136906410858,600028.SS,-0.7189074473803626,0.014199872095184475,0.007100105323420089,0.007100105323420089,0.014199872095184475,0.03594849630069316
2017-12-20,0.10581845104776742,0.5457805832495191,0.5466948095382241,0.5393811735994186,0.5448664005535228,-0.2604056193864626,600028.SS,-0.008007390747784504,0.021299977418604565,0.014199872095184475,-0.014199872095184475,0.0070997667717643854,0.4915184195399818
2017-12-21,0.10581845104776742,0.5457805832495191,0.5476089922342204,0.5421237652801163,0.5439521742648177,-0.499418907055501,600028.SS,0.7028926658847936,-0.007100105323420089,0.0070997667717643854,0.02129963886694886,0.0,-0.46122759162279614
2017-12-22,0.14131023670130066,0.5512658537963321,0.5558368544617311,0.5439521742648177,0.5448664005535228,-0.26227177238986416,600028.SS,1.4137927225173716,0.007100105323420089,0.06389959370415799,0.014199872095184475,0.04259995483720913,0.4572585901482201
2017-12-25,0.14131023670130066,0.5512658537963321,0.5530942627810335,0.5476089922342204,0.5494374448116307,-0.2882198057909574,600028.SS,-1.4298075040129405,0.03549984951378904,-0.02129963886694886,0.02839974419036895,0.0,-0.050236919821251065
2017-12-26,0.15905624546958588,0.5540084454770298,0.5576652634464326,0.5494374448116307,0.5512658537963321,-0.2878832665404563,600028.SS,-0.7189074473803626,0.014199872095184475,0.035499510962133336,0.014200210646840178,0.02129963886694886,0.00046451532926896467
2017-12-27,0.18271689484485582,0.5576652634464326,0.5649788993852382,0.5558368544617311,0.5567510807504362,0.07071611940796624,600028.SS,-0.008007390747784504,0.04259961628555343,0.0567994883807379,0.04969938305731781,0.02839974419036895,0.6915330264847495
2017-12-28,0.23003935301058023,0.5649788993852382,0.5668073083699395,0.5540084454770298,0.5576652634464326,-0.00849920121326052,600028.SS,0.7028926658847936,0.0070997667717643854,0.014199872095184475,-0.014199872095184475,0.0567994883807379,-0.15298646589279066
2017-12-29,0.2004629036131406,0.5604078987198391,0.5668073083699395,0.5576652634464326,0.5649788993852382,-0.41485074268880423,600028.SS,1.4137927225173716,0.0567994883807379,0.0,0.02839974419036895,-0.035499510962133336,-0.7840134986273432
2018-01-02,0.3424291186951288,0.5823488065362559,0.5914908514597629,0.5631504904005368,0.5631504904005368,1.4309700474736122,600028.SS,-0.7189074473803626,-0.014199872095184475,0.19169844256081828,0.04259961628555343,0.1703984651422137,3.5602979320327703
2018-01-03,0.40158155372393245,0.5914908514597629,0.5960618957178708,0.5796062148555582,0.5814346238402596,0.658179500945407,600028.SS,-0.008007390747784504,0.14199905950350045,0.03549984951378904,0.12779918740831597,0.07099936047592238,-1.4908533509454922
2018-01-04,0.6559373026074339,0.6308017100199061,0.6472573908822188,0.5997187136872736,0.5997187136872736,2.3162926979068286,600028.SS,0.7028926658847936,0.14199872095184476,0.39759675721682103,0.15619859304702924,0.30529775787394975,3.1982207360254327
2018-01-05,0.7505817551728075,0.6454289818975174,0.6563994358057258,0.6262306657617983,0.6308017100199061,1.7979090723329572,600028.SS,1.4137927225173716,0.2413981641697918,0.07099936047592238,0.20589831465600275,0.1135989767614758,-1.000116972021438
2018-01-08,0.7446659551506399,0.6445147992015211,0.6527426178363229,0.6381153459587118,0.6417721639281145,1.2281981486824551,600028.SS,-1.4298075040129405,0.08519923257110686,-0.02839974419036895,0.09229933789452693,-0.0070997667717643854,-1.0991243901513972
2018-01-09,0.7150902014023105,0.6399437549434132,0.6500000261556252,0.6335443017006038,0.6463432081862225,0.8335068288378108,600028.SS,-0.7189074473803626,0.03549984951378904,-0.02129963886694886,-0.03549984951378904,-0.03549984951378904,-0.7615215989607196
2018-01-10,0.803818390179444,0.6536568441250281,0.6719409339720421,0.6490857998669202,0.6554852531097295,2.0637503957145733,600028.SS,-0.008007390747784504,0.07099936047592238,0.1703984651422137,0.1206990820848959,0.10649920998971142,2.372884726565965
2018-01-11,0.7624119639189247,0.6472573908822188,0.6563994358057258,0.6408579812321182,0.6536568441250281,0.16374525198015946,600028.SS,0.7028926658847936,-0.014199872095184475,-0.1206990820848959,-0.06389925515250229,-0.04969972160897351,-3.6651857457886514
2018-01-12,0.803818390179444,0.6536568441250281,0.6609704800638336,0.6390295286547081,0.6490857998669202,0.3513889660808932,600028.SS,1.4137927225173716,-0.03549984951378904,0.03549984951378904,-0.014200210646840178,0.04969972160897351,0.3617693272726408
2018-01-15,0.8866321702326277,0.6664557070179379,0.6801687961995527,0.6490857998669202,0.6582278447904272,1.2097528721369266,600028.SS,-1.4298075040129405,0.07099936047592238,0.14909882627526483,0.07809946579934246,0.09939910466629133,1.6555501608941923
2018-01-16,0.7801579726872095,0.6500000261556252,0.6746835692454486,0.6481716171709239,0.6655415243219416,1.90859680697675,600028.SS,-0.7189074473803626,0.056799826932393604,-0.04259961628555343,-0.0070997667717643854,-0.12779884885666026,1.3478452732006538
2018-01-17,0.7328357464045228,0.6426863902168197,0.6627988890485351,0.6362869369740104,0.6445147992015211,1.791653603980869,600028.SS,-0.008007390747784504,-0.1632986983704493,-0.09229933789452693,-0.09229933789452693,-0.0567994883807379,-0.22576139006371684
2018-01-18,0.7150902014023105,0.6399437549434132,0.6445147992015211,0.6298874837312011,0.6445147992015211,1.6671232608566646,600028.SS,0.7028926658847936,0.0,-0.14199872095184476,-0.04969972160897351,-0.021299977418604565,-0.2403965488046659
2018-01-19,0.7387506188945451,0.643600572912816,0.6500000261556252,0.634458527989309,0.6390295286547081,1.73014936642289,600028.SS,1.4137927225173716,-0.04259995483720913,0.04259961628555343,0.03549984951378904,0.02839974419036895,0.12138909809885463
2018-01-22,0.6618521750974562,0.6317158927159024,0.6509142088516215,0.6280590747464997,0.6454289818975174,1.608162596643918,600028.SS,-1.4298075040129405,0.04969972160897351,0.0070997667717643854,-0.04969972160897351,-0.09229933789452693,-0.23549014150927972
2018-01-23,0.7387506188945451,0.643600572912816,0.6445147992015211,0.6289733010352048,0.6381153459587118,2.9616810562260305,600028.SS,-0.7189074473803626,-0.0567994883807379,-0.04969938305731781,0.007100105323420089,0.09229933789452693,2.6106749338116777
2018-01-24,0.9043791065330578,0.6691983422913443,0.6701125249873406,0.6417721639281145,0.6509142088516215,3.458190910087018,600028.SS,-0.008007390747784504,0.09939910466629133,0.19879820933258266,0.09939910466629133,0.19879854788423837,0.9575544200272711
2018-01-25,0.8629717527403933,0.6627988890485351,0.686568249442362,0.6600562537751286,0.6783403872148513,2.201539534332564,600028.SS,0.7028926658847936,0.21299841997942284,0.12779918740831597,0.14199872095184476,-0.04969972160897351,-2.424193176556217
2018-01-26,0.9398697327714095,0.6746835692454486,0.6755977519414449,0.6527426178363229,0.6563994358057258,1.1266919911686535,600028.SS,1.4137927225173716,-0.1703988036938694,-0.08519957112276255,-0.0567994883807379,0.09229933789452693,-2.0735039966183293
2018-01-29,0.9753617503079791,0.6801687961995527,0.6966244770618654,0.6728551602607472,0.6755977519414449,1.9379558191058042,600028.SS,-1.4298075040129405,0.14909882627526483,0.1632986983704493,0.15619893159868492,0.04259961628555343,1.5646968079413865
2018-01-30,0.8393104077160136,0.6591420710791323,0.6783403872148513,0.6563994358057258,0.6701125249873406,0.6533927114985373,600028.SS,-0.7189074473803626,-0.04259961628555343,-0.14199872095184476,-0.12779918740831597,-0.1632986983704493,-2.478033308607527
2018-01-31,0.7624119639189247,0.6472573908822188,0.6536568441250281,0.6417721639281145,0.6518284351403266,0.7573844393394616,600028.SS,-0.008007390747784504,-0.14199872095184476,-0.19169844256081828,-0.1135989767614758,-0.09229933789452693,0.20040943708980935
2018-02-01,0.8097346539676842,0.6545710268210244,0.6554852531097295,0.6372011196700067,0.6490857998669202,1.0826149709716721,600028.SS,0.7028926658847936,-0.021299977418604565,0.014199872095184475,-0.03549984951378904,0.0567994883807379,0.6271664177676792
2018-02-02,1.0345141853367832,0.6893108411230597,0.6911392501077612,0.6463432081862225,0.6573136620944309,1.8865512561392332,600028.SS,1.4137927225173716,0.06389959370415799,0.2768976751319251,0.07099969902757808,0.2697979083601607,1.5505623976365466
2018-02-05,1.0877512841094923,0.6975387033505704,0.7011955213199733,0.6710267512760457,0.6728551602607472,1.2296643926783675,600028.SS,-1.4298075040129405,0.1206990820848959,0.07809946579934246,0.19169844256081828,0.06389959370415799,-1.267281784892707
2018-02-06,0.9576152777736217,0.6774261609261463,0.6883966584270634,0.6600562537751286,0.6774261609261463,2.127271918363513,600028.SS,-0.7189074473803626,0.035499510962133336,-0.09939910466629133,-0.08519957112276255,-0.15619893159868492,1.7312488554124923
2018-02-07,0.803818390179444,0.6536568441250281,0.7057665219853724,0.643600572912816,0.6819972051842542,2.3399354684995064,600028.SS,-0.008007390747784504,0.03549984951378904,0.13489861562842467,-0.12779884885666026,-0.18459833723739819,0.4100311579302301
2018-02-08,0.5494631050620157,0.6143459855648847,0.6335443017006038,0.601547122671975,0.6326301190046075,1.8344677944930383,600028.SS,0.7028926658847936,-0.38339688512163655,-0.5608954555872703,-0.3265973967408986,-0.30529775787394975,-0.975202841231404
2018-02-09,0.3483444549512238,0.583263032824961,0.5933192604444643,0.5585794897351377,0.5887482597790652,2.1855252724803975,600028.SS,1.4137927225173716,-0.34079726883608313,-0.31239752464571413,-0.33369716351266304,-0.24139782561813608,0.6769851180036943
2018-02-12,0.3010222286685365,0.5759493968861554,0.5841772155209572,0.5677215346586447,0.5741209879014539,0.692206383290049,600028.SS,-1.4298075040129405,-0.1135989767614758,-0.07099936047592238,0.07099936047592238,-0.0567994883807379,-2.8807112544324798
2018-02-13,0.3246831099268449,0.5796062148555582,0.5905766687637666,0.5768635795821517,0.5805203975515545,0.658731554515498,600028.SS,-0.7189074473803626,0.04969938305731781,0.04969972160897351,0.07099936047592238,0.02839974419036895,-0.0647556769864147
2018-02-14,0.30693779680766775,0.5768635795821517,0.5823488065362559,0.5704641263393424,0.5805203975515545,-0.02420806208112665,600028.SS,-0.008007390747784504,0.0,-0.06389959370415799,-0.04969972160897351,-0.021299977418604565,-1.317536053475045
2018-02-22,0.4074964262139552,0.592405077748468,0.5951477130218745,0.5823488065362559,0.5878340334903601,0.7607111403902205,600028.SS,0.7028926658847936,0.0567994883807379,0.09939944321794703,0.09229933789452693,0.1206990820848959,1.5138795343518863
2018-02-23,0.4666488612427593,0.601547122671975,0.6079465759147843,0.5942334867331693,0.5997187136872736,0.3492885027488206,600028.SS,1.4137927225173716,0.09229933789452693,0.09939910466629133,0.09229933789452693,0.07099936047592238,-0.7937953526754672
2018-02-26,0.4962250787571613,0.6061181669300829,0.6170886208382913,0.601547122671975,0.6079465759147843,0.3206756163999473,600028.SS,-1.4298075040129405,0.06389959370415799,0.07099936047592238,0.0567994883807379,0.03549984951378904,-0.05537726852345254
2018-02-27,0.454818652496642,0.5997187136872736,0.6088607586107806,0.5942334867331693,0.6079465759147843,0.21664429643678784,600028.SS,-0.7189074473803626,0.0,-0.06389959370415799,-0.0567994883807379,-0.04969972160897351,-0.20085510724405217
2018-02-28,0.3660897680703996,0.5860056245056586,0.5905766687637666,0.5777778058708568,0.5896624424750615,0.18664617030694833,600028.SS,-0.008007390747784504,-0.14199905950350045,-0.14199872095184476,-0.12779884885666026,-0.10649920998971142,-0.05804931671892956
2018-03-01,0.3542590955582098,0.5841772155209572,0.5850914418096623,0.5732067616127489,0.5777778058708568,0.007568373972000176,600028.SS,0.7028926658847936,-0.09229899934287124,-0.04259961628555343,-0.03549984951378904,-0.014199872095184475,-0.3456154617483695
2018-03-02,0.31876870120289436,0.5786919885668531,0.5841772155209572,0.5750351705974502,0.5768635795821517,-0.3400414463602258,600028.SS,1.4137927225173716,-0.007100105323420089,-0.007100105323420089,0.014199872095184475,-0.04259961628555343,-0.6707040830756621
2018-03-05,0.3542590955582098,0.5841772155209572,0.5869198507943638,0.5759493968861554,0.5786919885668531,-0.12717856908232453,600028.SS,-1.4298075040129405,0.014199872095184475,0.021299977418604565,0.007100105323420089,0.04259961628555343,0.41041564857016366
2018-03-06,0.40158155372393245,0.5914908514597629,0.5933192604444643,0.583263032824961,0.5896624424750615,0.13290668460355365,600028.SS,-0.7189074473803626,0.08519923257110686,0.04969938305731781,0.0567994883807379,0.0567994883807379,0.5015049079177856
2018-03-07,0.3838357768386844,0.5887482597790652,0.5942334867331693,0.5850914418096623,0.5887482597790652,-0.2399096771310702,600028.SS,-0.008007390747784504,-0.0070997667717643854,0.007100105323420089,0.014199872095184475,-0.02129963886694886,-0.7193260576925883
2018-03-08,0.38975134497781566,0.5896624424750615,0.5914908514597629,0.5805203975515545,0.5860056245056586,-0.36332801208285465,600028.SS,0.7028926658847936,-0.021299977418604565,-0.021299977418604565,-0.03549984951378904,0.0070997667717643854,-0.23825154873226137
2018-03-09,0.3542590955582098,0.5841772155209572,0.5896624424750615,0.5823488065362559,0.5878340334903601,-0.07817096934785235,600028.SS,1.4137927225173716,0.014199872095184475,-0.014199872095184475,0.014199872095184475,-0.04259961628555343,0.5498669529634211
2018-03-12,0.38975134497781566,0.5896624424750615,0.5951477130218745,0.5869198507943638,0.5905766687637666,0.1899108246509288,600028.SS,-1.4298075040129405,0.021299977418604565,0.04259995483720913,0.03549984951378904,0.04259961628555343,0.5169297761656845
2018-03-13,0.3424291186951288,0.5823488065362559,0.5887482597790652,0.5805203975515545,0.5860056245056586,-0.16263047588677104,600028.SS,-0.7189074473803626,-0.03549984951378904,-0.04969972160897351,-0.04969972160897351,-0.0567994883807379,-0.6802166259329544
2018-03-14,0.37200487244345826,0.5869198507943638,0.5896624424750615,0.5741209879014539,0.5805203975515545,0.08926123965804539,600028.SS,-0.008007390747784504,-0.04259961628555343,0.0070997667717643854,-0.04969938305731781,0.03549984951378904,0.48570004214276014
2018-03-15,0.37200487244345826,0.5869198507943638,0.5896624424750615,0.5823488065362559,0.5841772155209572,-0.36506505277800744,600028.SS,0.7028926658847936,0.02839974419036895,0.0,0.06389925515250229,0.0,-0.8765540453932447
2018-03-16,0.37200487244345826,0.5869198507943638,0.5933192604444643,0.5814346238402596,0.5841772155209572,-0.10081550787463325,600028.SS,1.4137927225173716,0.0,0.02839974419036895,-0.0070997667717643854,0.0,0.5095375871593463
2018-03-19,0.4725646612649268,0.60246134896068,0.6052039406413778,0.5869198507943638,0.5869198507943638,0.14437174079977713,600028.SS,-1.4298075040129405,0.021299977418604565,0.09229933789452693,0.04259961628555343,0.1206990820848959,0.4727675095596944
2018-03-20,0.6145308763469146,0.6244022567770969,0.6271448920505034,0.5988045309912773,0.5997187136872736,0.8383042834359007,600028.SS,-0.7189074473803626,0.09939910466629133,0.1703988036938694,0.09229933789452693,0.1703984651422137,1.3383714789482086
2018-03-21,0.6263610850930319,0.6262306657617983,0.6390295286547081,0.6180028471269964,0.6298874837312011,0.6972080472716655,600028.SS,-0.008007390747784504,0.2342980588463717,0.09229899934287124,0.14909882627526483,0.014199872095184475,-0.27235120763868087
2018-03-22,0.6204471401351548,0.625316483065802,0.6372011196700067,0.6198312561116978,0.6326301190046075,0.007595480972538876,600028.SS,0.7028926658847936,0.021299977418604565,-0.014199872095184475,0.014199872095184475,-0.0070997667717643854,-1.330407791246424
2018-03-23,0.6145308763469146,0.6244022567770969,0.6280590747464997,0.5988045309912773,0.6042897579453814,1.0819438304597093,600028.SS,1.4137927225173716,-0.22009818675118722,-0.07099936047592238,-0.1632986983704493,-0.007100105323420089,2.0721717813899216
2018-03-26,0.5021413425454023,0.6070323496260792,0.6216596650963991,0.592405077748468,0.6216596650963991,0.7661576846634462,600028.SS,-1.4298075040129405,0.13489895418008035,-0.04969938305731781,-0.04969972160897351,-0.13489895418008035,-0.6093180376518453
2018-03-27,0.5021413425454023,0.6070323496260792,0.6207454388076941,0.60246134896068,0.6170886208382913,0.32930398462022786,600028.SS,-0.7189074473803626,-0.03549984951378904,-0.007100105323420089,0.07809946579934246,0.0,-0.8428504154404469
2018-03-28,0.37792136811473426,0.5878340334903601,0.60246134896068,0.5796062148555582,0.5978903047025722,0.371169194076416,600028.SS,-0.008007390747784504,-0.14909882627526483,-0.14199872095184476,-0.1774985704656338,-0.14909882627526483,0.08057094152955416
2018-03-29,0.4903106700332116,0.6052039406413778,0.6097749848994857,0.583263032824961,0.5878340334903601,0.32896925291719625,600028.SS,0.7028926658847936,-0.07809946579934246,0.0567994883807379,0.02839974419036895,0.13489895418008035,-0.08158591903052312
2018-03-30,0.4074964262139552,0.592405077748468,0.6042897579453814,0.5887482597790652,0.6033755316566763,0.0039912747989415695,600028.SS,1.4137927225173716,0.1206990820848959,-0.04259961628555343,0.04259961628555343,-0.09939910466629133,-0.627048555722857
2018-04-02,0.37792136811473426,0.5878340334903601,0.5988045309912773,0.5860056245056586,0.592405077748468,-0.003875109673152982,600028.SS,-1.4298075040129405,-0.08519923257110686,-0.04259961628555343,-0.021299977418604565,-0.03549984951378904,-0.015358454694959969
2018-04-03,0.3483444549512238,0.583263032824961,0.5869198507943638,0.5722925789167526,0.5814346238402596,-0.08166000182667685,600028.SS,-0.7189074473803626,-0.08519923257110686,-0.09229933789452693,-0.10649887143805571,-0.035499510962133336,-0.15022725130885878
2018-04-04,0.37792136811473426,0.5878340334903601,0.5960618957178708,0.5850914418096623,0.5878340334903601,-0.17109647540996603,600028.SS,-0.008007390747784504,0.04969938305731781,0.07099936047592238,0.09939910466629133,0.035499510962133336,-0.17270248452237716
2018-04-09,0.4725646612649268,0.60246134896068,0.6079465759147843,0.5914908514597629,0.5942334867331693,0.3734589157034964,600028.SS,-1.4298075040129405,0.04969972160897351,0.09229933789452693,0.04969938305731781,0.1135993153131315,1.0502315094959673
2018-04-10,0.579038858810345,0.6189170298229927,0.6198312561116978,0.6006329399759787,0.6097749848994857,0.3776130945935687,600028.SS,-0.7189074473803626,0.1206990820848959,0.09229933789452693,0.07099969902757808,0.12779884885666026,0.007828523532081997
2018-04-11,0.6500215025852664,0.6298874837312011,0.643600572912816,0.6271448920505034,0.6317158927159024,0.773383843275659,600028.SS,-0.008007390747784504,0.1703984651422137,0.18459833723739819,0.20589831465600275,0.08519923257110686,0.7632344561438388
2018-04-12,0.6795991113978862,0.634458527989309,0.6390295286547081,0.625316483065802,0.634458527989309,0.25755943782391194,600028.SS,0.7028926658847936,0.021299977418604565,-0.03549984951378904,-0.014199872095184475,0.03549984951378904,-0.9951803829896233
2018-04-13,0.6145308763469146,0.6244022567770969,0.6335443017006038,0.6234880740811005,0.6308017100199061,-0.20801712944616751,600028.SS,1.4137927225173716,-0.02839974419036895,-0.04259961628555343,-0.014199872095184475,-0.07809946579934246,-0.8982551811691131
2018-04-16,0.5435477688059207,0.6134318028688884,0.6280590747464997,0.6052039406413778,0.6262306657617983,0.22757995862707361,600028.SS,-1.4298075040129405,-0.03549984951378904,-0.04259961628555343,-0.14199905950350045,-0.08519923257110686,0.8400571837068281
2018-04-17,0.4903106700332116,0.6052039406413778,0.6134318028688884,0.601547122671975,0.6097749848994857,-0.1044869287257808,600028.SS,-0.7189074473803626,-0.12779884885666026,-0.1135989767614758,-0.02839974419036895,-0.06389959370415799,-0.6407226556068504
2018-04-18,0.6263610850930319,0.6262306657617983,0.6271448920505034,0.6088607586107806,0.611603393884187,0.2070069813073638,600028.SS,-0.008007390747784504,0.014199872095184475,0.10649920998971142,0.0567994883807379,0.1632986983704493,0.6006692614918657
2018-04-19,0.6559373026074339,0.6308017100199061,0.6399437549434132,0.625316483065802,0.6362869369740104,0.194484975704251,600028.SS,0.7028926658847936,0.19169844256081828,0.09939910466629133,0.12779918740831597,0.03549984951378904,-0.024338881197933593
2018-04-20,0.6145308763469146,0.6244022567770969,0.6298874837312011,0.6180028471269964,0.6262306657617983,-0.11049206728210575,600028.SS,1.4137927225173716,-0.07809946579934246,-0.07809946579934246,-0.0567994883807379,-0.04969972160897351,-0.5884678974416135
2018-04-23,0.6145308763469146,0.6244022567770969,0.6262306657617983,0.611603393884187,0.6198312561116978,-0.1469581821390175,600028.SS,-1.4298075040129405,-0.04969938305731781,-0.02839974419036895,-0.04969972160897351,0.0,-0.07052569650819944
2018-04-24,0.6795991113978862,0.634458527989309,0.6426863902168197,0.6225738477923954,0.6225738477923954,0.19687009359949662,600028.SS,-0.7189074473803626,0.02129963886694886,0.12779918740831597,0.08519923257110686,0.07809946579934246,0.6630404009307468
2018-04-25,0.5672086500642278,0.6170886208382913,0.6298874837312011,0.6152602118535899,0.6289733010352048,0.07522383843315798,600028.SS,-0.008007390747784504,0.04969972160897351,-0.09939944321794703,-0.0567994883807379,-0.13489895418008035,-0.23483330832507415
2018-04-26,0.5672086500642278,0.6170886208382913,0.6198312561116978,0.610689167595482,0.6180028471269964,-0.19021144518718103,600028.SS,0.7028926658847936,-0.08519923257110686,-0.07809912724768676,-0.03549984951378904,0.0,-0.5121941084472922
2018-04-27,0.6618521750974562,0.6317158927159024,0.6353727106853053,0.6152602118535899,0.6207454388076941,0.11208953308788229,600028.SS,1.4137927225173716,0.02129963886694886,0.12069874353324019,0.03549984951378904,0.1135989767614758,0.5829366226716092
2018-05-02,0.6381917576052217,0.6280590747464997,0.6326301190046075,0.6225738477923954,0.6298874837312011,-0.2897312384736065,600028.SS,-0.008007390747784504,0.07099936047592238,-0.02129963886694886,0.0567994883807379,-0.02839974419036895,-0.7752739029708222
2018-05-03,0.7150902014023105,0.6399437549434132,0.643600572912816,0.6234880740811005,0.6271448920505034,0.06413964677520921,600028.SS,0.7028926658847936,-0.02129963886694886,0.08519923257110686,0.007100105323420089,0.09229933789452693,0.6824120194682719
2018-05-04,0.7210050738923328,0.6408579812321182,0.6426863902168197,0.6317158927159024,0.6417721639281145,-0.23414698597278066,600028.SS,1.4137927225173716,0.1135989767614758,-0.0070997667717643854,0.06389925515250229,0.007100105323420089,-0.5755624792966334
2018-05-07,0.8215648627138014,0.6563994358057258,0.6573136620944309,0.6381153459587118,0.643600572912816,0.19194777536143673,600028.SS,-1.4298075040129405,0.014199872095184475,0.1135989767614758,0.04969972160897351,0.12069874353324019,0.8217277396894669
2018-05-08,0.7564975551949751,0.6463432081862225,0.6609704800638336,0.643600572912816,0.6554852531097295,0.27050806189883936,600028.SS,-0.7189074473803626,0.09229933789452693,0.02839974419036895,0.04259961628555343,-0.07809912724768676,0.15135364344514632
2018-05-09,0.8274801989698963,0.6573136620944309,0.6646272980332365,0.6509142088516215,0.6518284351403266,0.1167143700083896,600028.SS,-0.008007390747784504,-0.02839974419036895,0.02839974419036895,0.0567994883807379,0.08519923257110686,-0.2968438724657888
2018-05-10,0.8748019614865106,0.6646272980332365,0.6691983422913443,0.6582278447904272,0.6646272980332365,-0.031155522961861293,600028.SS,0.7028926658847936,0.09939910466629133,0.03549984951378904,0.0567994883807379,0.0567994883807379,-0.28541720364456435
2018-05-11,0.8629717527403933,0.6627988890485351,0.6664557070179379,0.6573136620944309,0.6664557070179379,-0.340817635816531,600028.SS,1.4137927225173716,0.014199872095184475,-0.021299977418604565,-0.0070997667717643854,-0.014199872095184475,-0.5975051288721012
2018-05-14,0.7979035176894217,0.6527426178363229,0.6609704800638336,0.6481716171709239,0.6609704800638336,0.16577884226736506,600028.SS,-1.4298075040129405,-0.04259961628555343,-0.04259961628555343,-0.07099936047592238,-0.07809946579934246,0.9770109404243964
2018-05-15,0.8097346539676842,0.6545710268210244,0.6554852531097295,0.6472573908822188,0.6554852531097295,-0.22572826841294513,600028.SS,-0.7189074473803626,-0.04259961628555343,-0.04259961628555343,-0.007100105323420089,0.014199872095184475,-0.7553794418638119
2018-05-16,0.774242172665042,0.6490857998669202,0.6500000261556252,0.643600572912816,0.6500000261556252,-0.0903285833195256,600028.SS,-0.008007390747784504,-0.04259961628555343,-0.04259961628555343,-0.02839974419036895,-0.04259961628555343,0.2609935876847438
2018-05-17,0.7801579726872095,0.6500000261556252,0.6554852531097295,0.6472573908822188,0.6509142088516215,-0.22890683132075088,600028.SS,0.7028926658847936,0.0070997667717643854,0.04259961628555343,0.02839974419036895,0.007100105323420089,-0.2674941526943662
2018-05-18,0.9694459502858115,0.6792545699108476,0.681082978895549,0.6472573908822188,0.6500000261556252,0.6911268364340396,600028.SS,1.4137927225173716,-0.0070997667717643854,0.19879820933258266,0.0,0.2271979535229516,1.7745075989687238
2018-05-21,0.8748019614865106,0.6646272980332365,0.681082978895549,0.6591420710791323,0.6728551602607472,0.8118713738732466,600028.SS,-1.4298075040129405,0.1774985704656338,0.0,0.09229933789452693,-0.1135989767614758,0.2327246472587224
2018-05-22,0.8748019614865106,0.6646272980332365,0.6691983422913443,0.6600562537751286,0.6646272980332365,-0.1656279051459267,600028.SS,-0.7189074473803626,-0.06389959370415799,-0.09229899934287124,0.0070997667717643854,0.0,-1.885724770873501
2018-05-23,0.7210050738923328,0.6408579812321182,0.6627988890485351,0.6390295286547081,0.6618846627598299,0.3418109583852784,600028.SS,-0.008007390747784504,-0.021299977418604565,-0.04969972160897351,-0.1632986983704493,-0.18459833723739819,0.9786358537031706
2018-05-24,0.7150902014023105,0.6399437549434132,0.6490857998669202,0.6353727106853053,0.6390295286547081,-0.19700266812461825,600028.SS,0.7028926658847936,-0.1774985704656338,-0.10649920998971142,-0.02839974419036895,-0.007100105323420089,-1.0395252736633562
2018-05-25,0.6914283926118582,0.6362869369740104,0.6390295286547081,0.625316483065802,0.6362869369740104,-0.08085840732174578,600028.SS,1.4137927225173716,-0.02129963886694886,-0.07809946579934246,-0.07809912724768676,-0.02839974419036895,0.22385097711604196
2018-05-28,0.6677684388856964,0.6326301190046075,0.6335443017006038,0.6161743945495862,0.6244022567770969,0.010720730547250291,600028.SS,-1.4298075040129405,-0.09229933789452693,-0.04259961628555343,-0.07099969902757808,-0.02839974419036895,0.17646626198654036
2018-05-29,0.6855135201218359,0.6353727106853053,0.6390295286547081,0.6317158927159024,0.634458527989309,-0.36473536481568103,600028.SS,-0.7189074473803626,0.07809946579934246,0.04259961628555343,0.1206990820848959,0.02129963886694886,-0.7244179526662796
2018-05-30,0.6145308763469146,0.6244022567770969,0.634458527989309,0.6225738477923954,0.625316483065802,-0.24953514692364107,600028.SS,-0.008007390747784504,-0.07099936047592238,-0.035499510962133336,-0.07099936047592238,-0.08519923257110686,0.22202997241273817
2018-05-31,0.7446659551506399,0.6445147992015211,0.6463432081862225,0.6289733010352048,0.6298874837312011,0.14264083706991587,600028.SS,0.7028926658847936,0.035499510962133336,0.09229933789452693,0.04969972160897351,0.15619893159868492,0.756300360956029
2018-06-01,0.7150902014023105,0.6399437549434132,0.6454289818975174,0.634458527989309,0.6399437549434132,-0.28768520654522783,600028.SS,1.4137927225173716,0.07809946579934246,-0.007100105323420089,0.04259961628555343,-0.03549984951378904,-0.8302589400735142
2018-06-04,0.7446659551506399,0.6445147992015211,0.6490857998669202,0.6362869369740104,0.6381153459587118,-0.09618349045627471,600028.SS,-1.4298075040129405,-0.014199872095184475,0.02839974419036895,0.014199872095184475,0.03549984951378904,0.36921119213417264
2018-06-05,0.7007686413141516,0.601547122671975,0.6088607586107806,0.5951477130218745,0.6079465759147843,-0.089931438431019,600028.SS,-0.7189074473803626,-0.2342980588463717,-0.31239752464571413,-0.31949729141747857,-0.3336975020643187,0.011875200650534852
2018-06-06,0.6631428360775199,0.5960618957178708,0.5997187136872736,0.5905766687637666,0.5988045309912773,-0.25943276752317856,600028.SS,-0.008007390747784504,-0.07099936047592238,-0.07099936047592238,-0.03549984951378904,-0.04259961628555343,-0.3271430049457715
2018-06-07,0.6631428360775199,0.5960618957178708,0.5978903047025722,0.5905766687637666,0.5951477130218745,-0.36367362633972306,600028.SS,0.7028926658847936,-0.02839974419036895,-0.014199872095184475,0.0,0.0,-0.2012592956905314
2018-06-08,0.6506012101760243,0.5942334867331693,0.601547122671975,0.5914908514597629,0.5969761220065759,-0.33004120551414845,600028.SS,1.4137927225173716,0.014199872095184475,0.02839974419036895,0.0070997667717643854,-0.014199872095184475,0.06469036380832303
2018-06-11,0.550264029069407,0.5796062148555582,0.5896624424750615,0.5768635795821517,0.5896624424750615,-0.23721148704490994,600028.SS,-1.4298075040129405,-0.056799826932393604,-0.09229933789452693,-0.1135989767614758,-0.1135989767614758,0.17887856033523897
2018-06-12,0.606703896339536,0.5878340334903601,0.5887482597790652,0.5786919885668531,0.5786919885668531,-0.25644068636839135,600028.SS,-0.7189074473803626,-0.08519923257110686,-0.0070997667717643854,0.014199872095184475,0.06389925515250229,-0.03727667371839203
2018-06-13,0.6443287740440226,0.5933192604444643,0.5988045309912773,0.583263032824961,0.5841772155209572,-0.2840940134711101,600028.SS,-0.008007390747784504,0.04259961628555343,0.07809946579934246,0.03549984951378904,0.04259961628555343,-0.05352633369803738
2018-06-14,0.6255156395426703,0.5905766687637666,0.5988045309912773,0.5860056245056586,0.5914908514597629,-0.28254806967595114,600028.SS,0.7028926658847936,0.0567994883807379,0.0,0.02129963886694886,-0.02129963886694886,0.0027973874251748243
2018-06-15,0.6443287740440226,0.5933192604444643,0.5960618957178708,0.5878340334903601,0.5896624424750615,-0.3990440071629436,600028.SS,1.4137927225173716,-0.014199872095184475,-0.021299977418604565,0.014199872095184475,0.02129963886694886,-0.22489864051497724
2018-06-19,0.6192455222410315,0.5896624424750615,0.5988045309912773,0.5768635795821517,0.5878340334903601,1.1659561708737929,600028.SS,-0.7189074473803626,-0.014199872095184475,0.021299977418604565,-0.08519923257110686,-0.02839974419036895,3.0186110557290817
2018-06-20,0.5878907618381839,0.5850914418096623,0.5887482597790652,0.5805203975515545,0.5878340334903601,-0.41522463792034103,600028.SS,-0.008007390747784504,0.0,-0.07809946579934246,0.02839974419036895,-0.035499510962133336,-3.05019186490462
2018-06-21,0.5941604153737501,0.5860056245056586,0.592405077748468,0.583263032824961,0.5860056245056586,-0.3832141586331863,600028.SS,0.7028926658847936,-0.014199872095184475,0.02839974419036895,0.021299977418604565,0.0070997667717643854,0.06156173148022067
2018-06-22,0.5063657877007733,0.5732067616127489,0.5850914418096623,0.5677215346586447,0.5850914418096623,-0.23776014292267866,600028.SS,1.4137927225173716,-0.0070997667717643854,-0.0567994883807379,-0.1206990820848959,-0.09939910466629133,0.28038781556591347
2018-06-25,0.47501056353185395,0.568635717354641,0.5823488065362559,0.5677215346586447,0.5786919885668531,-0.3928735245994372,600028.SS,-1.4298075040129405,-0.04969972160897351,-0.021299977418604565,0.0,-0.03549984951378904,-0.2993894784760611
2018-06-26,0.39975802552644485,0.5576652634464326,0.5677215346586447,0.5530942627810335,0.5658931256739432,-0.3328139895438168,600028.SS,-0.7189074473803626,-0.09939910466629133,-0.1135989767614758,-0.1135989767614758,-0.08519923257110686,0.11566675349936019
2018-06-27,0.5189078773683414,0.5750351705974502,0.5805203975515545,0.5622363077045405,0.5622363077045405,0.21984826439321947,600028.SS,-0.008007390747784504,-0.02839974419036895,0.09939910466629133,0.07099936047592238,0.13489895418008035,1.0658691835480376
2018-06-28,0.6192455222410315,0.5896624424750615,0.5960618957178708,0.5786919885668531,0.5786919885668531,-0.06351951753812209,600028.SS,0.7028926658847936,0.12779884885666026,0.1206990820848959,0.12779884885666026,0.1135989767614758,-0.5467848705743286
2018-06-29,0.6443287740440226,0.5933192604444643,0.5960618957178708,0.5814346238402596,0.592405077748468,-0.35255727151752375,600028.SS,1.4137927225173716,0.10649920998971142,0.0,0.021299977418604565,0.02839974419036895,-0.557721921897571
2018-07-02,0.5314504308019822,0.5768635795821517,0.5942334867331693,0.5713783526280475,0.5896624424750615,-0.28492076456453375,600028.SS,-1.4298075040129405,-0.021299977418604565,-0.014199872095184475,-0.07809946579934246,-0.12779884885666026,0.13028229830520263
2018-07-03,0.5063657877007733,0.5732067616127489,0.5786919885668531,0.5631504904005368,0.5777778058708568,-0.22055817951849474,600028.SS,-0.7189074473803626,-0.09229899934287124,-0.1206990820848959,-0.06389959370415799,-0.02839974419036895,0.12396709046623947
2018-07-04,0.48128253589778236,0.5695499436433461,0.5732067616127489,0.5668073083699395,0.5677215346586447,-0.43257244121124544,600028.SS,-0.008007390747784504,-0.07809946579934246,-0.04259961628555343,0.02839974419036895,-0.02839974419036895,-0.4091480169304938
2018-07-05,0.5314504308019822,0.5768635795821517,0.5777778058708568,0.5521800364923284,0.5677215346586447,-0.022941604878368892,600028.SS,0.7028926658847936,0.0,0.03549984951378904,-0.1135989767614758,0.0567994883807379,0.789969771361689
2018-07-06,0.5063657877007733,0.5732067616127489,0.5759493968861554,0.5631504904005368,0.5668073083699395,-0.4514098437505887,600028.SS,1.4137927225173716,-0.007100105323420089,-0.014199872095184475,0.08519923257110686,-0.02839974419036895,-0.8266753411333969
2018-07-09,0.5941604153737501,0.5860056245056586,0.5869198507943638,0.5732067616127489,0.5741209879014539,-0.47684858357052495,600028.SS,-1.4298075040129405,0.056799826932393604,0.08519923257110686,0.07809946579934246,0.09939910466629133,-0.04925452167387087
2018-07-10,0.6568717912437358,0.5951477130218745,0.5978903047025722,0.5823488065362559,0.5887482597790652,-0.3772611097437994,600028.SS,-0.7189074473803626,0.1135989767614758,0.08519923257110686,0.07099936047592238,0.07099969902757808,0.19191388335769363
2018-07-11,0.5753477446384705,0.583263032824961,0.5869198507943638,0.5777778058708568,0.5850914418096623,-0.5392600111900708,600028.SS,-0.008007390747784504,-0.02839974419036895,-0.08519923257110686,-0.035499510962133336,-0.09229933789452693,-0.31267125173138566
2018-07-12,0.5565346101371184,0.5805203975515545,0.583263032824961,0.5713783526280475,0.5750351705974502,-0.1144035689485194,600028.SS,0.7028926658847936,-0.07809946579934246,-0.02839974419036895,-0.04969972160897351,-0.021299977418604565,0.819339093086584
2018-07-13,0.550264029069407,0.5796062148555582,0.5823488065362559,0.5759493968861554,0.5786919885668531,-0.5693616706574398,600028.SS,1.4137927225173716,0.02839974419036895,-0.007100105323420089,0.03549984951378904,-0.0070997667717643854,-0.8777727692926363
2018-07-16,0.5439925204695503,0.5786919885668531,0.5823488065362559,0.5713783526280475,0.5796062148555582,-0.5817146053513724,600028.SS,-1.4298075040129405,0.007100105323420089,0.0,-0.03549984951378904,-0.007100105323420089,-0.02401275309795382
2018-07-17,0.46246870574732085,0.5668073083699395,0.5732067616127489,0.5631504904005368,0.5732067616127489,-0.31295631652475675,600028.SS,-0.7189074473803626,-0.04969972160897351,-0.07099936047592238,-0.06389959370415799,-0.09229933789452693,0.5182346959411647
2018-07-18,0.468739518698069,0.5677215346586447,0.5722925789167526,0.5640647166892419,0.568635717354641,-0.540252503826889,600028.SS,-0.008007390747784504,-0.03549984951378904,-0.0070997667717643854,0.007100105323420089,0.007100105323420089,-0.43862597613224386
2018-07-19,0.49382369803320525,0.5713783526280475,0.5759493968861554,0.568635717354641,0.5695499436433461,-0.5587774739601609,600028.SS,0.7028926658847936,0.007100105323420089,0.02839974419036895,0.035499510962133336,0.02839974419036895,-0.03591825594642367
2018-07-20,0.5816187894722545,0.5841772155209572,0.5860056245056586,0.5722925789167526,0.5722925789167526,-0.36122313237191334,600028.SS,1.4137927225173716,0.021299977418604565,0.07809912724768676,0.028400082742024654,0.09939910466629133,0.38088636004770693
2018-07-23,0.606703896339536,0.5878340334903601,0.5896624424750615,0.5796062148555582,0.583263032824961,-0.39850280508917263,600028.SS,-1.4298075040129405,0.08519923257110686,0.02839974419036895,0.0567994883807379,0.02839974419036895,-0.07209500302287487
2018-07-24,0.6631428360775199,0.5960618957178708,0.6033755316566763,0.5850914418096623,0.5869198507943638,-0.1999263047241956,600028.SS,-0.7189074473803626,0.02839974419036895,0.10649920998971142,0.04259961628555343,0.06389959370415799,0.38285804578210464
2018-07-25,0.6756839982129437,0.5978903047025722,0.6097749848994857,0.5960618957178708,0.6070323496260792,-0.16518518645747682,600028.SS,-0.008007390747784504,0.15619859304702924,0.04969972160897351,0.08519923257110686,0.014199872095184475,0.0668289776697246
2018-07-26,0.6882265516465835,0.5997187136872736,0.6061181669300829,0.5942334867331693,0.6006329399759787,-0.45267131932767457,600028.SS,0.7028926658847936,-0.04969938305731781,-0.02839974419036895,-0.014199872095184475,0.014199872095184475,-0.554728933649702
2018-07-27,0.725853748181433,0.6052039406413778,0.6052039406413778,0.5960618957178708,0.5997187136872736,-0.44304863228859626,600028.SS,1.4137927225173716,-0.007100105323420089,-0.007100105323420089,0.014199872095184475,0.04259961628555343,0.01837696253324265
2018-07-30,0.7133107309817197,0.6033755316566763,0.6079465759147843,0.5988045309912773,0.60246134896068,-0.46765674503703,600028.SS,-1.4298075040129405,0.021299977418604565,0.021299977418604565,0.021299977418604565,-0.014199872095184475,-0.0476522896285461
2018-07-31,0.8136479120883372,0.6180028471269964,0.6244022567770969,0.6033755316566763,0.6052039406413778,-0.1674052833437143,600028.SS,-0.7189074473803626,0.02129963886694886,0.12779884885666026,0.035499510962133336,0.1135993153131315,0.5789832225750287
2018-08-01,0.7446659551506399,0.6079465759147843,0.6189170298229927,0.6079465759147843,0.6125175765801834,-0.36332692506977166,600028.SS,-0.008007390747784504,0.0567994883807379,-0.04259961628555343,0.03549984951378904,-0.07809946579934246,-0.3781062747474124
2018-08-02,0.6631428360775199,0.5960618957178708,0.6070323496260792,0.5887482597790652,0.6070323496260792,-0.2556967159798667,600028.SS,0.7028926658847936,-0.04259961628555343,-0.09229933789452693,-0.14909882627526483,-0.09229933789452693,0.20742785901877997
2018-08-03,0.7007686413141516,0.601547122671975,0.6097749848994857,0.5960618957178708,0.5978903047025722,-0.36045779441192827,600028.SS,1.4137927225173716,-0.07099936047592238,0.021299977418604565,0.0567994883807379,0.04259961628555343,-0.20226276953238473
2018-08-06,0.6568717912437358,0.5951477130218745,0.6125175765801834,0.5914908514597629,0.5988045309912773,-0.296088177944118,600028.SS,-1.4298075040129405,0.007100105323420089,0.02129963886694886,-0.03549984951378904,-0.04969938305731781,0.12398065367609938
2018-08-07,0.8324610465896893,0.6207454388076941,0.6216596650963991,0.5997187136872736,0.5997187136872736,0.11367342916839675,600028.SS,-0.7189074473803626,0.0070997667717643854,0.07099969902757808,0.06389959370415799,0.19879820933258266,0.7902220207054883
2018-08-08,0.794834777586985,0.6152602118535899,0.625316483065802,0.6125175765801834,0.6161743945495862,-0.13245617288793998,600028.SS,-0.008007390747784504,0.12779884885666026,0.02839974419036895,0.09939910466629133,-0.04259961628555343,-0.47495455447666757
2018-08-09,0.7822931516854895,0.6134318028688884,0.6161743945495862,0.5997187136872736,0.6052039406413778,-0.04603070691008913,600028.SS,0.7028926658847936,-0.08519923257110686,-0.07099969902757808,-0.09939910466629133,-0.014199872095184475,0.16652512409400141
2018-08-10,0.7321238654830718,0.6061181669300829,0.6134318028688884,0.601547122671975,0.6088607586107806,-0.3255587051924826,600028.SS,1.4137927225173716,0.02839974419036895,-0.02129963886694886,0.014199872095184475,-0.0567994883807379,-0.5393781478457641
2018-08-13,0.7133107309817197,0.6033755316566763,0.6070323496260792,0.5960618957178708,0.6042897579453814,-0.33274506049134706,600028.SS,-1.4298075040129405,-0.035499510962133336,-0.04969972160897351,-0.04259961628555343,-0.021299977418604565,-0.0140467173696473
2018-08-14,0.7321238654830718,0.6061181669300829,0.6079465759147843,0.5997187136872736,0.60246134896068,-0.4285363802685251,600028.SS,-0.7189074473803626,-0.014199872095184475,0.007100105323420089,0.02839974419036895,0.021299977418604565,-0.18496061884557072
2018-08-15,0.6443287740440226,0.5933192604444643,0.60246134896068,0.5914908514597629,0.60246134896068,-0.2961927734487173,600028.SS,-0.008007390747784504,0.0,-0.04259961628555343,-0.06389959370415799,-0.09939944321794703,0.25509858773712085
2018-08-16,0.5816187894722545,0.5841772155209572,0.5942334867331693,0.5786919885668531,0.583263032824961,-0.4059102836951354,600028.SS,0.7028926658847936,-0.14909882627526483,-0.06389959370415799,-0.09939910466629133,-0.07099936047592238,-0.21182344261406513
2018-08-17,0.5439925204695503,0.5786919885668531,0.5905766687637666,0.5768635795821517,0.5896624424750615,-0.49167988945921903,600028.SS,1.4137927225173716,0.04969938305731781,-0.02839974419036895,-0.014199872095184475,-0.04259961628555343,-0.16562930652533248
2018-08-20,0.6255156395426703,0.5905766687637666,0.5914908514597629,0.5777778058708568,0.5786919885668531,-0.4277105795351111,600028.SS,-1.4298075040129405,-0.08519923257110686,0.0070997667717643854,0.007100105323420089,0.09229933789452693,0.12320848528154792
2018-08-21,0.6380581929763111,0.592405077748468,0.5969761220065759,0.5896624424750615,0.592405077748468,-0.44917593248094195,600028.SS,-0.7189074473803626,0.10649920998971142,0.04259995483720913,0.09229899934287124,0.014199872095184475,-0.04159008597633383
2018-08-22,0.6694138809113039,0.5969761220065759,0.6042897579453814,0.5933192604444643,0.5951477130218745,-0.4373830766194048,600028.SS,-0.008007390747784504,0.021299977418604565,0.0567994883807379,0.02839974419036895,0.03549984951378904,0.022563093891589135
2018-08-23,0.6944980602464401,0.6006329399759787,0.6061181669300829,0.5951477130218745,0.5997187136872736,-0.3801832990631005,600028.SS,0.7028926658847936,0.035499510962133336,0.014199872095184475,0.014200210646840178,0.02839974419036895,0.1101504450807413
2018-08-24,0.7321238654830718,0.6061181669300829,0.6079465759147843,0.5978903047025722,0.5997187136872736,-0.44689386342596604,600028.SS,1.4137927225173716,0.0,0.014199872095184475,0.02129963886694886,0.04259961628555343,-0.1288655073019762
2018-08-27,0.8512741810910415,0.6234880740811005,0.6244022567770969,0.610689167595482,0.611603393884187,0.342081196049219,600028.SS,-1.4298075040129405,0.09229933789452693,0.12779884885666026,0.09939910466629133,0.13489895418008035,1.5217030502060578
2018-08-28,0.8700877793584663,0.6262306657617983,0.6381153459587118,0.6207454388076941,0.6216596650963991,0.11148460098993009,600028.SS,-0.7189074473803626,0.07809946579934246,0.10649920998971142,0.07809946579934246,0.02129963886694886,-0.44499227365923055
2018-08-29,0.8763583604261777,0.6271448920505034,0.6372011196700067,0.6244022567770969,0.6262306657617983,-0.07188763619181916,600028.SS,-0.008007390747784504,0.035499510962133336,-0.007100105323420089,0.02839974419036895,0.007100105323420089,-0.35389919217031424
2018-08-30,0.8387325551895459,0.6216596650963991,0.6362869369740104,0.6216596650963991,0.6326301190046075,-0.39331574015611726,600028.SS,0.7028926658847936,0.04969972160897351,-0.0070997667717643854,-0.02129963886694886,-0.04259961628555343,-0.6202010518050629
2018-08-31,0.8638171982907548,0.625316483065802,0.6326301190046075,0.6134318028688884,0.6234880740811005,-0.07866011902370525,600028.SS,1.4137927225173716,-0.07099936047592238,-0.02839974419036895,-0.06389959370415799,0.02839974419036895,0.6067680211098754
2018-09-03,0.84500360002333,0.6225738477923954,0.6298874837312011,0.6170886208382913,0.6216596650963991,-0.4084640252713215,600028.SS,-1.4298075040129405,-0.014199872095184475,-0.021299977418604565,0.02839974419036895,-0.021299977418604565,-0.6363574946710067
2018-09-04,0.8951714949275299,0.6298874837312011,0.634458527989309,0.6143459855648847,0.6244022567770969,-0.1807255602974758,600028.SS,-0.7189074473803626,0.02129963886694886,0.03549984951378904,-0.021299977418604565,0.0567994883807379,0.4391098052106008
2018-09-05,0.7760216430856328,0.6125175765801834,0.6298874837312011,0.610689167595482,0.6271448920505034,-0.2696552932274773,600028.SS,-0.008007390747784504,0.021299977418604565,-0.03549984951378904,-0.02839974419036895,-0.13489895418008035,-0.17172501082663338
2018-09-06,0.7760216430856328,0.6125175765801834,0.6152602118535899,0.6088607586107806,0.611603393884187,-0.395091509574542,600028.SS,0.7028926658847936,-0.1206990820848959,-0.1135989767614758,-0.014199872095184475,0.0,-0.24214392636610643
2018-09-07,0.7634795534180647,0.610689167595482,0.6189170298229927,0.6079465759147843,0.610689167595482,-0.3895958820019906,600028.SS,1.4137927225173716,-0.007100105323420089,0.02839974419036895,-0.0070997667717643854,-0.014199872095184475,0.010416101206788327
2018-09-10,0.7885641965192736,0.6143459855648847,0.6180028471269964,0.6097749848994857,0.610689167595482,-0.3241328049107084,600028.SS,-1.4298075040129405,0.0,-0.0070997667717643854,0.014199872095184475,0.02839974419036895,0.12608987658892643
2018-09-11,0.8261909292880505,0.6198312561116978,0.6225738477923954,0.6088607586107806,0.6143459855648847,-0.1976145508947984,600028.SS,-0.7189074473803626,0.02839974419036895,0.035499510962133336,-0.007100105323420089,0.04259995483720913,0.24386181583556937
2018-09-12,0.8454580907744843,0.6079465759147843,0.6180028471269964,0.6006329399759787,0.6088607586107806,-0.20088927408567922,600028.SS,-0.008007390747784504,-0.04259961628555343,-0.035499510962133336,-0.06389925515250229,-0.09229933789452693,-0.006501403078848159
2018-09-13,0.9610656973538134,0.6244022567770969,0.6271448920505034,0.610689167595482,0.6134318028688884,0.12463551509385473,600028.SS,0.7028926658847936,0.03549984951378904,0.07099936047592238,0.07809912724768676,0.12779884885666026,0.6277340237223558
2018-09-14,0.9225295193166554,0.6189170298229927,0.6225738477923954,0.6152602118535899,0.6216596650963991,-0.40833818642532843,600028.SS,1.4137927225173716,0.06389959370415799,-0.03549984951378904,0.03549984951378904,-0.04259961628555343,-1.0282603928480845
2018-09-17,0.8839933412794972,0.6134318028688884,0.6180028471269964,0.6079465759147843,0.6180028471269964,-0.4459098619142019,600028.SS,-1.4298075040129405,-0.02839974419036895,-0.035499510962133336,-0.0567994883807379,-0.04259961628555343,-0.07265825964435432
2018-09-18,0.948219840908689,0.6225738477923954,0.6225738477923954,0.6088607586107806,0.611603393884187,-0.22533009862638884,600028.SS,-0.7189074473803626,-0.04969972160897351,0.035499510962133336,0.0070997667717643854,0.07099936047592238,0.425301079685277
2018-09-19,1.0252917332169318,0.6335443017006038,0.6362869369740104,0.6198312561116978,0.6216596650963991,-0.033104816937355015,600028.SS,-0.008007390747784504,0.07809946579934246,0.10649920998971142,0.08519957112276255,0.08519923257110686,0.3706069087332558
2018-09-20,0.999601411624899,0.6298874837312011,0.6372011196700067,0.6262306657617983,0.6335443017006038,-0.33955302343026267,600028.SS,0.7028926658847936,0.09229899934287124,0.0070997667717643854,0.04969938305731781,-0.02839974419036895,-0.5913056875823134
2018-09-21,1.038136662129912,0.6353727106853053,0.6353727106853053,0.6198312561116978,0.6298874837312011,-0.06997921390824677,600028.SS,1.4137927225173716,-0.02839974419036895,-0.014199872095184475,-0.04969938305731781,0.04259961628555343,0.5198077886522321
2018-09-25,0.9931782515193001,0.6289733010352048,0.6426863902168197,0.625316483065802,0.634458527989309,-0.175613586228195,600028.SS,-0.7189074473803626,0.03549984951378904,0.056799826932393604,0.04259961628555343,-0.04969938305731781,-0.2039473034226987
2018-09-26,1.1152085544381556,0.6463432081862225,0.6509142088516215,0.6289733010352048,0.6298874837312011,0.5546998804966488,600028.SS,-0.008007390747784504,-0.03549984951378904,0.06389925515250229,0.02839974419036895,0.13489895418008035,1.4085481977349357
2018-09-27,1.0959404654195766,0.643600572912816,0.6481716171709239,0.6399437549434132,0.6445147992015211,-0.09823048516766972,600028.SS,0.7028926658847936,0.1135993153131315,-0.02129963886694886,0.08519923257110686,-0.021299977418604565,-1.2596499272584287
2018-09-28,1.1473211086036421,0.6509142088516215,0.6527426178363229,0.6408579812321182,0.6454289818975174,-0.22436149543138353,600028.SS,1.4137927225173716,0.0070997667717643854,0.035499510962133336,0.007100105323420089,0.0567994883807379,-0.2434841440357981
2018-10-08,0.8261904655219778,0.6052039406413778,0.6326301190046075,0.601547122671975,0.6308017100199061,1.1656928776705768,600028.SS,-1.4298075040129405,-0.1135989767614758,-0.15619859304702924,-0.30529775787394975,-0.3549971409312676,2.6811506183337626
2018-10-09,0.8518803233479381,0.6088607586107806,0.6189170298229927,0.5978903047025722,0.6052039406413778,0.3881437605551368,600028.SS,-0.7189074473803626,-0.19879854788423837,-0.10649920998971142,-0.02839974419036895,0.02839974419036895,-1.500032361052899
2018-10-10,0.858303483453537,0.6097749848994857,0.6189170298229927,0.6042897579453814,0.6097749848994857,-0.19916750747721862,600028.SS,-0.008007390747784504,0.03549984951378904,0.0,0.04969972160897351,0.007100105323420089,-1.1330744463737963
2018-10-11,0.6848920735845442,0.5850914418096623,0.5951477130218745,0.5777778058708568,0.5914908514597629,0.325770987120823,600028.SS,0.7028926658847936,-0.14199905950350045,-0.18459833723739819,-0.20589831465600275,-0.19169844256081828,1.0123916397094315
2018-10-12,0.7619644296588596,0.5960618957178708,0.5988045309912773,0.5805203975515545,0.5805203975515545,-0.015899300553265456,600028.SS,1.4137927225173716,-0.08519923257110686,0.02839974419036895,0.02129963886694886,0.08519923257110686,-0.6592470647751308
2018-10-15,0.7362736443007541,0.592405077748468,0.6006329399759787,0.5896624424750615,0.5960618957178708,-0.30621397190703514,600028.SS,-1.4298075040129405,0.1206990820848959,0.014199872095184475,0.07099936047592238,-0.02839974419036895,-0.5601850223750735
2018-10-16,0.7812315911452934,0.5988045309912773,0.6125175765801834,0.5933192604444643,0.5933192604444643,-0.1456924827396662,600028.SS,-0.7189074473803626,-0.021299977418604565,0.09229899934287124,0.02839974419036895,0.04969972160897351,0.3094521088485702
2018-10-17,0.7298509479612277,0.5914908514597629,0.6061181669300829,0.5841772155209572,0.6061181669300829,0.22538277597662607,600028.SS,-0.008007390747784504,0.09939944321794703,-0.04969938305731781,-0.07099936047592238,-0.056799826932393604,0.7155982704767577
2018-10-18,0.5628622344317604,0.5677215346586447,0.5869198507943638,0.5658931256739432,0.5823488065362559,0.025299104020285363,600028.SS,0.7028926658847936,-0.18459867578905387,-0.14909882627526483,-0.14199872095184476,-0.18459833723739819,-0.3861345926741417
2018-10-19,0.6270887340609513,0.5768635795821517,0.5805203975515545,0.550351627507627,0.5604078987198391,-0.0022136753965513165,600028.SS,1.4137927225173716,-0.1703984651422137,-0.04969972160897351,-0.1206990820848959,0.07099936047592238,-0.053255225262083
2018-10-22,0.7234282516217014,0.5905766687637666,0.6006329399759787,0.5750351705974502,0.5786919885668531,0.5214521753414143,600028.SS,-1.4298075040129405,0.14199872095184476,0.15619893159868492,0.19169844256081828,0.10649920998971142,1.0099367825962253
2018-10-23,0.5885525560237932,0.5713783526280475,0.5914908514597629,0.568635717354641,0.5878340334903601,-0.10720295203800584,600028.SS,-0.7189074473803626,0.07099936047592238,-0.07099969902757808,-0.04969972160897351,-0.14909882627526483,-1.2128243830131609
2018-10-24,0.5500173055187804,0.5658931256739432,0.5750351705974502,0.5512658537963321,0.559493672431134,0.1589004533036768,600028.SS,-0.008007390747784504,-0.22009818675118722,-0.12779884885666026,-0.13489861562842467,-0.04259961628555343,0.513113577761777
2018-10-25,0.5564390743261615,0.5668073083699395,0.568635717354641,0.5521800364923284,0.5558368544617311,-0.1368899377544668,600028.SS,0.7028926658847936,-0.02839974419036895,-0.04969972160897351,0.0070997667717643854,0.0070997667717643854,-0.5707473720534845
2018-10-26,0.5949761798954648,0.5722925789167526,0.5777778058708568,0.5668073083699395,0.5695499436433461,-0.02753830368878448,600028.SS,1.4137927225173716,0.10649920998971142,0.07099969902757808,0.1135989767614758,0.04259995483720913,0.21074838919945868
2018-10-29,0.5757080908768857,0.5695499436433461,0.5841772155209572,0.5668073083699395,0.5777778058708568,-0.0058133036921933015,600028.SS,-1.4298075040129405,0.06389959370415799,0.04969938305731781,0.0,-0.021299977418604565,0.04172163104735739
2018-10-30,0.6270887340609513,0.5768635795821517,0.5823488065362559,0.5677215346586447,0.5732067616127489,-0.23982107624754959,600028.SS,-0.7189074473803626,-0.03549984951378904,-0.014199872095184475,0.007100105323420089,0.0567994883807379,-0.45157223966804766
2018-10-31,0.6270887340609513,0.5768635795821517,0.5814346238402596,0.5695499436433461,0.5805203975515545,-0.1396501931819155,600028.SS,-0.008007390747784504,0.0567994883807379,-0.0070997667717643854,0.014199872095184475,0.0,0.19303924636377395
2018-11-01,0.5949761798954648,0.5722925789167526,0.5777778058708568,0.568635717354641,0.5759493968861554,-0.0559814855551377,600028.SS,0.7028926658847936,-0.035499510962133336,-0.02839974419036895,-0.007100105323420089,-0.035499510962133336,0.16120749513288887
2018-11-02,0.6335114304004776,0.5777778058708568,0.5777778058708568,0.568635717354641,0.5741209879014539,0.2534226822006845,600028.SS,1.4137927225173716,-0.014199872095184475,0.0,0.0,0.04259961628555343,0.5966382683325177
2018-11-05,0.6335114304004776,0.5777778058708568,0.5786919885668531,0.5695499436433461,0.5741209879014539,-0.21899422857517775,600028.SS,-1.4298075040129405,0.0,0.0070997667717643854,0.007100105323420089,0.0,-0.911449811999251
2018-11-06,0.6527785918869116,0.5805203975515545,0.5823488065362559,0.5732067616127489,0.5759493968861554,-0.21823094662279544,600028.SS,-0.7189074473803626,0.014199872095184475,0.02839974419036895,0.02839974419036895,0.02129963886694886,0.0012876775587707951
2018-11-07,0.5821303234503394,0.5704641263393424,0.5777778058708568,0.568635717354641,0.5768635795821517,-0.29265034688725516,600028.SS,-0.008007390747784504,0.0070997667717643854,-0.035499510962133336,-0.03549984951378904,-0.07809946579934246,-0.14373541021922873
2018-11-08,0.5885525560237932,0.5713783526280475,0.5768635795821517,0.5704641263393424,0.5750351705974502,-0.4176778401036033,600028.SS,0.7028926658847936,-0.014199872095184475,-0.007100105323420089,0.014199872095184475,0.007100105323420089,-0.24135552285727918
2018-11-09,0.5179038238211485,0.5613220814158354,0.5704641263393424,0.559493672431134,0.5695499436433461,-0.3402480968645617,600028.SS,1.4137927225173716,-0.04259961628555343,-0.04969972160897351,-0.08519923257110686,-0.07809946579934246,0.1491728901764326
2018-11-12,0.543594609179254,0.5649788993852382,0.5658931256739432,0.5576652634464326,0.5604078987198391,-0.30974708742500334,600028.SS,-1.4298075040129405,-0.07099936047592238,-0.035499510962133336,-0.014199872095184475,0.02839974419036895,0.058650050601706236
2018-11-13,0.543594609179254,0.5649788993852382,0.5668073083699395,0.5576652634464326,0.5576652634464326,-0.2574980519460039,600028.SS,-0.7189074473803626,-0.021299977418604565,0.0070997667717643854,0.0,0.0,0.100600747175944
2018-11-14,0.40871914546438204,0.5457805832495191,0.5558368544617311,0.5421237652801163,0.5558368544617311,0.5008886457182717,600028.SS,-0.008007390747784504,-0.014199872095184475,-0.08519923257110686,-0.1206990820848959,-0.14909882627526483,1.4626998522741943
2018-11-15,0.4279867707168885,0.5485232185229256,0.5494374448116307,0.5448664005535228,0.5466948095382241,-0.1793271024374202,600028.SS,0.7028926658847936,-0.07099936047592238,-0.04969938305731781,0.021299977418604565,0.021299977418604565,-1.3122818672667667
2018-11-16,0.46010002053148397,0.5530942627810335,0.5558368544617311,0.5485232185229256,0.5494374448116307,-0.015340743539186297,600028.SS,1.4137927225173716,0.021299977418604565,0.04969938305731781,0.02839974419036895,0.03549984951378904,0.31613564410299605
2018-11-19,0.5114815912476948,0.5604078987198391,0.5613220814158354,0.5530942627810335,0.5549226717657348,-0.31910784158009536,600028.SS,-1.4298075040129405,0.04259961628555343,0.04259961628555343,0.03549984951378904,0.0567994883807379,-0.5861339829435365
2018-11-20,0.4665231806370829,0.5540084454770298,0.559493672431134,0.5494374448116307,0.5576652634464326,-0.3178174203974846,600028.SS,-0.7189074473803626,0.02129963886694886,-0.014199872095184475,-0.02839974419036895,-0.04969972160897351,0.002304498941069314
2018-11-21,0.3958742165514019,0.5439521742648177,0.5448664005535228,0.5357243556300157,0.5439521742648177,0.062676272493836,600028.SS,-0.008007390747784504,-0.10649920998971142,-0.1135989767614758,-0.10649920998971142,-0.07809946579934246,0.7337658905432638
2018-11-22,0.3701836630763324,0.5402953562954149,0.5448664005535228,0.5384669473107134,0.5448664005535228,-0.3184031403156325,600028.SS,0.7028926658847936,0.007100105323420089,0.0,0.02129963886694886,-0.02839974419036895,-0.7352650099354073
2018-11-23,0.32522455681661205,0.5338959466453144,0.5384669473107134,0.5329817203566093,0.5375527646147171,-0.35390110541728215,600028.SS,1.4137927225173716,-0.0567994883807379,-0.04969972160897351,-0.04259961628555343,-0.04969938305731781,-0.06865819108275224
2018-11-26,0.2931120026511255,0.5293249023872065,0.5329817203566093,0.5220112664484009,0.5256680844178037,-0.375202903268891,600028.SS,-1.4298075040129405,-0.09229933789452693,-0.04259961628555343,-0.08519923257110686,-0.03549984951378904,-0.04127459756748092
2018-11-27,0.3059580909792871,0.5311533113719079,0.5348101293413107,0.5293249023872065,0.532067537660613,-0.522381977684625,600028.SS,-0.7189074473803626,0.04969972160897351,0.014199872095184475,0.0567994883807379,0.014199872095184475,-0.28408465422072987
2018-11-28,0.3444926458351911,0.536638538326012,0.5384669473107134,0.5302391286759116,0.532067537660613,-0.5082100415090804,600028.SS,-0.008007390747784504,0.0,0.02839974419036895,0.007100105323420089,0.04259961628555343,0.027152203551365488
2018-11-29,0.3188027880092309,0.5329817203566093,0.5393811735994186,0.532067537660613,0.536638538326012,-0.5387130262066983,600028.SS,0.7028926658847936,0.035499510962133336,0.007100105323420089,0.014199872095184475,-0.02839974419036895,-0.059023159979525314
2018-11-30,0.36376119861984235,0.5393811735994186,0.54120958258412,0.5348101293413107,0.5357243556300157,-0.41855432670420234,600028.SS,1.4137927225173716,-0.0070997667717643854,0.014199872095184475,0.02129963886694886,0.04969972160897351,0.2315945994336887
2018-12-03,0.4665231806370829,0.5540084454770298,0.5558368544617311,0.5466948095382241,0.5485232185229256,0.14567772179823327,600028.SS,-1.4298075040129405,0.09939910466629133,0.1135989767614758,0.09229933789452693,0.1135989767614758,1.0881866545846783
2018-12-04,0.44083193151290534,0.550351627507627,0.5558368544617311,0.5457805832495191,0.5540084454770298,-0.2861274298362224,600028.SS,-0.7189074473803626,0.04259961628555343,0.0,-0.007100105323420089,-0.02839974419036895,-0.8331120547242943
2018-12-05,0.40871914546438204,0.5457805832495191,0.5494374448116307,0.5430379915688214,0.5448664005535228,-0.49892548386535607,600028.SS,-0.008007390747784504,-0.07099936047592238,-0.04969938305731781,-0.02129963886694886,-0.03549984951378904,-0.41065990745431347
2018-12-06,0.3444926458351911,0.536638538326012,0.5430379915688214,0.5338959466453144,0.5421237652801163,-0.27838156095176575,600028.SS,0.7028926658847936,-0.021299977418604565,-0.04969972160897351,-0.07099936047592238,-0.07099936047592238,0.4252319456562207
2018-12-07,0.3380706451447737,0.5357243556300157,0.5384669473107134,0.5338959466453144,0.5357243556300157,-0.6093427820771018,600028.SS,1.4137927225173716,-0.04969938305731781,-0.03549984951378904,0.0,-0.0070997667717643854,-0.6385898887829149
2018-12-10,0.3766056637667503,0.54120958258412,0.5430379915688214,0.536638538326012,0.5375527646147171,-0.3179620428295521,600028.SS,-1.4298075040129405,0.014199872095184475,0.03549984951378904,0.02129963886694886,0.04259961628555343,0.5618721070631321
2018-12-11,0.33164748503917474,0.5348101293413107,0.5384669473107134,0.5329817203566093,0.5375527646147171,-0.46684715011580796,600028.SS,-0.7189074473803626,0.0,-0.03549984951378904,-0.02839974419036895,-0.04969972160897351,-0.28737549391198025
2018-12-12,0.3380706451447737,0.5357243556300157,0.5384669473107134,0.5338959466453144,0.5384669473107134,-0.5504625941015181,600028.SS,-0.008007390747784504,0.0070997667717643854,0.0,0.007100105323420089,0.007100105323420089,-0.16147405183819538
2018-12-13,0.3830283601062766,0.5421237652801163,0.5439521742648177,0.5348101293413107,0.5348101293413107,-0.3803681037102195,600028.SS,0.7028926658847936,-0.02839974419036895,0.04259961628555343,0.0070997667717643854,0.04969938305731781,0.3279178798993114
2018-12-14,0.35733803851424384,0.5384669473107134,0.5476089922342204,0.5384669473107134,0.5430379915688214,-0.153377702505594,600028.SS,1.4137927225173716,0.06389959370415799,0.02839974419036895,0.02839974419036895,-0.02839974419036895,0.4376668330464227
2018-12-17,0.40871914546438204,0.5457805832495191,0.5466948095382241,0.5375527646147171,0.5375527646147171,-0.4643562378958201,600028.SS,-1.4298075040129405,-0.04259961628555343,-0.0070997667717643854,-0.0070997667717643854,0.0567994883807379,-0.6000444325428096
2018-12-18,0.3059580909792871,0.5311533113719079,0.5430379915688214,0.5311533113719079,0.54120958258412,-0.3385316845719729,600028.SS,-0.7189074473803626,0.02839974419036895,-0.02839974419036895,-0.04969972160897351,-0.1135989767614758,0.24252370693348846
2018-12-19,0.20319541331293808,0.5165260394942967,0.5256680844178037,0.5165260394942967,0.5256680844178037,-0.10721510173852226,600028.SS,-0.008007390747784504,-0.1206990820848959,-0.13489895418008035,-0.1135989767614758,-0.1135989767614758,0.4460117896188835
2018-12-20,0.17750462795483266,0.5128692215248939,0.518354448478998,0.509212403555491,0.517440222190293,-0.39505836499276503,600028.SS,0.7028926658847936,-0.06389959370415799,-0.0567994883807379,-0.0567994883807379,-0.02839974419036895,-0.5554178177052638
2018-12-21,0.19035048439995797,0.5146976305095953,0.5146976305095953,0.5037271766013869,0.5073839945707896,-0.4308941986066287,600028.SS,1.4137927225173716,-0.07809912724768676,-0.02839974419036895,-0.04259961628555343,0.014199872095184475,-0.06930992009080911
2018-12-24,0.2609982890704574,0.5247538581290986,0.527496493402505,0.5082981772667859,0.509212403555491,-0.17727079668253126,600028.SS,-1.4298075040129405,0.014199872095184475,0.09939910466629133,0.035499510962133336,0.07809912724768676,0.4890403659830577
2018-12-25,0.183927324294359,0.5137834042208902,0.518354448478998,0.5073839945707896,0.5156118132055916,-0.36876489746839997,600028.SS,-0.7189074473803626,0.04969938305731781,-0.07099936047592238,-0.0070997667717643854,-0.08519923257110686,-0.3695658018688613
2018-12-26,0.19035048439995797,0.5146976305095953,0.518354448478998,0.5119549952361888,0.5146976305095953,-0.5039257316242131,600028.SS,-0.008007390747784504,-0.0070997667717643854,0.0,0.035499510962133336,0.007100105323420089,-0.2609021571248607
2018-12-27,-0.05371012143775303,0.4799578162075599,0.5348101293413107,0.47812940722285846,0.5293249023872065,1.8166831796533525,600028.SS,0.7028926658847936,0.1135989767614758,0.12779884885666026,-0.2626978030367406,-0.2697979083601607,4.476137023352248
2018-12-28,-0.18216196128095336,0.4616737263605459,0.4680731360106464,0.4561884558137329,0.4616737263605459,1.1488407461340233,600028.SS,1.4137927225173716,-0.5253956060734812,-0.5182958393017169,-0.1703988036938694,-0.14199872095184476,-1.28841445203624
2019-01-02,-0.20785205098994988,0.45801690839114306,0.46715895331465007,0.45344586413303517,0.466244727025945,0.5054130550529152,600028.SS,-0.008007390747784504,0.035499510962133336,-0.0070997667717643854,-0.02129963886694886,-0.02839974419036895,-1.241319812269555
2019-01-03,-0.188584889503516,0.4607595000718408,0.4616737263605459,0.45344586413303517,0.4598453173758445,0.10930619571405371,600028.SS,0.7028926658847936,-0.04969938305731781,-0.04259961628555343,0.0,0.02129963886694886,-0.7642520935675894
2019-01-04,-0.1500487114663579,0.466244727025945,0.4680731360106464,0.457102682102438,0.45801690839114306,0.1520483017300608,600028.SS,1.4137927225173716,-0.014199872095184475,0.04969938305731781,0.02839974419036895,0.04259961628555343,0.08226242476767621
2019-01-07,-0.0986683001653286,0.47355836296475057,0.4744725892534557,0.4680731360106464,0.45801690839114306,0.39114899767398015,600028.SS,-1.4298075040129405,0.0,0.04969972160897351,0.08519923257110686,0.0567994883807379,0.46102689796042257
2019-01-08,-0.06013258589424308,0.47904358991885476,0.480872042496265,0.47264418026875427,0.47355836296475057,0.09598590633728551,600028.SS,-0.7189074473803626,0.12069874353324019,0.04969972160897351,0.03549984951378904,0.04259961628555343,-0.5695373468204871
2019-01-09,0.010515914425365293,0.4890998611310669,0.4945850880851711,0.4836146341769627,0.4836146341769627,0.32851649022785934,600028.SS,-0.008007390747784504,0.07809946579934246,0.10649887143805571,0.08519923257110686,0.07809946579934246,0.44835352812406176
2019-01-10,-0.021596407857084957,0.4845288604656678,0.49732772335857756,0.4836146341769627,0.4945850880851711,0.049668241601046034,600028.SS,0.7028926658847936,0.08519923257110686,0.021299977418604565,0.0,-0.035499510962133336,-0.5380669496939883
2019-01-11,0.010515914425365293,0.4890998611310669,0.490014087419772,0.48270045148096635,0.4854430431616641,-0.3544643831738932,600028.SS,1.4137927225173716,-0.07099936047592238,-0.0567994883807379,-0.0070997667717643854,0.035499510962133336,-0.7797333354041728
2019-01-14,-0.02801979984572022,0.4836146341769627,0.4890998611310669,0.48270045148096635,0.48635726945036917,-0.40100439488338735,600028.SS,-1.4298075040129405,0.007100105323420089,-0.007100105323420089,0.0,-0.04259961628555343,-0.08995766653694755
2019-01-15,-0.0023292463706511097,0.48727145214636547,0.4909282701157683,0.4845288604656678,0.4845288604656678,-0.31677026031984573,600028.SS,-0.7189074473803626,-0.014199872095184475,0.014199872095184475,0.014199872095184475,0.02839974419036895,0.1622981713080995
2019-01-16,0.03620669978347071,0.49275667910046966,0.4936709053891748,0.48727145214636547,0.4890998611310669,-0.33347911732055463,600028.SS,-0.008007390747784504,0.035499510962133336,0.021299977418604565,0.02129963886694886,0.04259961628555343,-0.03241507773473383
2019-01-17,0.016939306414000557,0.490014087419772,0.4954993143738762,0.4881856784350706,0.4945850880851711,-0.3847152553742918,600028.SS,0.7028926658847936,0.04259961628555343,0.014199872095184475,0.007100105323420089,-0.02129963886694886,-0.09901622527622551
2019-01-18,0.042629859889069664,0.4936709053891748,0.4954993143738762,0.490014087419772,0.4936709053891748,-0.2298778445790488,600028.SS,1.4137927225173716,-0.0070997667717643854,0.0,0.014199872095184475,0.02839974419036895,0.2984878472341689
2019-01-21,0.09401050307313528,0.5009845413279804,0.5028129503126818,0.4964134970698725,0.49732772335857756,-0.22326840128660813,600028.SS,-1.4298075040129405,0.02839974419036895,0.0567994883807379,0.04969938305731781,0.0567994883807379,0.012564587934731045
2019-01-22,0.02978446721001696,0.49184249640447336,0.5018987240239767,0.4881856784350706,0.5009845413279804,-0.28649328117094486,600028.SS,-0.7189074473803626,0.02839974419036895,-0.007100105323420089,-0.06389925515250229,-0.07099936047592238,-0.12214182159150747
2019-01-23,0.02978446721001696,0.49184249640447336,0.4954993143738762,0.4881856784350706,0.4890998611310669,-0.45240055368595083,600028.SS,-0.008007390747784504,-0.09229933789452693,-0.04969938305731781,0.0,0.0,-0.32021027566425503
2019-01-24,0.06189725325853982,0.4964134970698725,0.4982419060545739,0.4890998611310669,0.49184249640447336,-0.3820851557876515,600028.SS,0.7028926658847936,0.021299977418604565,0.02129963886694886,0.0070997667717643854,0.035499510962133336,0.13544972550058734
2019-01-25,0.08758711108450001,0.5000703150392752,0.5028129503126818,0.499156132343279,0.5000703150392752,-0.4324334526126996,600028.SS,1.4137927225173716,0.06389925515250229,0.03549984951378904,0.07809946579934246,0.02839974419036895,-0.09730363039872786
2019-01-28,0.13896891368374714,0.5073839945707896,0.5156118132055916,0.5055555855860883,0.509212403555491,0.05551092449923874,600028.SS,-1.4298075040129405,0.07099969902757808,0.09939910466629133,0.04969972160897351,0.056799826932393604,0.9410321059808658
2019-01-29,0.17750462795483266,0.5128692215248939,0.5137834042208902,0.5018987240239767,0.5064697682820846,-0.04772821759804019,600028.SS,-0.7189074473803626,-0.021299977418604565,-0.014199872095184475,-0.028400082742024654,0.04259961628555343,-0.19932704151412747
2019-01-30,0.19035048439995797,0.5146976305095953,0.5192686311749943,0.5101265862514874,0.5119549952361888,-0.31681720065052194,600028.SS,-0.008007390747784504,0.04259961628555343,0.04259961628555343,0.06389959370415799,0.014199872095184475,-0.5192418853799349
2019-01-31,0.25457628838004,0.5238396754331023,0.527496493402505,0.5146976305095953,0.518354448478998,-0.17991799653784318,600028.SS,0.7028926658847936,0.04969972160897351,0.06389959370415799,0.03549984951378904,0.07099936047592238,0.2638860739853469
2019-02-01,0.2609982890704574,0.5247538581290986,0.5284107196912102,0.5210970401596958,0.5238396754331023,-0.3730036397648274,600028.SS,1.4137927225173716,0.04259961628555343,0.007100105323420089,0.04969938305731781,0.0070997667717643854,-0.3726357960794244
2019-02-11,0.23530796747842464,0.5210970401596958,0.5229254491443972,0.5119549952361888,0.5210970401596958,-0.2245735561551212,600028.SS,-1.4298075040129405,-0.021299977418604565,-0.04259995483720913,-0.07099936047592238,-0.02839974419036895,0.28612848008402614
2019-02-12,0.22888596678800718,0.5201828574636995,0.5220112664484009,0.5165260394942967,0.5210970401596958,-0.16044886547517562,600028.SS,-0.7189074473803626,0.0,-0.0070997667717643854,0.03549984951378904,-0.0070997667717643854,0.12350820585985696
2019-02-13,0.3380706451447737,0.5357243556300157,0.5375527646147171,0.5210970401596958,0.5220112664484009,-0.007321841814289906,600028.SS,-0.008007390747784504,0.007100105323420089,0.1206990820848959,0.035499510962133336,0.1206990820848959,0.29518860841737804
2019-02-14,0.32522455681661205,0.5338959466453144,0.5375527646147171,0.532067537660613,0.5348101293413107,-0.3201768661494611,600028.SS,0.7028926658847936,0.09939910466629133,0.0,0.08519957112276255,-0.014199872095184475,-0.6036640722384556
2019-02-15,0.26742098540998377,0.5256680844178037,0.536638538326012,0.5238396754331023,0.5338959466453144,-0.3584464413066495,600028.SS,1.4137927225173716,-0.0070997667717643854,-0.007100105323420089,-0.06389959370415799,-0.06389959370415799,-0.07400446813112192
2019-02-18,0.36376119861984235,0.5393811735994186,0.54120958258412,0.5311533113719079,0.532067537660613,-0.06796393513286243,600028.SS,-1.4298075040129405,-0.014199872095184475,0.03549984951378904,0.0567994883807379,0.10649920998971142,0.5601394669116984
2019-02-19,0.3509158059407901,0.5375527646147171,0.5421237652801163,0.5348101293413107,0.5393811735994186,-0.3224698674503005,600028.SS,-0.7189074473803626,0.0567994883807379,0.0070997667717643854,0.02839974419036895,-0.014199872095184475,-0.49111201578151426
2019-02-20,0.36376119861984235,0.5393811735994186,0.5402953562954149,0.5357243556300157,0.536638538326012,-0.4488855198541806,600028.SS,-0.008007390747784504,-0.021299977418604565,-0.014199872095184475,0.007100105323420089,0.014199872095184475,-0.2440332024208076
2019-02-21,0.3444926458351911,0.536638538326012,0.54120958258412,0.5338959466453144,0.5402953562954149,-0.35965730555459025,600028.SS,0.7028926658847936,0.02839974419036895,0.007100105323420089,-0.014199872095184475,-0.021299977418604565,0.17193146507437443
2019-02-22,0.3509158059407901,0.5375527646147171,0.5375527646147171,0.527496493402505,0.5338959466453144,-0.2554279877112357,600028.SS,1.4137927225173716,-0.04969938305731781,-0.02839974419036895,-0.04969972160897351,0.007100105323420089,0.2008677345961184
2019-02-25,0.4729458769766093,0.5549226717657348,0.5558368544617311,0.536638538326012,0.5384669473107134,0.8235086999028661,600028.SS,-1.4298075040129405,0.035499510962133336,0.14199872095184476,0.07099936047592238,0.13489895418008035,2.081022422831762
2019-02-26,0.4279867707168885,0.5485232185229256,0.5540084454770298,0.5448664005535228,0.5494374448116307,0.6436556209910992,600028.SS,-0.7189074473803626,0.08519957112276255,-0.014199872095184475,0.06389959370415799,-0.04969972160897351,-0.34711093743340105
2019-02-27,0.4536777879580302,0.5521800364923284,0.5576652634464326,0.5476089922342204,0.5485232185229256,0.33155892182865176,600028.SS,-0.008007390747784504,-0.007100105323420089,0.02839974419036895,0.02129963886694886,0.02839974419036895,-0.6022013064146586
2019-02-28,0.4344099308224879,0.5494374448116307,0.5540084454770298,0.5485232185229256,0.5512658537963321,-0.12155218936464493,600028.SS,0.7028926658847936,0.021299977418604565,-0.02839974419036895,0.007100105323420089,-0.02129963886694886,-0.8742100303775775
2019-03-01,0.47936810955006304,0.5558368544617311,0.5558368544617311,0.5485232185229256,0.5521800364923284,-0.04973945268475571,600028.SS,1.4137927225173716,0.0070997667717643854,0.014199872095184475,0.0,0.04969938305731781,0.13833800624760317
2019-03-04,0.4986366623347147,0.5585794897351377,0.568635717354641,0.5521800364923284,0.5558368544617311,0.89003204955532,600028.SS,-1.4298075040129405,0.02839974419036895,0.09939910466629133,0.02839974419036895,0.021299977418604565,1.8125807511721965
2019-03-05,0.485791269655662,0.5567510807504362,0.5585794897351377,0.5521800364923284,0.5585794897351377,0.22557947565262493,600028.SS,-0.7189074473803626,0.021299977418604565,-0.07809912724768676,0.0,-0.014199872095184475,-1.2818756069958321
2019-03-06,0.5114815912476948,0.5604078987198391,0.5631504904005368,0.5530942627810335,0.5558368544617311,0.8808072341506381,600028.SS,-0.008007390747784504,-0.021299977418604565,0.035499510962133336,0.007100105323420089,0.02839974419036895,1.2637121672293152
2019-03-07,0.47936810955006304,0.5558368544617311,0.5576652634464326,0.5512658537963321,0.5549226717657348,0.6406500981431026,600028.SS,0.7028926658847936,-0.0070997667717643854,-0.04259961628555343,-0.014199872095184475,-0.03549984951378904,-0.46343400955186315
2019-03-08,0.33164748503917474,0.5348101293413107,0.5512658537963321,0.532067537660613,0.5494374448116307,0.3642446847004913,600028.SS,1.4137927225173716,-0.04259961628555343,-0.04969938305731781,-0.14909882627526483,-0.1632986983704493,-0.5333548605412771
2019-03-11,0.3444926458351911,0.536638538326012,0.5384669473107134,0.532067537660613,0.5338959466453144,-0.0053280983209559145,600028.SS,-1.4298075040129405,-0.1206990820848959,-0.09939944321794703,0.0,0.014199872095184475,-0.713069380136457
2019-03-12,0.4151418418039084,0.5466948095382241,0.5530942627810335,0.5393811735994186,0.5393811735994186,0.2747581339773435,600028.SS,-0.7189074473803626,0.04259961628555343,0.1135993153131315,0.0567994883807379,0.07809946579934246,0.5400856500704682
2019-03-13,0.35733803851424384,0.5384669473107134,0.5466948095382241,0.5357243556300157,0.5466948095382241,-0.1312882052820066,600028.SS,-0.008007390747784504,0.0567994883807379,-0.04969972160897351,-0.02839974419036895,-0.06389959370415799,-0.783424781033291
2019-03-14,0.3830283601062766,0.5421237652801163,0.5485232185229256,0.5384669473107134,0.5421237652801163,-0.1763404501365447,600028.SS,0.7028926658847936,-0.03549984951378904,0.014199872095184475,0.02129963886694886,0.02839974419036895,-0.08708784948815974
2019-03-15,0.389451520211876,0.5430379915688214,0.5466948095382241,0.5384669473107134,0.5430379915688214,-0.19754421804257574,600028.SS,1.4137927225173716,0.007100105323420089,-0.014199872095184475,0.0,0.007100105323420089,-0.041085503417296096
2019-03-18,0.4665231806370829,0.5540084454770298,0.5549226717657348,0.54120958258412,0.5439521742648177,0.2089447156751576,600028.SS,-1.4298075040129405,0.0070997667717643854,0.06389959370415799,0.021299977418604565,0.08519923257110686,0.7839092211749897
2019-03-19,0.46010002053148397,0.5530942627810335,0.5576652634464326,0.550351627507627,0.5558368544617311,-0.07694966356281133,600028.SS,-0.7189074473803626,0.09229933789452693,0.02129963886694886,0.07099936047592238,-0.0070997667717643854,-0.5516585320635777
2019-03-20,0.4279867707168885,0.5485232185229256,0.5558368544617311,0.5448664005535228,0.5521800364923284,-0.05787303118415839,600028.SS,-0.008007390747784504,-0.02839974419036895,-0.014199872095184475,-0.04259961628555343,-0.03549984951378904,0.03661308160219498
2019-03-21,0.4344099308224879,0.5494374448116307,0.5530942627810335,0.5466948095382241,0.5512658537963321,-0.22525304492756149,600028.SS,0.7028926658847936,-0.0070997667717643854,-0.02129963886694886,0.014199872095184475,0.007100105323420089,-0.3230511091400295
2019-03-22,0.4151418418039084,0.5466948095382241,0.550351627507627,0.5430379915688214,0.5494374448116307,-0.27558404271583137,600028.SS,1.4137927225173716,-0.014199872095184475,-0.021299977418604565,-0.02839974419036895,-0.021299977418604565,-0.0972702615476149
2019-03-25,0.31237985978666827,0.532067537660613,0.5421237652801163,0.5293249023872065,0.5421237652801163,0.7649751013901739,600028.SS,-1.4298075040129405,-0.056799826932393604,-0.06389959370415799,-0.10649920998971142,-0.1135989767614758,2.0069943395448915
2019-03-26,0.23530796747842464,0.5210970401596958,0.532067537660613,0.518354448478998,0.5302391286759116,0.45358589245718517,600028.SS,-0.7189074473803626,-0.09229899934287124,-0.07809912724768676,-0.08519923257110686,-0.08519957112276255,-0.6008365982847605
2019-03-27,0.24815336015747733,0.5229254491443972,0.5256680844178037,0.5201828574636995,0.5220112664484009,-0.16110551454986594,600028.SS,-0.008007390747784504,-0.06389959370415799,-0.04969972160897351,0.014199872095184475,0.014199872095184475,-1.1858891662111208
2019-03-28,0.19677271697341173,0.5156118132055916,0.5210970401596958,0.5137834042208902,0.5201828574636995,-0.13008514889375355,600028.SS,0.7028926658847936,-0.014199872095184475,-0.03549984951378904,-0.04969972160897351,-0.0567994883807379,0.05965185899641246
2019-03-29,0.2609982890704574,0.5247538581290986,0.5256680844178037,0.5128692215248939,0.5165260394942967,0.37863541486938485,600028.SS,1.4137927225173716,-0.02839974419036895,0.03549984951378904,-0.0070997667717643854,0.07099936047592238,0.9811081800389702
2019-04-01,0.32522455681661205,0.5338959466453144,0.5338959466453144,0.5247538581290986,0.5256680844178037,0.7593885933123792,600028.SS,-1.4298075040129405,0.07099936047592238,0.06389959370415799,0.09229899934287124,0.07099969902757808,0.7342664233099582
2019-04-02,0.3059580909792871,0.5311533113719079,0.5375527646147171,0.5293249023872065,0.5357243556300157,0.28595384075460284,600028.SS,-0.7189074473803626,0.07809946579934246,0.02839974419036895,0.03549984951378904,-0.021299977418604565,-0.9134131704979132
2019-04-03,0.3380706451447737,0.5357243556300157,0.5375527646147171,0.5302391286759116,0.532067537660613,0.3633087726475197,600028.SS,-0.008007390747784504,-0.02839974419036895,0.0,0.007100105323420089,0.03549984951378904,0.14902858337470748
2019-04-04,0.3830283601062766,0.5421237652801163,0.5430379915688214,0.5329817203566093,0.5348101293413107,0.9146688718721521,600028.SS,0.7028926658847936,0.02129963886694886,0.04259961628555343,0.02129963886694886,0.04969938305731781,1.063357401690976
2019-04-08,0.44725509161850385,0.5512658537963321,0.5576652634464326,0.5448664005535228,0.5512658537963321,1.3610272776601702,600028.SS,-1.4298075040129405,0.12779918740831597,0.1135989767614758,0.09229933789452693,0.07099969902757808,0.8608151492055296
2019-04-09,0.4022964491248561,0.5448664005535228,0.5521800364923284,0.54120958258412,0.5494374448116307,0.5346872118349576,600028.SS,-0.7189074473803626,-0.014199872095184475,-0.04259961628555343,-0.02839974419036895,-0.04969972160897351,-1.5941473065279903
2019-04-10,0.36376119861984235,0.5393811735994186,0.5430379915688214,0.5348101293413107,0.5430379915688214,0.537485928891035,600028.SS,-0.008007390747784504,-0.04969972160897351,-0.07099936047592238,-0.04969972160897351,-0.04259961628555343,0.005213915290729046
2019-04-11,0.3188027880092309,0.5329817203566093,0.54120958258412,0.5311533113719079,0.5393811735994186,0.28116733082538303,600028.SS,0.7028926658847936,-0.02839974419036895,-0.014199872095184475,-0.02839974419036895,-0.04969972160897351,-0.49460854418624983
2019-04-12,0.31237985978666827,0.532067537660613,0.5329817203566093,0.5284107196912102,0.5311533113719079,-0.04196826571271984,600028.SS,1.4137927225173716,-0.06389959370415799,-0.06389959370415799,-0.02129963886694886,-0.0070997667717643854,-0.623494707180339
2019-04-15,0.3059580909792871,0.5311533113719079,0.5393811735994186,0.5311533113719079,0.5348101293413107,0.18462926411769115,600028.SS,-1.4298075040129405,0.02839974419036895,0.04969972160897351,0.02129963886694886,-0.007100105323420089,0.43690900666795096
2019-04-16,0.36376119861984235,0.5393811735994186,0.5393811735994186,0.5220112664484009,0.5293249023872065,0.5611191213455753,600028.SS,-0.7189074473803626,-0.04259961628555343,0.0,-0.07099936047592238,0.06389959370415799,0.7260427208751143
2019-04-17,0.3509158059407901,0.5375527646147171,0.5402953562954149,0.5348101293413107,0.5375527646147171,0.16906944206076122,600028.SS,-0.008007390747784504,0.06389959370415799,0.0070997667717643854,0.09939910466629133,-0.014199872095184475,-0.7564260256253437
2019-04-18,0.33164748503917474,0.5348101293413107,0.5384669473107134,0.5329817203566093,0.536638538326012,-0.05233790466192196,600028.SS,0.7028926658847936,-0.007100105323420089,-0.014199872095184475,-0.014199872095184475,-0.021299977418604565,-0.42726673994802605
2019-04-19,0.3444926458351911,0.536638538326012,0.5375527646147171,0.5311533113719079,0.5348101293413107,-0.15922127986026643,600028.SS,1.4137927225173716,-0.014199872095184475,-0.0070997667717643854,-0.014199872095184475,0.014199872095184475,-0.20635655843632272
2019-04-22,0.3830283601062766,0.5421237652801163,0.5494374448116307,0.5357243556300157,0.5402953562954149,0.9303243013883605,600028.SS,-1.4298075040129405,0.04259961628555343,0.09229933789452693,0.03549984951378904,0.04259961628555343,2.1014863710100107
2019-04-23,0.3509158059407901,0.5375527646147171,0.5457805832495191,0.5357243556300157,0.5439521742648177,0.36070437005016187,600028.SS,-0.7189074473803626,0.02839974419036895,-0.028400082742024654,0.0,-0.035499510962133336,-1.0989488711927062
2019-04-24,0.31237985978666827,0.532067537660613,0.5393811735994186,0.5284107196912102,0.5393811735994186,0.1736378102044818,600028.SS,-0.008007390747784504,-0.035499510962133336,-0.04969938305731781,-0.0567994883807379,-0.04259961628555343,-0.3610253289903102
2019-04-25,0.25457628838004,0.5238396754331023,0.5302391286759116,0.5229254491443972,0.5293249023872065,0.024353147966426736,600028.SS,0.7028926658847936,-0.07809946579934246,-0.07099936047592238,-0.04259995483720913,-0.06389959370415799,-0.28814621252879935
2019-04-26,0.2096176458863918,0.517440222190293,0.5238396754331023,0.5165260394942967,0.5210970401596958,-0.14687348207958906,600028.SS,1.4137927225173716,-0.06389959370415799,-0.04969972160897351,-0.04969938305731781,-0.04969972160897351,-0.330471011666161
2019-05-06,0.06832018148110247,0.49732772335857756,0.5110408125401925,0.4954993143738762,0.5110408125401925,0.5463970012624425,600028.SS,-1.4298075040129405,-0.07809912724768676,-0.09939910466629133,-0.1632986983704493,-0.15619859304702924,1.3370944044904973
2019-05-07,0.07474195028848361,0.4982419060545739,0.5037271766013869,0.4954993143738762,0.5009845413279804,-0.16691079798649963,600028.SS,-0.7189074473803626,-0.07809946579934246,-0.0567994883807379,0.0,0.0070997667717643854,-1.376114538421127
2019-05-08,0.02978446721001696,0.49184249640447336,0.49732772335857756,0.490014087419772,0.49275667910046966,-0.17902510535694563,600028.SS,-0.008007390747784504,-0.06389959370415799,-0.04969972160897351,-0.04259961628555343,-0.04969938305731781,-0.0235524546587414
2019-05-09,0.010515914425365293,0.4890998611310669,0.4936709053891748,0.48635726945036917,0.4909282701157683,-0.3989314857800933,600028.SS,0.7028926658847936,-0.014199872095184475,-0.02839974419036895,-0.02839974419036895,-0.021299977418604565,-0.4243714619266655
2019-05-10,0.06189725325853982,0.4964134970698725,0.49732772335857756,0.4881856784350706,0.49275667910046966,-0.2535507595973941,600028.SS,1.4137927225173716,0.014199872095184475,0.02839974419036895,0.014199872095184475,0.0567994883807379,0.2802464442645556
2019-05-13,0.023361770870490607,0.4909282701157683,0.4936709053891748,0.490014087419772,0.49275667910046966,-0.38062305486446124,600028.SS,-1.4298075040129405,0.0,-0.02839974419036895,0.014199872095184475,-0.04259961628555343,-0.24529982889353846
2019-05-14,0.016939306414000557,0.490014087419772,0.49184249640447336,0.48635726945036917,0.4881856784350706,-0.41534668774930183,600028.SS,-0.7189074473803626,-0.035499510962133336,-0.014199872095184475,-0.02839974419036895,-0.0070997667717643854,-0.06716454858774588
2019-05-15,0.042629859889069664,0.4936709053891748,0.4954993143738762,0.4909282701157683,0.4909282701157683,-0.29782662865052706,600028.SS,-0.008007390747784504,0.02129963886694886,0.02839974419036895,0.035499510962133336,0.02839974419036895,0.22650481322760813
2019-05-16,0.06832018148110247,0.49732772335857756,0.4982419060545739,0.49184249640447336,0.49275667910046966,-0.266862874635778,600028.SS,0.7028926658847936,0.014199872095184475,0.02129963886694886,0.007100105323420089,0.02839974419036895,0.05954265838275231
2019-05-17,0.04905255622859602,0.4945850880851711,0.4982419060545739,0.4936709053891748,0.4982419060545739,-0.11763585514863936,600028.SS,1.4137927225173716,0.04259961628555343,0.0,0.014199872095184475,-0.021299977418604565,0.2876657237457112
2019-05-20,0.08116557416015519,0.499156132343279,0.5000703150392752,0.490014087419772,0.4945850880851711,-0.22991187740580213,600028.SS,-1.4298075040129405,-0.02839974419036895,0.014199872095184475,-0.02839974419036895,0.03549984951378904,-0.21675866573958658
2019-05-21,0.09401050307313528,0.5009845413279804,0.5055555855860883,0.4954993143738762,0.49732772335857756,-0.26030318548502274,600028.SS,-0.7189074473803626,0.021299977418604565,0.04259995483720913,0.04259961628555343,0.014199872095184475,-0.05880774217910883
2019-05-22,0.07474195028848361,0.4982419060545739,0.5018987240239767,0.49732772335857756,0.5000703150392752,-0.5458817159900878,600028.SS,-0.008007390747784504,0.02129963886694886,-0.028400082742024654,0.014199872095184475,-0.021299977418604565,-0.5510492779485892
2019-05-23,0.08116557416015519,0.499156132343279,0.5018987240239767,0.4945850880851711,0.4964134970698725,-0.31415177003293204,600028.SS,0.7028926658847936,-0.02839974419036895,0.0,-0.021299977418604565,0.007100105323420089,0.4468091434084222
2019-05-24,0.03620669978347071,0.49275667910046966,0.4982419060545739,0.49184249640447336,0.4954993143738762,-0.45633754736203697,600028.SS,1.4137927225173716,-0.0070997667717643854,-0.02839974419036895,-0.02129963886694886,-0.04969972160897351,-0.2744528701403581
2019-05-27,0.06189725325853982,0.4964134970698725,0.49732772335857756,0.49184249640447336,0.49275667910046966,-0.4873720007077052,600028.SS,-1.4298075040129405,-0.021299977418604565,-0.0070997667717643854,0.0,0.02839974419036895,-0.060048332560827686
2019-05-28,0.06832018148110247,0.49732772335857756,0.5000703150392752,0.49275667910046966,0.4964134970698725,-0.2607448420064029,600028.SS,-0.7189074473803626,0.02839974419036895,0.02129963886694886,0.0070997667717643854,0.007100105323420089,0.4369661590628554
2019-05-29,0.04905255622859602,0.4945850880851711,0.49732772335857756,0.4936709053891748,0.4945850880851711,-0.4599611769065519,600028.SS,-0.008007390747784504,-0.014199872095184475,-0.02129963886694886,0.007100105323420089,-0.021299977418604565,-0.38446154917097936
2019-05-30,0.08758711108450001,0.5000703150392752,0.5009845413279804,0.4945850880851711,0.4954993143738762,-0.1763955710171085,600028.SS,0.7028926658847936,0.007100105323420089,0.02839974419036895,0.0070997667717643854,0.04259961628555343,0.5467971624406386
2019-05-31,0.06189725325853982,0.4964134970698725,0.5018987240239767,0.4954993143738762,0.49732772335857756,-0.39421703550102233,600028.SS,1.4137927225173716,0.014199872095184475,0.0070997667717643854,0.007100105323420089,-0.02839974419036895,-0.4203497784970535
2019-06-03,0.06832018148110247,0.49732772335857756,0.4982419060545739,0.4945850880851711,0.49732772335857756,-0.34001827124129597,600028.SS,-1.4298075040129405,0.0,-0.02839974419036895,-0.007100105323420089,0.007100105323420089,0.10436166231987473
2019-06-04,0.06189725325853982,0.4964134970698725,0.49732772335857756,0.4936709053891748,0.4964134970698725,-0.4721516869998688,600028.SS,-0.7189074473803626,-0.007100105323420089,-0.0070997667717643854,-0.0070997667717643854,-0.007100105323420089,-0.25506244043721454
2019-06-05,0.09401050307313528,0.5009845413279804,0.5046413592973832,0.49732772335857756,0.4982419060545739,-0.29877377731302535,600028.SS,-0.008007390747784504,0.014199872095184475,0.0567994883807379,0.02839974419036895,0.03549984951378904,0.3342514076568928
2019-06-06,0.09401050307313528,0.5009845413279804,0.5028129503126818,0.4982419060545739,0.5009845413279804,-0.413384181906222,600028.SS,0.7028926658847936,0.021299977418604565,-0.014199872095184475,0.0070997667717643854,0.0,-0.22126155556000607
2019-06-10,0.13254621734422078,0.5064697682820846,0.5073839945707896,0.5009845413279804,0.5018987240239767,-0.2394287080051049,600028.SS,-1.4298075040129405,0.0070997667717643854,0.03549984951378904,0.021299977418604565,0.04259961628555343,0.33536549594523624
2019-06-11,0.1460239550632728,0.4845288604656678,0.4854430431616641,0.4799578162075599,0.4836146341769627,0.023894819770104783,600028.SS,-0.7189074473803626,-0.14199872095184476,-0.1703988036938694,-0.1632986983704493,-0.1703984651422137,0.5077513531583512
2019-06-12,0.11906894339124227,0.480872042496265,0.48270045148096635,0.47904358991885476,0.4817862251922613,-0.3860983459751053,600028.SS,-0.008007390747784504,-0.014199872095184475,-0.02129963886694886,-0.007100105323420089,-0.02839974419036895,-0.7910379832631946
2019-06-13,0.1123294948241253,0.4799578162075599,0.4799578162075599,0.4744725892534557,0.47904358991885476,-0.3680698861491343,600028.SS,0.7028926658847936,-0.021299977418604565,-0.021299977418604565,-0.035499510962133336,-0.007100105323420089,0.03459121678396923
2019-06-14,0.08537448315209434,0.4763009982381571,0.4799578162075599,0.475386771949452,0.47904358991885476,-0.4216149207407361,600028.SS,1.4137927225173716,0.0,0.0,0.0070997667717643854,-0.02839974419036895,-0.10346995445171989
2019-06-17,0.09885129333900113,0.47812940722285846,0.4799578162075599,0.475386771949452,0.4763009982381571,-0.524422189434382,600028.SS,-1.4298075040129405,-0.02129963886694886,0.0,0.0,0.014199872095184475,-0.1984939824548162
2019-06-18,0.11906894339124227,0.480872042496265,0.48270045148096635,0.4772151809341534,0.47904358991885476,-0.5093029430972525,600028.SS,-0.7189074473803626,0.02129963886694886,0.021299977418604565,0.014199872095184475,0.021299977418604565,0.028979510594233156
2019-06-19,0.13928566591133734,0.4836146341769627,0.48727145214636547,0.4817862251922613,0.48635726945036917,-0.17416123736523523,600028.SS,-0.008007390747784504,0.056799826932393604,0.035499510962133336,0.03549984951378904,0.02129963886694886,0.6462845049265508
2019-06-20,0.18645740010346334,0.490014087419772,0.49184249640447336,0.4817862251922613,0.4836146341769627,0.15517207296697932,600028.SS,0.7028926658847936,-0.021299977418604565,0.03549984951378904,0.0,0.04969972160897351,0.6350804428862339
2019-06-21,0.22015139657653782,0.4945850880851711,0.49732772335857756,0.4909282701157683,0.49275667910046966,-0.1443355301448717,600028.SS,1.4137927225173716,0.07099936047592238,0.04259961628555343,0.07099936047592238,0.035499510962133336,-0.5779176611953301
2019-06-24,0.21341310742460237,0.4936709053891748,0.4954993143738762,0.49184249640447336,0.4945850880851711,-0.5033772061880143,600028.SS,-1.4298075040129405,0.014199872095184475,-0.014199872095184475,0.007100105323420089,-0.0070997667717643854,-0.6927554779626922
2019-06-25,0.20667435450659516,0.49275667910046966,0.4945850880851711,0.4890998611310669,0.4945850880851711,-0.39279401114529056,600028.SS,-0.7189074473803626,0.0,-0.007100105323420089,-0.021299977418604565,-0.007100105323420089,0.21312399978438426
2019-06-26,0.25384608869872116,0.499156132343279,0.5000703150392752,0.4909282701157683,0.49275667910046966,-0.2504580396656298,600028.SS,-0.008007390747784504,-0.014199872095184475,0.04259961628555343,0.014199872095184475,0.04969972160897351,0.2743732868359915
2019-06-27,0.23362982994469828,0.4964134970698725,0.5037271766013869,0.4964134970698725,0.5018987240239767,-0.23119650325580454,600028.SS,0.7028926658847936,0.07099936047592238,0.028400082742024654,0.04259961628555343,-0.021299977418604565,0.03696975088762787
2019-06-28,0.2605853053828014,0.5000703150392752,0.5000703150392752,0.4945850880851711,0.4964134970698725,-0.4858077019202017,600028.SS,1.4137927225173716,-0.04259961628555343,-0.028400082742024654,-0.014199872095184475,0.02839974419036895,-0.491315068535486
2019-07-01,0.2673240583008091,0.5009845413279804,0.5037271766013869,0.5000703150392752,0.5028129503126818,-0.34472736720449515,600028.SS,-1.4298075040129405,0.04969972160897351,0.028400082742024654,0.04259961628555343,0.007100105323420089,0.27195123543709326
2019-07-02,0.24036811909663375,0.49732772335857756,0.5009845413279804,0.4954993143738762,0.5000703150392752,-0.3215247623723983,600028.SS,-0.7189074473803626,-0.021299977418604565,-0.021299977418604565,-0.035499510962133336,-0.02839974419036895,0.044571846142672726
2019-07-03,0.19993536970555123,0.49184249640447336,0.4954993143738762,0.4890998611310669,0.4945850880851711,-0.31667914377747586,600028.SS,-0.008007390747784504,-0.04259961628555343,-0.04259961628555343,-0.04969972160897351,-0.04259961628555343,0.00916227111933165
2019-07-04,0.24710733578071356,0.4982419060545739,0.4982419060545739,0.49184249640447336,0.49275667910046966,-0.37283691680390646,600028.SS,0.7028926658847936,-0.014199872095184475,0.02129963886694886,0.021299977418604565,0.04969938305731781,-0.10850977724338717
2019-07-05,0.22689061326061719,0.4954993143738762,0.49732772335857756,0.49275667910046966,0.49732772335857756,-0.46221990934351137,600028.SS,1.4137927225173716,0.03549984951378904,-0.0070997667717643854,0.0070997667717643854,-0.02129963886694886,-0.17259932265232955
2019-07-08,0.16624021381729526,0.48727145214636547,0.4936709053891748,0.4854430431616641,0.4936709053891748,-0.3894482469908073,600028.SS,-1.4298075040129405,-0.02839974419036895,-0.02839974419036895,-0.0567994883807379,-0.06389959370415799,0.14018771894633483
2019-07-09,0.11906894339124227,0.480872042496265,0.48727145214636547,0.4799578162075599,0.48635726945036917,-0.3548697955733341,600028.SS,-0.7189074473803626,-0.0567994883807379,-0.04969972160897351,-0.04259961628555343,-0.04969938305731781,0.06651520263455542
2019-07-10,0.07863480270194237,0.475386771949452,0.48270045148096635,0.4744725892534557,0.48270045148096635,-0.3081006601404506,600028.SS,-0.008007390747784504,-0.02839974419036895,-0.035499510962133336,-0.04259961628555343,-0.04259995483720913,0.09003033385774882
2019-07-11,0.0921130041870661,0.4772151809341534,0.4799578162075599,0.475386771949452,0.47904358991885476,-0.2465526004264677,600028.SS,0.7028926658847936,-0.028400082742024654,-0.021299977418604565,0.0070997667717643854,0.014199872095184475,0.11853803230751452
2019-07-12,0.10559004625700875,0.47904358991885476,0.480872042496265,0.475386771949452,0.4763009982381571,-0.4637796737335829,600028.SS,1.4137927225173716,-0.02129963886694886,0.007100105323420089,0.0,0.014199872095184475,-0.41920323196179266
2019-07-15,0.11906894339124227,0.480872042496265,0.4817862251922613,0.47355836296475057,0.47904358991885476,-0.44319624245376615,600028.SS,-1.4298075040129405,0.02129963886694886,0.0070997667717643854,-0.014199872095184475,0.014200210646840178,0.03951961037802411
2019-07-16,0.1460239550632728,0.4845288604656678,0.48635726945036917,0.4799578162075599,0.480872042496265,-0.4639103389176645,600028.SS,-0.7189074473803626,0.014200210646840178,0.03549984951378904,0.04969972160897351,0.02839974419036895,-0.04014095525220166
2019-07-17,0.13254621734422078,0.48270045148096635,0.4845288604656678,0.480872042496265,0.48270045148096635,-0.5838635184094307,600028.SS,-0.008007390747784504,0.014199872095184475,-0.014199872095184475,0.007100105323420089,-0.014199872095184475,-0.23156746232266456
2019-07-18,0.10559004625700875,0.47904358991885476,0.4836146341769627,0.47812940722285846,0.48270045148096635,-0.5983309171639452,600028.SS,0.7028926658847936,0.0,-0.007100105323420089,-0.021299977418604565,-0.028400082742024654,-0.028091433161226323
2019-07-19,0.13928566591133734,0.4836146341769627,0.4854430431616641,0.47904358991885476,0.4799578162075599,-0.5044431622747343,600028.SS,1.4137927225173716,-0.021299977418604565,0.014199872095184475,0.0070997667717643854,0.03549984951378904,0.18091945198849788
2019-07-22,0.11906894339124227,0.480872042496265,0.4845288604656678,0.4799578162075599,0.4836146341769627,-0.5141787682328761,600028.SS,-1.4298075040129405,0.02839974419036895,-0.0070997667717643854,0.007100105323420089,-0.02129963886694886,-0.018964075878648307
2019-07-23,0.11906894339124227,0.480872042496265,0.4836146341769627,0.47812940722285846,0.4799578162075599,-0.5131212349446735,600028.SS,-0.7189074473803626,-0.02839974419036895,-0.007100105323420089,-0.014199872095184475,0.0,0.0018552715318132203
2019-07-24,0.13254621734422078,0.48270045148096635,0.48635726945036917,0.480872042496265,0.4817862251922613,-0.5113243836839417,600028.SS,-0.008007390747784504,0.014199872095184475,0.021299977418604565,0.021299977418604565,0.014199872095184475,0.003281373555105495
2019-07-25,0.13928566591133734,0.4836146341769627,0.4854430431616641,0.480872042496265,0.4836146341769627,-0.5420502619671074,600028.SS,0.7028926658847936,0.014199872095184475,-0.007100105323420089,0.0,0.0070997667717643854,-0.059453108939431044
2019-07-26,0.13254621734422078,0.48270045148096635,0.4854430431616641,0.47904358991885476,0.4817862251922613,-0.4778116523160619,600028.SS,1.4137927225173716,-0.014199872095184475,0.0,-0.014200210646840178,-0.0070997667717643854,0.12372794903020227
2019-07-29,0.1123294948241253,0.4799578162075599,0.48270045148096635,0.4799578162075599,0.48270045148096635,-0.4843917089862412,600028.SS,-1.4298075040129405,0.007100105323420089,-0.02129963886694886,0.007100105323420089,-0.021299977418604565,-0.01287720204171734
2019-07-30,0.11906894339124227,0.480872042496265,0.4836146341769627,0.4799578162075599,0.480872042496265,-0.6331401756222105,600028.SS,-0.7189074473803626,-0.014199872095184475,0.0070997667717643854,0.0,0.007100105323420089,-0.2871119219239074
2019-07-31,0.12580723254317686,0.4817862251922613,0.4817862251922613,0.47904358991885476,0.480872042496265,-0.6046493266792913,600028.SS,-0.008007390747784504,0.0,-0.014199872095184475,-0.007100105323420089,0.0070997667717643854,0.054772566139111946
2019-08-01,0.09885129333900113,0.47812940722285846,0.4817862251922613,0.4763009982381571,0.4799578162075599,-0.4689923797523908,600028.SS,0.7028926658847936,-0.007100105323420089,0.0,-0.02129963886694886,-0.02839974419036895,0.2614898310264118
2019-08-02,0.031463764158924816,0.4689873622993515,0.47355836296475057,0.4680731360106464,0.47355836296475057,-0.19925192180749382,600028.SS,1.4137927225173716,-0.04969972160897351,-0.06389959370415799,-0.06389959370415799,-0.07099936047592238,0.5201292439148927
2019-08-05,-0.029187562816543194,0.4607595000718408,0.4680731360106464,0.4598453173758445,0.46715895331465007,-0.34938301939303007,600028.SS,-1.4298075040129405,-0.04969938305731781,-0.04259961628555343,-0.06389925515250229,-0.06389959370415799,-0.28977893783304065
2019-08-06,-0.06288225493872612,0.4561884558137329,0.45801690839114306,0.4525316378443301,0.45436004682903147,-0.19062225538301694,600028.SS,-0.7189074473803626,-0.09939944321794703,-0.07809912724768676,-0.056799826932393604,-0.03549984951378904,0.3060557708686126
2019-08-07,-0.07635952889170552,0.45436004682903147,0.45893109108713936,0.4525316378443301,0.457102682102438,-0.43605175268735613,600028.SS,-0.008007390747784504,0.021299977418604565,0.0070997667717643854,0.0,-0.014199872095184475,-0.47360409250977603
2019-08-08,-0.06962031220762528,0.4552742731177366,0.4561884558137329,0.45344586413303517,0.4552742731177366,-0.48352293086127657,600028.SS,0.7028926658847936,-0.014199872095184475,-0.021299977418604565,0.007100105323420089,0.007100105323420089,-0.0917538333126545
2019-08-09,-0.06962031220762528,0.4552742731177366,0.4561884558137329,0.45344586413303517,0.4561884558137329,-0.5169900014681664,600028.SS,1.4137927225173716,0.0070997667717643854,0.0,0.0,0.0,-0.06474071192535902
2019-08-12,-0.06288225493872612,0.4561884558137329,0.4561884558137329,0.4525316378443301,0.4552742731177366,-0.48027391087118154,600028.SS,-1.4298075040129405,-0.0070997667717643854,0.0,-0.007100105323420089,0.0070997667717643854,0.07063858617484856
2019-08-13,-0.09657625141180101,0.4516174551483338,0.45436004682903147,0.4507032288596287,0.45436004682903147,-0.5239229647001253,600028.SS,-0.7189074473803626,-0.007100105323420089,-0.014199872095184475,-0.014199872095184475,-0.035499510962133336,-0.08438117436998382
2019-08-14,-0.07635952889170552,0.45436004682903147,0.4561884558137329,0.45436004682903147,0.4552742731177366,-0.581352934358392,600028.SS,-0.008007390747784504,0.007100105323420089,0.014199872095184475,0.02839974419036895,0.02129963886694886,-0.1109637716789343
2019-08-15,-0.07635952889170552,0.45436004682903147,0.45436004682903147,0.4470464108902259,0.4488748198749273,-0.5846454535063176,600028.SS,0.7028926658847936,-0.04969972160897351,-0.014199872095184475,-0.0567994883807379,0.0,-0.006535730460693269
2019-08-16,-0.07635952889170552,0.45436004682903147,0.4552742731177366,0.4525316378443301,0.45344586413303517,-0.5619790132187898,600028.SS,1.4137927225173716,0.03549984951378904,0.007100105323420089,0.04259961628555343,0.0,0.04353761544595154
2019-08-19,-0.029187562816543194,0.4607595000718408,0.4607595000718408,0.45436004682903147,0.4561884558137329,-0.43717384212968297,600028.SS,-1.4298075040129405,0.02129963886694886,0.04259961628555343,0.014199872095184475,0.04969972160897351,0.24055737698955662
2019-08-20,-0.02244788236639035,0.4616737263605459,0.46350213534524726,0.4598453173758445,0.4607595000718408,-0.4692315412651638,600028.SS,-0.7189074473803626,0.03549984951378904,0.021299977418604565,0.04259995483720913,0.007100105323420089,-0.06202211508120198
2019-08-21,-0.035925620085441916,0.4598453173758445,0.4616737263605459,0.45893109108713936,0.4616737263605459,-0.6697455151147947,600028.SS,-0.008007390747784504,0.007100105323420089,-0.014199872095184475,-0.007100105323420089,-0.014199872095184475,-0.38696462038001256
2019-08-22,-0.04940335780449305,0.45801690839114306,0.4607595000718408,0.4552742731177366,0.4598453173758445,-0.5450828172776027,600028.SS,0.7028926658847936,-0.014199872095184475,-0.007100105323420089,-0.02839974419036895,-0.014199872095184475,0.24028255424701517
2019-08-23,-0.04940335780449305,0.45801690839114306,0.4598453173758445,0.457102682102438,0.45893109108713936,-0.6416723897709193,600028.SS,1.4137927225173716,-0.007100105323420089,-0.0070997667717643854,0.014199872095184475,0.0,-0.18650040261369594
2019-08-26,-0.07635952889170552,0.45436004682903147,0.4552742731177366,0.4516174551483338,0.4525316378443301,-0.48915928004180326,600028.SS,-1.4298075040129405,-0.04969972160897351,-0.03549984951378904,-0.04259961628555343,-0.028400082742024654,0.29400440360597785
2019-08-27,-0.06288225493872612,0.4561884558137329,0.4598453173758445,0.45436004682903147,0.4552742731177366,-0.3804062547636816,600028.SS,-0.7189074473803626,0.021299977418604565,0.03549984951378904,0.02129963886694886,0.014199872095184475,0.20959370713460873
2019-08-28,-0.06962031220762528,0.4552742731177366,0.45801690839114306,0.45436004682903147,0.4561884558137329,-0.586561838937161,600028.SS,-0.008007390747784504,0.0070997667717643854,-0.014199872095184475,0.0,-0.0070997667717643854,-0.39784696356171756
2019-08-29,-0.06288225493872612,0.4561884558137329,0.457102682102438,0.45344586413303517,0.4561884558137329,-0.5692566651936207,600028.SS,0.7028926658847936,0.0,-0.007100105323420089,-0.0070997667717643854,0.0070997667717643854,0.033196039358422934
2019-08-30,-0.06962031220762528,0.4552742731177366,0.4598453173758445,0.45344586413303517,0.457102682102438,-0.5303611071536897,600028.SS,1.4137927225173716,0.007100105323420089,0.021299977418604565,0.0,-0.0070997667717643854,0.07484265403952038
2019-09-02,-0.04266483676952215,0.45893109108713936,0.4598453173758445,0.4552742731177366,0.4561884558137329,-0.43679333785860147,600028.SS,-1.4298075040129405,-0.007100105323420089,0.0,0.014199872095184475,0.02839974419036895,0.18030221810516425
2019-09-03,-0.04266483676952215,0.45893109108713936,0.4598453173758445,0.4561884558137329,0.45893109108713936,-0.4795438418271128,600028.SS,-0.7189074473803626,0.021299977418604565,0.0,0.0070997667717643854,0.0,-0.08264792315520833
2019-09-04,0.004507361188676476,0.4653305443299487,0.4653305443299487,0.45801690839114306,0.45893109108713936,-0.24680511667140348,600028.SS,-0.008007390747784504,0.0,0.04259961628555343,0.014200210646840178,0.04969972160897351,0.4487550207028568
2019-09-05,0.017985330790764344,0.46715895331465007,0.47264418026875427,0.4653305443299487,0.466244727025945,-0.25416792214540607,600028.SS,0.7028926658847936,0.0567994883807379,0.0567994883807379,0.0567994883807379,0.014199872095184475,-0.014387079650999496
2019-09-06,0.044940342462794866,0.4708157712840529,0.4717299539800492,0.4680731360106464,0.4680731360106464,-0.4062878561366444,600028.SS,1.4137927225173716,0.014199872095184475,-0.007100105323420089,0.02129963886694886,0.02839974419036895,-0.29361528934559156
2019-09-09,0.07189651355000691,0.4744725892534557,0.4763009982381571,0.4708157712840529,0.47355836296475057,-0.28566003284503644,600028.SS,-1.4298075040129405,0.04259961628555343,0.03549984951378904,0.021299977418604565,0.02839974419036895,0.23249951235300875
2019-09-10,0.0921130041870661,0.4772151809341534,0.4772151809341534,0.4744725892534557,0.4763009982381571,-0.43005009878440015,600028.SS,-0.7189074473803626,0.021299977418604565,0.0070997667717643854,0.02839974419036895,0.02129963886694886,-0.27870481661510077
2019-09-11,0.11906894339124227,0.480872042496265,0.4817862251922613,0.4772151809341534,0.47812940722285846,-0.28739109807398433,600028.SS,-0.008007390747784504,0.014199872095184475,0.03549984951378904,0.02129963886694886,0.028400082742024654,0.2749963917200596
2019-09-12,0.08537448315209434,0.4763009982381571,0.480872042496265,0.475386771949452,0.4799578162075599,-0.35047238042430323,600028.SS,0.7028926658847936,0.014199872095184475,-0.0070997667717643854,-0.014199872095184475,-0.03549984951378904,-0.12186483017318452
2019-09-16,0.1797181834193827,0.4890998611310669,0.4945850880851711,0.4854430431616641,0.49275667910046966,0.8280570607943559,600028.SS,-1.4298075040129405,0.09939910466629133,0.10649887143805571,0.07809946579934246,0.09939910466629133,2.273131140187564
2019-09-17,0.13146401921379328,0.4717299539800492,0.4799578162075599,0.4699015449953478,0.4799578162075599,-0.1724067982492509,600028.SS,-0.7189074473803626,-0.09939910466629133,-0.1135989767614758,-0.1206990820848959,-0.13489895418008035,-1.9300221304045533
2019-09-18,0.06942208966961534,0.46350213534524726,0.4680731360106464,0.46350213534524726,0.4680731360106464,-0.35225900755055145,600028.SS,-0.008007390747784504,-0.09229933789452693,-0.09229933789452693,-0.04969938305731781,-0.06389925515250229,-0.34710926000461984
2019-09-19,0.08320915935909495,0.4653305443299487,0.466244727025945,0.4616737263605459,0.46441631804124356,-0.5722595667872115,600028.SS,0.7028926658847936,-0.02839974419036895,-0.014199872095184475,-0.014199872095184475,0.014199872095184475,-0.42455312746367624
2019-09-20,0.06942208966961534,0.46350213534524726,0.46715895331465007,0.4625879090565422,0.466244727025945,-0.418303729813796,600028.SS,1.4137927225173716,0.014199872095184475,0.007100105323420089,0.0070997667717643854,-0.014199872095184475,0.29678734182553046
2019-09-23,0.055635483746208324,0.4616737263605459,0.46350213534524726,0.45893109108713936,0.46350213534524726,-0.5039774610239578,600028.SS,-1.4298075040129405,-0.02129963886694886,-0.02839974419036895,-0.02839974419036895,-0.014199872095184475,-0.16544437000219836
2019-09-24,0.048741601076913416,0.4607595000718408,0.46350213534524726,0.4598453173758445,0.4625879090565422,-0.5488543489279442,600028.SS,-0.7189074473803626,-0.007100105323420089,0.0,0.007100105323420089,-0.007100105323420089,-0.08674959597441828
2019-09-25,0.028061576250284097,0.45801690839114306,0.4598453173758445,0.45801690839114306,0.45893109108713936,-0.5577942737323265,600028.SS,-0.008007390747784504,-0.02839974419036895,-0.02839974419036895,-0.014199872095184475,-0.02129963886694886,-0.017429252507061958
2019-09-26,0.021167461697953315,0.457102682102438,0.4598453173758445,0.4552742731177366,0.4598453173758445,-0.4789776632984458,600028.SS,0.7028926658847936,0.007100105323420089,0.0,-0.021299977418604565,-0.007100105323420089,0.15184807756005742
2019-09-27,0.01427381091169514,0.4561884558137329,0.457102682102438,0.45436004682903147,0.457102682102438,-0.5703499518949994,600028.SS,1.4137927225173716,-0.021299977418604565,-0.021299977418604565,-0.007100105323420089,-0.007100105323420089,-0.17643656080580772
2019-09-30,0.03495453138743337,0.45893109108713936,0.4607595000718408,0.4561884558137329,0.457102682102438,-0.546565062106097,600028.SS,-1.4298075040129405,0.0,0.02839974419036895,0.014199872095184475,0.021299977418604565,0.04569504047297156
2019-10-08,0.021167461697953315,0.457102682102438,0.45893109108713936,0.4561884558137329,0.4561884558137329,-0.5808989790604154,600028.SS,-0.7189074473803626,-0.007100105323420089,-0.014199872095184475,0.0,-0.014199872095184475,-0.06641280887942334
2019-10-09,0.028061576250284097,0.45801690839114306,0.45893109108713936,0.45344586413303517,0.4552742731177366,-0.5947801982455354,600028.SS,-0.008007390747784504,-0.0070997667717643854,0.0,-0.02129963886694886,0.007100105323420089,-0.026960726346314273
2019-10-10,0.021167461697953315,0.457102682102438,0.45801690839114306,0.4552742731177366,0.45801690839114306,-0.6172997240562664,600028.SS,0.7028926658847936,0.021299977418604565,-0.0070997667717643854,0.014199872095184475,-0.007100105323420089,-0.043623525053150286
2019-10-11,0.07631620422194611,0.46441631804124356,0.4653305443299487,0.457102682102438,0.45893109108713936,-0.3878195473367627,600028.SS,1.4137927225173716,0.0070997667717643854,0.0567994883807379,0.014199872095184475,0.0567994883807379,0.4424694674084195
2019-10-14,0.07631620422194611,0.46441631804124356,0.46715895331465007,0.4616737263605459,0.46350213534524726,-0.43903636140363556,600028.SS,-1.4298075040129405,0.03549984951378904,0.014199872095184475,0.03549984951378904,0.0,-0.09897895041237904
2019-10-15,0.048741601076913416,0.4607595000718408,0.46441631804124356,0.4607595000718408,0.46441631804124356,-0.6283420688162709,600028.SS,-0.7189074473803626,0.0070997667717643854,-0.021299977418604565,-0.007100105323420089,-0.02839974419036895,-0.3653445163959132
2019-10-16,0.055635483746208324,0.4616737263605459,0.46350213534524726,0.4598453173758445,0.4616737263605459,-0.5867964225719787,600028.SS,-0.008007390747784504,-0.02129963886694886,-0.0070997667717643854,-0.0070997667717643854,0.007100105323420089,0.07995452239734287
2019-10-17,0.048741601076913416,0.4607595000718408,0.4625879090565422,0.4598453173758445,0.4616737263605459,-0.6939770057817292,600028.SS,0.7028926658847936,0.0,-0.007100105323420089,0.0,-0.007100105323420089,-0.20692985566722144
2019-10-18,0.01427381091169514,0.4561884558137329,0.4616737263605459,0.4561884558137329,0.4616737263605459,-0.5871986422587072,600028.SS,1.4137927225173716,0.0,-0.0070997667717643854,-0.028400082742024654,-0.03549984951378904,0.2057846977111924
2019-10-21,0.007380855774545873,0.4552742731177366,0.457102682102438,0.45436004682903147,0.4561884558137329,-0.5361490418615185,600028.SS,-1.4298075040129405,-0.04259995483720913,-0.03549984951378904,-0.014199872095184475,-0.0070997667717643854,0.09828710560285189
2019-10-22,0.007380855774545873,0.4552742731177366,0.4561884558137329,0.4525316378443301,0.4561884558137329,-0.5387744144941236,600028.SS,-0.7189074473803626,0.0,-0.007100105323420089,-0.014199872095184475,0.0,-0.005248843044611581
2019-10-23,0.0004869731052513943,0.45436004682903147,0.4561884558137329,0.45344586413303517,0.4552742731177366,-0.6279487564253198,600028.SS,-0.008007390747784504,-0.0070997667717643854,0.0,0.007100105323420089,-0.007100105323420089,-0.17219684757953405
2019-10-24,0.01427381091169514,0.4561884558137329,0.457102682102438,0.45436004682903147,0.4561884558137329,-0.5971180900809516,600028.SS,0.7028926658847936,0.0070997667717643854,0.007100105323420089,0.0070997667717643854,0.014199872095184475,0.05928593988941432
2019-10-25,0.021167461697953315,0.457102682102438,0.457102682102438,0.45436004682903147,0.457102682102438,-0.5499452814695601,600028.SS,1.4137927225173716,0.007100105323420089,0.0,0.0,0.007100105323420089,0.0908089962980106
2019-10-28,0.028061576250284097,0.45801690839114306,0.45893109108713936,0.4552742731177366,0.4561884558137329,-0.49790526928916923,600028.SS,-1.4298075040129405,-0.007100105323420089,0.014199872095184475,0.007100105323420089,0.007100105323420089,0.1001975532050994
2019-10-29,0.01427381091169514,0.4561884558137329,0.45893109108713936,0.4561884558137329,0.457102682102438,-0.6018511500240038,600028.SS,-0.7189074473803626,0.007100105323420089,0.0,0.0070997667717643854,-0.014200210646840178,-0.2006902998662932
2019-10-30,-0.006406677681006782,0.45344586413303517,0.457102682102438,0.45344586413303517,0.4561884558137329,-0.6178835059853748,600028.SS,-0.008007390747784504,-0.007100105323420089,-0.014199872095184475,-0.02129963886694886,-0.02129963886694886,-0.03111014597761942
2019-10-31,-0.047767191100338016,0.447960637178931,0.4525316378443301,0.4470464108902259,0.4525316378443301,-0.38206493734430746,600028.SS,0.7028926658847936,-0.02839974419036895,-0.03549984951378904,-0.04969972160897351,-0.04259961628555343,0.4546958623827448
2019-11-01,-0.054660841886596194,0.4470464108902259,0.447960637178931,0.44430381920952816,0.4461322281942296,-0.33468066431349813,600028.SS,1.4137927225173716,-0.04969938305731781,-0.035499510962133336,-0.02129963886694886,-0.007100105323420089,0.0912168990510769
2019-11-04,-0.047767191100338016,0.447960637178931,0.44978904616363236,0.4470464108902259,0.4488748198749273,-0.45893783794418935,600028.SS,-1.4298075040129405,0.02129963886694886,0.014199872095184475,0.02129963886694886,0.007100105323420089,-0.23986962049793492
2019-11-05,-0.027087166273708704,0.4507032288596287,0.4525316378443301,0.4470464108902259,0.44978904616363236,-0.5212036617141413,600028.SS,-0.7189074473803626,0.007100105323420089,0.02129963886694886,0.0,0.02129963886694886,-0.1202918572784586
2019-11-06,-0.027087166273708704,0.4507032288596287,0.4516174551483338,0.44978904616363236,0.4516174551483338,-0.5866435823210037,600028.SS,-0.008007390747784504,0.014199872095184475,-0.0070997667717643854,0.021299977418604565,0.0,-0.12641450827496706
2019-11-07,-0.020193283604414223,0.4516174551483338,0.4516174551483338,0.4488748198749273,0.44978904616363236,-0.601122484779688,600028.SS,0.7028926658847936,-0.014199872095184475,0.0,-0.007100105323420089,0.007100105323420089,-0.028113623147675588
2019-11-08,-0.027087166273708704,0.4507032288596287,0.45344586413303517,0.447960637178931,0.4525316378443301,-0.4896640392255282,600028.SS,1.4137927225173716,0.02129963886694886,0.014199872095184475,-0.0070997667717643854,-0.007100105323420089,0.21481230788945607
2019-11-11,-0.07534156236233441,0.44430381920952816,0.44978904616363236,0.44430381920952816,0.44978904616363236,-0.44514551158324656,600028.SS,-1.4298075040129405,-0.02129963886694886,-0.02839974419036895,-0.02839974419036895,-0.04969938305731781,0.0856890403371356
2019-11-12,-0.06844814345911254,0.44521800190552446,0.4470464108902259,0.4433895929208231,0.44521800190552446,-0.5608943542955386,600028.SS,-0.7189074473803626,-0.03549984951378904,-0.021299977418604565,-0.007100105323420089,0.0070997667717643854,-0.2234575374857268
2019-11-13,-0.06844814345911254,0.44521800190552446,0.4461322281942296,0.4433895929208231,0.4461322281942296,-0.5370289882694732,600028.SS,-0.008007390747784504,0.007100105323420089,-0.0070997667717643854,0.0,0.0,0.04585027452504319
2019-11-14,-0.08223521314859217,0.4433895929208231,0.44521800190552446,0.4433895929208231,0.44521800190552446,-0.5639795955772918,600028.SS,0.7028926658847936,-0.007100105323420089,-0.007100105323420089,0.0,-0.014199872095184475,-0.052170827463167924
2019-11-15,-0.08223521314859217,0.4433895929208231,0.4461322281942296,0.4424754102248268,0.44430381920952816,-0.4980821791155539,600028.SS,1.4137927225173716,-0.0070997667717643854,0.007100105323420089,-0.0070997667717643854,0.0,0.126927692356996
2019-11-18,-0.04087423596318875,0.4488748198749273,0.4488748198749273,0.4433895929208231,0.44430381920952816,-0.47979774944879483,600028.SS,-1.4298075040129405,0.0,0.02129963886694886,0.0070997667717643854,0.04259961628555343,0.035084967945733674
2019-11-19,-0.047767191100338016,0.447960637178931,0.44978904616363236,0.4461322281942296,0.4470464108902259,-0.5524673568017622,600028.SS,-0.7189074473803626,0.02129963886694886,0.007100105323420089,0.021299977418604565,-0.0070997667717643854,-0.1403601599153784
2019-11-20,-0.033980353293894275,0.44978904616363236,0.4516174551483338,0.4461322281942296,0.4470464108902259,-0.5312621229809449,600028.SS,-0.008007390747784504,0.0,0.014199872095184475,0.0,0.014199872095184475,0.04071903186479714
2019-11-21,-0.020193283604414223,0.4516174551483338,0.45344586413303517,0.447960637178931,0.44978904616363236,-0.5056263604868365,600028.SS,0.7028926658847936,0.021299977418604565,0.014199872095184475,0.014199872095184475,0.014199872095184475,0.04926526790937527
2019-11-22,-0.020193283604414223,0.4516174551483338,0.45436004682903147,0.4507032288596287,0.4525316378443301,-0.43585542570155716,600028.SS,1.4137927225173716,0.02129963886694886,0.0070997667717643854,0.02129963886694886,0.0,0.13439948734063925
2019-11-25,0.03495453138743337,0.45893109108713936,0.4598453173758445,0.4507032288596287,0.4507032288596287,-0.2772207676321803,600028.SS,-1.4298075040129405,-0.014199872095184475,0.04259995483720913,0.0,0.0567994883807379,0.3058125197320613
2019-11-26,0.04184818217369154,0.4598453173758445,0.4607595000718408,0.4561884558137329,0.4598453173758445,-0.4133502608865286,600028.SS,-0.7189074473803626,0.07099969902757808,0.0070997667717643854,0.04259961628555343,0.007100105323420089,-0.26277064504430836
2019-11-27,0.03495453138743337,0.45893109108713936,0.4607595000718408,0.4561884558137329,0.45893109108713936,-0.56585691065218,600028.SS,-0.008007390747784504,-0.007100105323420089,0.0,0.0,-0.007100105323420089,-0.2943612419246187
2019-11-28,0.028061576250284097,0.45801690839114306,0.4598453173758445,0.4561884558137329,0.45893109108713936,-0.6677393983068244,600028.SS,0.7028926658847936,0.0,-0.0070997667717643854,0.0,-0.0070997667717643854,-0.19671013279901736
2019-11-29,0.01427381091169514,0.4561884558137329,0.45801690839114306,0.45344586413303517,0.457102682102438,-0.5676438607766014,600028.SS,1.4137927225173716,-0.014199872095184475,-0.014199872095184475,-0.02129963886694886,-0.014200210646840178,0.19289390914151175
2019-12-02,-0.01329986470119192,0.4525316378443301,0.45436004682903147,0.4507032288596287,0.45344586413303517,-0.5456929670383533,600028.SS,-1.4298075040129405,-0.02839974419036895,-0.028400082742024654,-0.021299977418604565,-0.02839974419036895,0.042157367136558474
2019-12-03,-0.027087166273708704,0.4507032288596287,0.45344586413303517,0.4488748198749273,0.4525316378443301,-0.5978027281896537,600028.SS,-0.7189074473803626,-0.007100105323420089,-0.0070997667717643854,-0.014199872095184475,-0.014199872095184475,-0.10070139419314955
2019-12-04,-0.04087423596318875,0.4488748198749273,0.4507032288596287,0.447960637178931,0.4507032288596287,-0.6600117974536657,600028.SS,-0.008007390747784504,-0.014199872095184475,-0.021299977418604565,-0.0070997667717643854,-0.014199872095184475,-0.12018238108721296
2019-12-05,-0.027087166273708704,0.4507032288596287,0.4516174551483338,0.4488748198749273,0.4516174551483338,-0.6141306336910413,600028.SS,0.7028926658847936,0.007100105323420089,0.007100105323420089,0.0070997667717643854,0.014199872095184475,0.08831748736593398
2019-12-06,-0.033980353293894275,0.44978904616363236,0.4516174551483338,0.447960637178931,0.4507032288596287,-0.5334866300345477,600028.SS,1.4137927225173716,-0.007100105323420089,0.0,-0.0070997667717643854,-0.0070997667717643854,0.15537301441936704
2019-12-09,-0.01329986470119192,0.4525316378443301,0.4525316378443301,0.4488748198749273,0.44978904616363236,-0.524112465243763,600028.SS,-1.4298075040129405,-0.0070997667717643854,0.0070997667717643854,0.0070997667717643854,0.02129963886694886,0.0178975773508263
2019-12-10,-0.020193283604414223,0.4516174551483338,0.45344586413303517,0.4507032288596287,0.4525316378443301,-0.6624586142115032,600028.SS,-0.7189074473803626,0.02129963886694886,0.007100105323420089,0.014199872095184475,-0.0070997667717643854,-0.26704644695264745
2019-12-11,-0.006406677681006782,0.45344586413303517,0.45436004682903147,0.4525316378443301,0.45344586413303517,-0.54836909386468,600028.SS,-0.008007390747784504,0.007100105323420089,0.0070997667717643854,0.014199872095184475,0.014199872095184475,0.2198875004651397
2019-12-12,-0.01329986470119192,0.4525316378443301,0.45436004682903147,0.4525316378443301,0.45436004682903147,-0.6260621365184409,600028.SS,0.7028926658847936,0.0070997667717643854,0.0,0.0,-0.007100105323420089,-0.15005007888465507
2019-12-13,0.01427381091169514,0.4561884558137329,0.4561884558137329,0.45344586413303517,0.45436004682903147,-0.44890811109179735,600028.SS,1.4137927225173716,0.0,0.014199872095184475,0.007100105323420089,0.02839974419036895,0.3415353186354006
2019-12-16,0.028061576250284097,0.45801690839114306,0.4598453173758445,0.4552742731177366,0.457102682102438,-0.484431015379323,600028.SS,-1.4298075040129405,0.021299977418604565,0.028400082742024654,0.014199872095184475,0.014200210646840178,-0.06870629734387201
2019-12-17,0.07631620422194611,0.46441631804124356,0.466244727025945,0.4561884558137329,0.45893109108713936,-0.10008706003293404,600028.SS,-0.7189074473803626,0.014199872095184475,0.04969938305731781,0.0070997667717643854,0.04969938305731781,0.7411928262886425
2019-12-18,0.06942208966961534,0.46350213534524726,0.46715895331465007,0.4616737263605459,0.46441631804124356,-0.44985363855192606,600028.SS,-0.008007390747784504,0.04259961628555343,0.007100105323420089,0.04259995483720913,-0.0070997667717643854,-0.6748643460858746
2019-12-19,0.06252867076639346,0.4625879090565422,0.46441631804124356,0.4607595000718408,0.46350213534524726,-0.6499899405759947,600028.SS,0.7028926658847936,-0.0070997667717643854,-0.021299977418604565,-0.007100105323420089,-0.007100105323420089,-0.3862361130603105
2019-12-20,0.055635483746208324,0.4616737263605459,0.46441631804124356,0.4616737263605459,0.4616737263605459,-0.5793141761004146,600028.SS,1.4137927225173716,-0.014199872095184475,0.0,0.007100105323420089,-0.0070997667717643854,0.13614485198754228
2019-12-23,0.01427381091169514,0.4561884558137329,0.4625879090565422,0.4561884558137329,0.4625879090565422,-0.5178712398688141,600028.SS,-1.4298075040129405,0.0070997667717643854,-0.014199872095184475,-0.04259995483720913,-0.04259995483720913,0.11833525513112825
2019-12-24,0.03495453138743337,0.45893109108713936,0.4598453173758445,0.4561884558137329,0.4561884558137329,-0.7059640767179325,600028.SS,-0.7189074473803626,-0.04969972160897351,-0.02129963886694886,0.0,0.021299977418604565,-0.3630049585481506
2019-12-25,0.028061576250284097,0.45801690839114306,0.4598453173758445,0.457102682102438,0.45893109108713936,-0.702390089508043,600028.SS,-0.008007390747784504,0.021299977418604565,0.0,0.007100105323420089,-0.0070997667717643854,0.006709367012492348
2019-12-26,0.03495453138743337,0.45893109108713936,0.4598453173758445,0.457102682102438,0.457102682102438,-0.6919563292099498,600028.SS,0.7028926658847936,-0.014199872095184475,0.0,0.0,0.0070997667717643854,0.019941476394257338
2019-12-27,0.055635483746208324,0.4616737263605459,0.4653305443299487,0.45893109108713936,0.45893109108713936,-0.4229552948331388,600028.SS,1.4137927225173716,0.014199872095184475,0.04259961628555343,0.014199872095184475,0.021299977418604565,0.5187029382038199
2019-12-30,0.07631620422194611,0.46441631804124356,0.4653305443299487,0.4607595000718408,0.4616737263605459,-0.3790422521126059,600028.SS,-1.4298075040129405,0.021299977418604565,0.0,0.014199872095184475,0.02129963886694886,0.08452109460327954
2019-12-31,0.09699669281464804,0.46715895331465007,0.4680731360106464,0.4625879090565422,0.46350213534524726,-0.298235246185687,600028.SS,-0.7189074473803626,0.014199872095184475,0.02129963886694886,0.014199872095184475,0.021299977418604565,0.15568743646278044
2020-01-02,0.1383572062339797,0.47264418026875427,0.4744725892534557,0.46715895331465007,0.4689873622993515,-0.07545430003928084,600028.SS,0.7028926658847936,0.04259961628555343,0.04969972160897351,0.03549984951378904,0.04259961628555343,0.42954703534294375
2020-01-03,0.20729301844745213,0.4817862251922613,0.4836146341769627,0.47355836296475057,0.4744725892534557,0.17203512432638954,600028.SS,1.4137927225173716,0.04259961628555343,0.07099936047592238,0.04969938305731781,0.07099936047592238,0.4772082746070364
2020-01-06,0.2693342523425212,0.490014087419772,0.4945850880851711,0.4836146341769627,0.4854430431616641,0.46002487346369925,600028.SS,-1.4298075040129405,0.08519923257110686,0.08519923257110686,0.07809946579934246,0.06389959370415799,0.5553310813653086
2020-01-07,0.19350502122582686,0.4799578162075599,0.4845288604656678,0.475386771949452,0.4845288604656678,-0.06735096534959926,600028.SS,-0.7189074473803626,-0.0070997667717643854,-0.07809912724768676,-0.06389959370415799,-0.07809946579934246,-1.0174624363157112
2020-01-08,0.2141855098185288,0.48270045148096635,0.48270045148096635,0.48270045148096635,0.48270045148096635,-0.06304757372649747,600028.SS,-0.008007390747784504,-0.014199872095184475,-0.014199872095184475,0.056799826932393604,0.021299977418604565,0.008116346347678237
2020-01-09,0.15214427592345933,0.4744725892534557,0.4772151809341534,0.47264418026875427,0.4744725892534557,-0.21016971971419815,600028.SS,0.7028926658847936,-0.06389959370415799,-0.04259995483720913,-0.07809946579934246,-0.06389959370415799,-0.28397484254372796
2020-01-10,0.13146401921379328,0.4717299539800492,0.4744725892534557,0.4699015449953478,0.47355836296475057,-0.5607568005542624,600028.SS,1.4137927225173716,-0.007100105323420089,-0.02129963886694886,-0.021299977418604565,-0.021299977418604565,-0.6764470480675319
2020-01-13,0.11767671764127778,0.4699015449953478,0.4699015449953478,0.4699015449953478,0.4699015449953478,-0.3319220362999223,600028.SS,-1.4298075040129405,-0.02839974419036895,-0.03549984951378904,0.0,-0.014199872095184475,0.4412245037302352
2020-01-14,0.11767671764127778,0.4699015449953478,0.4699015449953478,0.4699015449953478,0.4699015449953478,-0.32762977569079055,600028.SS,-0.7189074473803626,0.0,0.0,0.0,0.0,0.008094875259278085
2020-01-15,0.08320915935909495,0.4653305443299487,0.4699015449953478,0.4653305443299487,0.4699015449953478,-0.5383957550395315,600028.SS,-0.008007390747784504,0.0,0.0,-0.035499510962133336,-0.035499510962133336,-0.40674015178643136
2020-01-16,0.06942208966961534,0.46350213534524726,0.46715895331465007,0.4625879090565422,0.466244727025945,-0.5245216542372294,600028.SS,0.7028926658847936,-0.02839974419036895,-0.02129963886694886,-0.021299977418604565,-0.014199872095184475,0.026577696175417432
2020-01-17,0.06942208966961534,0.46350213534524726,0.466244727025945,0.4616737263605459,0.46441631804124356,-0.4782885032153184,600028.SS,1.4137927225173716,-0.014199872095184475,-0.007100105323420089,-0.0070997667717643854,0.0,0.08899645062841803
2020-01-20,0.055635483746208324,0.4616737263605459,0.46441631804124356,0.4607595000718408,0.46350213534524726,-0.47010237539773114,600028.SS,-1.4298075040129405,-0.0070997667717643854,-0.014199872095184475,-0.007100105323420089,-0.014199872095184475,0.015605922076402877
2020-01-21,0.028061576250284097,0.45801690839114306,0.4616737263605459,0.457102682102438,0.4607595000718408,-0.38940255517230077,600028.SS,-0.7189074473803626,-0.021299977418604565,-0.02129963886694886,-0.02839974419036895,-0.02839974419036895,0.15548068138385576
2020-01-22,0.007380855774545873,0.4552742731177366,0.45801690839114306,0.4525316378443301,0.457102682102438,-0.34778755128180905,600028.SS,-0.008007390747784504,-0.02839974419036895,-0.02839974419036895,-0.03549984951378904,-0.021299977418604565,0.08008830932428265
2020-01-23,-0.020193283604414223,0.4516174551483338,0.45436004682903147,0.447960637178931,0.45344586413303517,-0.1658404255209109,600028.SS,0.7028926658847936,-0.02839974419036895,-0.028400082742024654,-0.035499510962133336,-0.02839974419036895,0.35078093464705756
2020-02-03,-0.2407859348700224,0.4223628678004026,0.433333321708611,0.4104781876034891,0.41139241389219416,0.49067294024463104,600028.SS,-1.4298075040129405,-0.3265973967408986,-0.1632986983704493,-0.2910978857787653,-0.22719829207460732,1.2661920300129963
2020-02-04,-0.22699909706357865,0.424191276785104,0.42510550307380907,0.415049231861597,0.4187060498309998,-0.10641373705921447,600028.SS,-0.7189074473803626,0.0567994883807379,-0.06389925515250229,0.03549984951378904,0.014199872095184475,-1.1519306509550105
2020-02-05,-0.22699909706357865,0.424191276785104,0.4296765037392082,0.41962027611970487,0.4232770940891077,-0.10125799673745986,600028.SS,-0.008007390747784504,0.03549984951378904,0.035499510962133336,0.03549984951378904,0.0,0.009760478167632106
2020-02-06,-0.1856374242290659,0.4296765037392082,0.4324191390126147,0.4232770940891077,0.4287623210432119,-0.21578393730835466,600028.SS,0.7028926658847936,0.04259961628555343,0.021299977418604565,0.02839974419036895,0.04259961628555343,-0.22109862929880894
2020-02-07,-0.1649573994024366,0.4324191390126147,0.433333321708611,0.42601968576980537,0.4296765037392082,-0.2609221245229875,600028.SS,1.4137927225173716,0.0070997667717643854,0.0070997667717643854,0.02129963886694886,0.021299977418604565,-0.08725362737828503
2020-02-10,-0.17874423720888033,0.43059073002791326,0.433333321708611,0.4278480947545068,0.433333321708611,-0.1399293878336601,600028.SS,-1.4298075040129405,0.02839974419036895,0.0,0.014199872095184475,-0.014199872095184475,0.23320340939616285
2020-02-11,-0.17185105018869476,0.4315049127239096,0.4342475479973161,0.4287623210432119,0.43059073002791326,-0.1259086272261978,600028.SS,-0.7189074473803626,-0.02129963886694886,0.007100105323420089,0.007100105323420089,0.0070997667717643854,0.026860594539377256
2020-02-12,-0.1649573994024366,0.4324191390126147,0.4324191390126147,0.4278480947545068,0.4315049127239096,-0.32752899404923685,600028.SS,-0.008007390747784504,0.0070997667717643854,-0.014199872095184475,-0.007100105323420089,0.007100105323420089,-0.3890987890551438
2020-02-13,-0.1856374242290659,0.4296765037392082,0.433333321708611,0.4296765037392082,0.4324191390126147,-0.2815949331242413,600028.SS,0.7028926658847936,0.007100105323420089,0.0070997667717643854,0.014199872095184475,-0.021299977418604565,0.08841952296237131
2020-02-14,-0.17874423720888033,0.43059073002791326,0.4315049127239096,0.4278480947545068,0.4287623210432119,-0.4379792939781829,600028.SS,1.4137927225173716,-0.02839974419036895,-0.014199872095184475,-0.014199872095184475,0.007100105323420089,-0.3018411245113145
2020-02-17,-0.130489377354182,0.4369901832707226,0.4379043659667189,0.4296765037392082,0.43059073002791326,-0.19383122359963043,600028.SS,-1.4298075040129405,0.014199872095184475,0.04969972160897351,0.014199872095184475,0.04969972160897351,0.4707629941477205
2020-02-18,-0.15117032971295655,0.4342475479973161,0.4379043659667189,0.433333321708611,0.4369901832707226,-0.11488944516211659,600028.SS,-0.7189074473803626,0.04969972160897351,0.0,0.02839974419036895,-0.021299977418604565,0.15208951946985177
2020-02-19,-0.15806398049921472,0.433333321708611,0.4360759569820175,0.4324191390126147,0.43516177428602115,-0.27177196858324515,600028.SS,-0.008007390747784504,-0.014199872095184475,-0.014199872095184475,-0.0070997667717643854,-0.007100105323420089,-0.30280205157029455
2020-02-20,-0.12359595845096014,0.4379043659667189,0.4379043659667189,0.4342475479973161,0.43516177428602115,-0.10440552076311807,600028.SS,0.7028926658847936,0.0,0.014199872095184475,0.014199872095184475,0.03549984951378904,0.322655642032883
2020-02-21,-0.12359595845096014,0.4379043659667189,0.4379043659667189,0.4360759569820175,0.4360759569820175,-0.2418187081419691,600028.SS,1.4137927225173716,0.0070997667717643854,0.0,0.014199872095184475,0.0,-0.2652468174846706
2020-02-24,-0.17185105018869476,0.4315049127239096,0.4360759569820175,0.43059073002791326,0.43516177428602115,-0.04952406259523235,600028.SS,-1.4298075040129405,-0.0070997667717643854,-0.014199872095184475,-0.04259961628555343,-0.04969972160897351,0.3707407076418297
2020-02-25,-0.2132122592571349,0.42601968576980537,0.4287623210432119,0.424191276785104,0.4269339120585105,0.051582446794220076,600028.SS,-0.7189074473803626,-0.06389959370415799,-0.0567994883807379,-0.04969972160897351,-0.04259961628555343,0.19484401595280193
2020-02-26,-0.19942472580158224,0.4278480947545068,0.4296765037392082,0.4214486851044063,0.4232770940891077,0.03989626729089825,600028.SS,-0.008007390747784504,-0.02839974419036895,0.0070997667717643854,-0.02129963886694886,0.014199872095184475,-0.0227266205248237
2020-02-27,-0.2132122592571349,0.42601968576980537,0.4287623210432119,0.42510550307380907,0.4278480947545068,-0.2102814336016153,600028.SS,0.7028926658847936,0.035499510962133336,-0.0070997667717643854,0.02839974419036895,-0.014199872095184475,-0.4827631052697833
2020-02-28,-0.25457277267646616,0.4205344588157012,0.42510550307380907,0.41687764084629836,0.4214486851044063,0.18478011047609683,600028.SS,1.4137927225173716,-0.04969938305731781,-0.02839974419036895,-0.06389959370415799,-0.04259961628555343,0.7618664410829148
2020-03-02,-0.1856374242290659,0.4296765037392082,0.4324191390126147,0.4223628678004026,0.4223628678004026,0.1111660813105937,600028.SS,-1.4298075040129405,0.0070997667717643854,0.0567994883807379,0.04259961628555343,0.07099936047592238,-0.14218189549836546
2020-03-03,-0.17874423720888033,0.43059073002791326,0.43516177428602115,0.4278480947545068,0.433333321708611,-0.02759038093271584,600028.SS,-0.7189074473803626,0.08519923257110686,0.021299977418604565,0.04259961628555343,0.007100105323420089,-0.2678379177598176
2020-03-04,-0.17874423720888033,0.43059073002791326,0.4324191390126147,0.4287623210432119,0.43059073002791326,-0.3556915960986025,600028.SS,-0.008007390747784504,-0.02129963886694886,-0.021299977418604565,0.007100105323420089,0.0,-0.63307310109893
2020-03-05,-0.12359595845096014,0.4379043659667189,0.43881859225542397,0.4315049127239096,0.433333321708611,0.14646880643952742,600028.SS,0.7028926658847936,0.02129963886694886,0.04969972160897351,0.02129963886694886,0.0567994883807379,0.9684540047805207
2020-03-06,-0.12359595845096014,0.4379043659667189,0.4406470012401254,0.4324191390126147,0.43516177428602115,0.1514757191414591,600028.SS,1.4137927225173716,0.014200210646840178,0.014199872095184475,0.007100105323420089,0.0,0.00947339821335328
2020-03-09,-0.04087423596318875,0.4488748198749273,0.457102682102438,0.4205344588157012,0.4324191390126147,2.3668511485240917,600028.SS,-1.4298075040129405,-0.021299977418604565,0.12779884885666026,-0.09229933789452693,0.08519923257110686,4.273147664206791
2020-03-10,-0.10291570174129452,0.4406470012401254,0.4488748198749273,0.4315049127239096,0.4433895929208231,0.7839337835320648,600028.SS,-0.7189074473803626,0.08519923257110686,-0.06389959370415799,0.08519923257110686,-0.06389925515250229,-3.0535415823460923
2020-03-11,-0.15117032971295655,0.4342475479973161,0.43973277495142027,0.4342475479973161,0.43973277495142027,0.08272371315117692,600028.SS,-0.008007390747784504,-0.02839974419036895,-0.07099936047592238,0.021299977418604565,-0.04969972160897351,-1.3527787123530164
2020-03-12,-0.22699909706357865,0.424191276785104,0.433333321708611,0.4223628678004026,0.4296765037392082,0.2350763549032269,600028.SS,0.7028926658847936,-0.07809946579934246,-0.04969972160897351,-0.09229933789452693,-0.07809946579934246,0.29369487006929845
2020-03-13,-0.2890403309586477,0.41596345815030206,0.41962027611970487,0.4123066401808993,0.4132208228768956,0.43094562744469633,600028.SS,1.4137927225173716,-0.12779884885666026,-0.10649887143805571,-0.07809912724768676,-0.06389925515250229,0.3776359583717191
2020-03-16,-0.23389228408376422,0.4232770940891077,0.4360759569820175,0.4187060498309998,0.4187060498309998,0.8036462253917309,600028.SS,-1.4298075040129405,0.04259961628555343,0.12779884885666026,0.04969938305731781,0.0567994883807379,0.7187334567587411
2020-03-17,-0.26146572781361543,0.41962027611970487,0.4269339120585105,0.4123066401808993,0.4223628678004026,0.10493639690883476,600028.SS,-0.7189074473803626,0.02839974419036895,-0.07099936047592238,-0.04969938305731781,-0.02839974419036895,-1.3479558889374736
2020-03-18,-0.30282716876509186,0.4141350491656007,0.4223628678004026,0.4132208228768956,0.41962027611970487,0.024259938147434133,600028.SS,-0.008007390747784504,-0.02129963886694886,-0.03549984951378904,0.0070997667717643854,-0.04259961628555343,-0.15580491767596938
2020-03-19,-0.3579754475230121,0.40682136963408627,0.415049231861597,0.4031645516646835,0.4123066401808993,0.05296036942426174,600028.SS,0.7028926658847936,-0.0567994883807379,-0.0567994883807379,-0.07809946579934246,-0.056799826932393604,0.05517683845703022
2020-03-20,-0.31661423845457193,0.4123066401808993,0.4141350491656007,0.40682136963408627,0.41139241389219416,-0.23772932144314773,600028.SS,1.4137927225173716,-0.007100105323420089,-0.0070997667717643854,0.02839974419036895,0.04259995483720913,-0.5609084135369927
2020-03-23,-0.3717627490955284,0.4049929606493849,0.4086497786187877,0.4031645516646835,0.40682136963408627,-0.31207338859520295,600028.SS,-1.4298075040129405,-0.03549984951378904,-0.04259995483720913,-0.02839974419036895,-0.056799826932393604,-0.14359009696023484
2020-03-24,-0.3372949589303097,0.4095640049074928,0.4104781876034891,0.40682136963408627,0.4077355959227914,-0.3470659423052778,600028.SS,-0.7189074473803626,0.007100105323420089,0.014199872095184475,0.02839974419036895,0.03549984951378904,-0.06768328145671697
2020-03-25,-0.30972081955135006,0.4132208228768956,0.41596345815030206,0.41139241389219416,0.41596345815030206,-0.31519787415500455,600028.SS,-0.008007390747784504,0.06389959370415799,0.04259995483720913,0.03549984951378904,0.02839974419036895,0.061287028554020725
2020-03-26,-0.33040177191012415,0.4104781876034891,0.4141350491656007,0.4095640049074928,0.4132208228768956,-0.41915970603039443,600028.SS,0.7028926658847936,-0.021299977418604565,-0.014199872095184475,-0.014199872095184475,-0.021299977418604565,-0.20072106870279519
2020-03-27,-0.33040177191012415,0.4104781876034891,0.4141350491656007,0.4086497786187877,0.4132208228768956,-0.3825571741373161,600028.SS,1.4137927225173716,0.0,0.0,-0.007100105323420089,0.0,0.07041953793928404
2020-03-30,-0.3441888415996046,0.4086497786187877,0.4104781876034891,0.40590718693808997,0.4104781876034891,-0.21562705336871077,600028.SS,-1.4298075040129405,-0.021299977418604565,-0.028400082742024654,-0.02129963886694886,-0.014199872095184475,0.32181399214188483
2020-03-31,-0.3717627490955284,0.4049929606493849,0.4104781876034891,0.40225036896868716,0.4104781876034891,0.14796590918399072,600028.SS,-0.7189074473803626,0.0,0.0,-0.02839974419036895,-0.02839974419036895,0.7011653497386581
2020-04-01,-0.3993366565914522,0.4013361426799821,0.4049929606493849,0.4004219599839858,0.4040787779533886,-0.1306761113207132,600028.SS,-0.008007390747784504,-0.04969938305731781,-0.04259961628555343,-0.014199872095184475,-0.02839974419036895,-0.537669147458512
2020-04-02,-0.2890403309586477,0.41596345815030206,0.41687764084629836,0.3985935509992844,0.3985935509992844,0.7880212260303434,600028.SS,0.7028926658847936,-0.04259961628555343,0.09229933789452693,-0.014199872095184475,0.1135993153131315,1.7719298941605586
2020-04-03,-0.3510824923858628,0.4077355959227914,0.415049231861597,0.40682136963408627,0.415049231861597,0.1893801013832781,600028.SS,1.4137927225173716,0.12779884885666026,-0.014199872095184475,0.06389925515250229,-0.06389959370415799,-1.1549290908464185
2020-04-07,-0.31661423845457193,0.4123066401808993,0.415049231861597,0.4095640049074928,0.4123066401808993,0.14146027874672953,600028.SS,-0.7189074473803626,-0.02129963886694886,0.0,0.021299977418604565,0.03549984951378904,-0.09261924278417583
2020-04-08,-0.3235081211238664,0.41139241389219416,0.41139241389219416,0.40682136963408627,0.4104781876034891,-0.12770780780067897,600028.SS,-0.008007390747784504,-0.014200210646840178,-0.02839974419036895,-0.021299977418604565,-0.007100105323420089,-0.5193944714908589
2020-04-09,-0.31661423845457193,0.4123066401808993,0.4141350491656007,0.41139241389219416,0.4132208228768956,-0.35981528893032383,600028.SS,0.7028926658847936,0.021299977418604565,0.021299977418604565,0.03549984951378904,0.007100105323420089,-0.44790668635033165
2020-04-10,-0.33040177191012415,0.4104781876034891,0.415049231861597,0.4086497786187877,0.41139241389219416,-0.23286181351048507,600028.SS,1.4137927225173716,-0.014199872095184475,0.0070997667717643854,-0.021299977418604565,-0.014200210646840178,0.24470133299568853
2020-04-13,-0.3235081211238664,0.41139241389219416,0.4132208228768956,0.4104781876034891,0.41139241389219416,-0.3284233635679273,600028.SS,-1.4298075040129405,0.0,-0.014199872095184475,0.014199872095184475,0.007100105323420089,-0.18451740621665888
2020-04-14,-0.3235081211238664,0.41139241389219416,0.4123066401808993,0.4086497786187877,0.41139241389219416,-0.23336440487954735,600028.SS,-0.7189074473803626,0.0,-0.0070997667717643854,-0.014199872095184475,0.0,0.18317863703436973
2020-04-15,-0.33040177191012415,0.4104781876034891,0.41139241389219416,0.4086497786187877,0.4104781876034891,-0.3830659583751999,600028.SS,-0.008007390747784504,-0.007100105323420089,-0.007100105323420089,0.0,-0.007100105323420089,-0.28895037188653633
2020-04-16,-0.3441888415996046,0.4086497786187877,0.4104781876034891,0.4086497786187877,0.4086497786187877,-0.34990699696806277,600028.SS,0.7028926658847936,-0.014199872095184475,-0.007100105323420089,0.0,-0.014199872095184475,0.06377708770836499
2020-04-17,-0.28214737582149885,0.41687764084629836,0.4187060498309998,0.4095640049074928,0.41139241389219416,0.46355083332982955,600028.SS,1.4137927225173716,0.021299977418604565,0.06389959370415799,0.007100105323420089,0.06389959370415799,1.5689289128299737
2020-04-20,-0.24767935377324427,0.4214486851044063,0.42510550307380907,0.4132208228768956,0.4132208228768956,0.0024734007873377086,600028.SS,-1.4298075040129405,0.014199872095184475,0.04969972160897351,0.02839974419036895,0.03549984951378904,-0.8895766079753276
2020-04-21,-0.2959342136279426,0.415049231861597,0.41962027611970487,0.4141350491656007,0.4177918671350035,-0.10994621279233953,600028.SS,-0.7189074473803626,0.03549984951378904,-0.04259961628555343,0.007100105323420089,-0.04969972160897351,-0.21703564517627538
2020-04-22,-0.31661423845457193,0.4123066401808993,0.4141350491656007,0.4095640049074928,0.4132208228768956,-0.367829202818045,600028.SS,-0.008007390747784504,-0.03549984951378904,-0.04259961628555343,-0.03549984951378904,-0.02129963886694886,-0.4976261666739351
2020-04-23,-0.2890403309586477,0.41596345815030206,0.4214486851044063,0.4132208228768956,0.4132208228768956,-0.09745426465384786,600028.SS,0.7028926658847936,0.0,0.0567994883807379,0.02839974419036895,0.02839974419036895,0.5213531199169696
2020-04-24,-0.33040177191012415,0.4104781876034891,0.41687764084629836,0.4104781876034891,0.41596345815030206,-0.34694545777515656,600028.SS,1.4137927225173716,0.021299977418604565,-0.03549984951378904,-0.021299977418604565,-0.04259995483720913,-0.48143887110005024
2020-04-27,-0.31661423845457193,0.4123066401808993,0.4132208228768956,0.4095640049074928,0.41139241389219416,-0.4438942477176377,600028.SS,-1.4298075040129405,-0.03549984951378904,-0.02839974419036895,-0.0070997667717643854,0.014200210646840178,-0.1871933124983328
2020-04-28,-0.3717627490955284,0.4049929606493849,0.41139241389219416,0.4049929606493849,0.4104781876034891,-0.16575591180658242,600028.SS,-0.7189074473803626,-0.007100105323420089,-0.014199872095184475,-0.03549984951378904,-0.056799826932393604,0.5363282695086122
2020-04-29,-0.36486886642623395,0.40590718693808997,0.4077355959227914,0.4040787779533886,0.4077355959227914,-0.43063949591252026,600028.SS,-0.008007390747784504,-0.02129963886694886,-0.02839974419036895,-0.0070997667717643854,0.007100105323420089,-0.5111299116835571
2020-04-30,-0.3510824923858628,0.4077355959227914,0.4077355959227914,0.4004219599839858,0.4031645516646835,-0.10901746260270917,600028.SS,0.7028926658847936,-0.03549984951378904,0.0,-0.02839974419036895,0.014199872095184475,0.6202058311867596
2020-05-06,-0.3717627490955284,0.4049929606493849,0.40590718693808997,0.4031645516646835,0.4031645516646835,-0.32530798407200967,600028.SS,-0.008007390747784504,0.0,-0.014199872095184475,0.02129963886694886,-0.021299977418604565,-0.417396677109276
2020-05-07,-0.38555005066804476,0.4031645516646835,0.4049929606493849,0.4031645516646835,0.4049929606493849,-0.4936672599501349,600028.SS,0.7028926658847936,0.014199872095184475,-0.007100105323420089,0.0,-0.014199872095184475,-0.3249400497089744
2020-05-08,-0.3786557042326777,0.4040787779533886,0.4049929606493849,0.4031645516646835,0.4040787779533886,-0.4426951107879868,600028.SS,1.4137927225173716,-0.0070997667717643854,0.0,0.0,0.007100105323420089,0.09813770660661222
2020-05-11,-0.38555005066804476,0.4031645516646835,0.40590718693808997,0.4031645516646835,0.4049929606493849,-0.5046446075392784,600028.SS,-1.4298075040129405,0.0070997667717643854,0.007100105323420089,0.0,-0.007100105323420089,-0.11968168057764043
2020-05-12,-0.3924432376882303,0.40225036896868716,0.4040787779533886,0.40225036896868716,0.4040787779533886,-0.5163291472057207,600028.SS,-0.7189074473803626,-0.0070997667717643854,-0.014199872095184475,-0.0070997667717643854,-0.0070997667717643854,-0.022723457373407606
2020-05-13,-0.38555005066804476,0.4031645516646835,0.4040787779533886,0.4004219599839858,0.40225036896868716,-0.4662464480516245,600028.SS,-0.008007390747784504,-0.014199872095184475,0.0,-0.014199872095184475,0.0070997667717643854,0.09642200848586922
2020-05-14,-0.4062300754946741,0.4004219599839858,0.40225036896868716,0.3995077336952807,0.4013361426799821,-0.5079899368885284,600028.SS,0.7028926658847936,-0.007100105323420089,-0.014199872095184475,-0.007100105323420089,-0.02129963886694886,-0.08070544864487288
2020-05-15,-0.42001737706719044,0.3985935509992844,0.40225036896868716,0.3985935509992844,0.4013361426799821,-0.5365478576444213,600028.SS,1.4137927225173716,0.0,0.0,-0.0070997667717643854,-0.014199872095184475,-0.05527124304284263
2020-05-18,-0.41312372628093225,0.3995077336952807,0.4013361426799821,0.3985935509992844,0.3995077336952807,-0.5322975867978106,600028.SS,-1.4298075040129405,-0.014199872095184475,-0.007100105323420089,0.0,0.0070997667717643854,0.008013879412411438
2020-05-19,-0.3993366565914522,0.4013361426799821,0.4040787779533886,0.4004219599839858,0.4031645516646835,-0.3740441721684116,600028.SS,-0.7189074473803626,0.02839974419036895,0.021299977418604565,0.014199872095184475,0.014199872095184475,0.30507712297272194
2020-05-20,-0.41312372628093225,0.3995077336952807,0.4013361426799821,0.3985935509992844,0.4013361426799821,-0.5874859988258294,600028.SS,-0.008007390747784504,-0.014199872095184475,-0.021299977418604565,-0.014199872095184475,-0.014199872095184475,-0.41190170798108167
2020-05-21,-0.42001737706719044,0.3985935509992844,0.4013361426799821,0.39767932471057926,0.4004219599839858,-0.4282318054141679,600028.SS,0.7028926658847936,-0.0070997667717643854,0.0,-0.007100105323420089,-0.0070997667717643854,0.3070075679223689
2020-05-22,-0.4958459125347762,0.3885372797870723,0.3985935509992844,0.3885372797870723,0.39767932471057926,-0.09910276036901,600028.SS,1.4137927225173716,-0.021299977418604565,-0.02129963886694886,-0.07099936047592238,-0.07809946579934246,0.6346864268471496
2020-05-25,-0.5165266330105145,0.3857946445136658,0.3894515060757774,0.3848804618176695,0.3885372797870723,-0.4860964622870768,600028.SS,-1.4298075040129405,-0.07099936047592238,-0.07099936047592238,-0.02839974419036895,-0.021299977418604565,-0.7466733348747453
2020-05-26,-0.5234195881476638,0.3848804618176695,0.3876230534983672,0.38305205283296806,0.3867088708023709,-0.34818968400749084,600028.SS,-0.7189074473803626,-0.014199872095184475,-0.014200210646840178,-0.014199872095184475,-0.0070997667717643854,0.265829626842756
2020-05-27,-0.53720688972018,0.38305205283296806,0.3857946445136658,0.382137826544263,0.3848804618176695,-0.40535093782013315,600028.SS,-0.008007390747784504,-0.014199872095184475,-0.014199872095184475,-0.007100105323420089,-0.014199872095184475,-0.1104454342038902
2020-05-28,-0.53720688972018,0.38305205283296806,0.3848804618176695,0.3803094175595616,0.382137826544263,-0.4256284836183898,600028.SS,0.7028926658847936,-0.021299977418604565,-0.0070997667717643854,-0.014199872095184475,0.0,-0.039298874022374024
2020-05-29,-0.5716749117684347,0.37848100857486017,0.38305205283296806,0.37848100857486017,0.382137826544263,-0.3885969604592242,600028.SS,1.4137927225173716,0.0,-0.014199872095184475,-0.014199872095184475,-0.03549984951378904,0.07124703752034886
2020-06-01,-0.5303137026999946,0.3839662355289644,0.3848804618176695,0.3793952348635653,0.3793952348635653,-0.22572377749603645,600028.SS,-1.4298075040129405,-0.02129963886694886,0.014199872095184475,0.007100105323420089,0.04259961628555343,0.31398839148337093
2020-06-02,-0.5165266330105145,0.3857946445136658,0.3876230534983672,0.38305205283296806,0.3839662355289644,-0.32878343820455147,600028.SS,-0.7189074473803626,0.035499510962133336,0.02129963886694886,0.02839974419036895,0.014199872095184475,-0.19898083219530915
2020-06-03,-0.5027395633210344,0.3876230534983672,0.3903656887717737,0.3876230534983672,0.3876230534983672,-0.28693014862325644,600028.SS,-0.008007390747784504,0.02839974419036895,0.021299977418604565,0.035499510962133336,0.014199872095184475,0.08054794877361672
2020-06-04,-0.53720688972018,0.38305205283296806,0.3894515060757774,0.382137826544263,0.3894515060757774,-0.27099979796959545,600028.SS,0.7028926658847936,0.014200210646840178,-0.0070997667717643854,-0.04259961628555343,-0.035499510962133336,0.030544084363418603
2020-06-05,-0.5096327503412196,0.3867088708023709,0.3867088708023709,0.3812236438482667,0.3839662355289644,-0.36668447244607477,600028.SS,1.4137927225173716,-0.04259995483720913,-0.021299977418604565,-0.0070997667717643854,0.02839974419036895,-0.18475490616881726
2020-06-08,-0.46137812236955755,0.3931083240451802,0.3931083240451802,0.3876230534983672,0.3885372797870723,-0.0469018764638364,600028.SS,-1.4298075040129405,0.03549984951378904,0.04969972160897351,0.04969938305731781,0.04969972160897351,0.6166576619388295
2020-06-09,-0.46827177315581614,0.39219409775647507,0.3931083240451802,0.3903656887717737,0.3931083240451802,-0.16243070151662312,600028.SS,-0.7189074473803626,0.03549984951378904,0.0,0.021299977418604565,-0.007100105323420089,-0.2230331360224334
2020-06-10,-0.47548472688306387,0.3739100079094611,0.3766525995901588,0.372995781620756,0.3766525995901588,-0.17872673579441664,600028.SS,-0.008007390747784504,-0.12779918740831597,-0.12779918740831597,-0.13489895418008035,-0.14199872095184476,-0.03161876634736634
2020-06-11,-0.51876244924655,0.36842478095535686,0.3739100079094611,0.36842478095535686,0.372995781620756,-0.24937504542527145,600028.SS,0.7028926658847936,-0.02839974419036895,-0.02129963886694886,-0.035499510962133336,-0.04259961628555343,-0.1364611923827498
2020-06-12,-0.5115497274023386,0.3693389636513532,0.37208159892475967,0.3629395322048983,0.3647679411895997,-0.27812941118552653,600028.SS,1.4137927225173716,-0.06389942442833013,-0.014199872095184475,-0.042599785561381276,0.0070997667717643854,-0.055650174204529695
2020-06-15,-0.5476144960385771,0.3647679411895997,0.3675105546666518,0.3647679411895997,0.3675105546666518,-0.4786275829706821,600028.SS,-1.4298075040129405,0.021299808142776714,-0.03549984951378904,0.014199872095184475,-0.03549968023796119,-0.3869341391027302
2020-06-16,-0.5259754029737977,0.3675105546666518,0.3675105546666518,0.3656821456819504,0.3675105546666518,-0.5068614992897968,600028.SS,-0.7189074473803626,0.0,0.0,0.007099936047592238,0.021299808142776714,-0.054646257042212744
2020-06-17,-0.5331883567010455,0.3665963719706555,0.3675105546666518,0.3647679411895997,0.3665963719706555,-0.4532103970673061,600028.SS,-0.008007390747784504,-0.0070997667717643854,0.0,-0.007099936047592238,-0.0070997667717643854,0.10330525361833844
2020-06-18,-0.5331883567010455,0.3665963719706555,0.3675105546666518,0.36385373669724896,0.3647679411895997,-0.1848203944847189,600028.SS,0.7028926658847936,-0.014200041371012327,0.0,-0.007099936047592238,0.0,0.5175242928706661
2020-06-19,-0.5331883567010455,0.3665963719706555,0.36842478095535686,0.3656821456819504,0.3665963719706555,-0.2552482516508352,600028.SS,1.4137927225173716,0.014200041371012327,0.007100105323420089,0.014199872095184475,0.0,-0.13603595220506576
2020-06-22,-0.5476144960385771,0.3647679411895997,0.3675105546666518,0.3647679411895997,0.3665963719706555,-0.3170017195684877,600028.SS,-1.4298075040129405,0.0,-0.007100105323420089,-0.007099936047592238,-0.014200041371012327,-0.11930355218544153
2020-06-23,-0.5620401716100363,0.3629395322048983,0.3656821456819504,0.3620253277125476,0.3647679411895997,-0.2856973515570521,600028.SS,-0.7189074473803626,-0.014200041371012327,-0.014199872095184475,-0.021299808142776714,-0.014199872095184475,0.0601996832731043
2020-06-24,-0.5620401716100363,0.3629395322048983,0.36385373669724896,0.3620253277125476,0.3620253277125476,-0.3916895002573919,600028.SS,-0.008007390747784504,-0.021299808142776714,-0.014199872095184475,0.0,0.0,-0.2046374335682123
2020-06-29,-0.598105172129311,0.35836850974314477,0.3620253277125476,0.35654010075844345,0.3620253277125476,0.06266729066001864,600028.SS,-1.4298075040129405,0.0,-0.014199872095184475,-0.04259961628555311,-0.0354996802379615,0.8762435759987716
2020-06-30,-0.6053178939735224,0.35745430525079414,0.3601969187278462,0.35745430525079414,0.35928271423549546,-0.4320278662911655,600028.SS,-0.7189074473803626,-0.021299808142776714,-0.014199872095184475,0.007099936047592238,-0.007099936047591607,-0.9544232728463267
2020-07-01,-0.5908922184020637,0.35928271423549546,0.3601969187278462,0.35654010075844345,0.35836850974314477,-0.24333922825399218,600028.SS,-0.008007390747784504,-0.0070999360475925526,0.0,-0.007099936047592238,0.01419987209518416,0.3637849256962051
2020-07-02,-0.5331883567010455,0.3665963719706555,0.3675105546666518,0.35745430525079414,0.35836850974314477,0.4642945801042343,600028.SS,0.7028926658847936,0.0,0.0567994883807379,0.007099936047592238,0.05679965765656575,1.3648004357624297
2020-07-03,-0.48269791249334787,0.372995781620756,0.3739100079094611,0.3647679411895997,0.3656821456819504,0.5588192376990446,600028.SS,1.4137927225173716,0.056799488380738214,0.04969972160897351,0.05679948838073758,0.04969938305731781,0.18214800082789412
2020-07-06,-0.3456510960265322,0.3903656887717737,0.39219409775647507,0.3757384168941625,0.3757384168941625,1.7799825122191395,600028.SS,-1.4298075040129405,0.07809946579934246,0.14199872095184476,0.0851994018469347,0.13489895418008035,2.3553693626994185
2020-07-07,-0.37450291093552346,0.3867088708023709,0.3985935509992844,0.3867088708023709,0.3940225067411765,1.757799848657083,600028.SS,-0.7189074473803626,0.14199872095184476,0.04969972160897351,0.08519923257110686,-0.02839974419036895,-0.042973737069826025
2020-07-08,-0.3889290502730552,0.3848804618176695,0.3857946445136658,0.37756682587886387,0.3848804618176695,0.9430921272358178,600028.SS,-0.008007390747784504,-0.07099936047592238,-0.09939944321794703,-0.07099936047592238,-0.014199872095184475,-1.5717091804354404
2020-07-09,-0.37450291093552346,0.3867088708023709,0.3885372797870723,0.3812236438482667,0.3839662355289644,0.8367581595071452,600028.SS,0.7028926658847936,-0.007100105323420089,0.021299977418604565,0.02839974419036895,0.014199872095184475,-0.20529678289558975
2020-07-10,-0.44663291197407307,0.37756682587886387,0.3839662355289644,0.3766525995901588,0.3839662355289644,0.49709497627005683,600028.SS,1.4137927225173716,0.0,-0.03549984951378904,-0.03549984951378904,-0.07099936047592238,-0.6553754752765393
2020-07-13,-0.41778086518204594,0.3812236438482667,0.382137826544263,0.3766525995901588,0.37756682587886387,0.6448225077954529,600028.SS,-1.4298075040129405,-0.04969938305731781,-0.014199872095184475,0.0,0.02839974419036895,0.2847732973532788
2020-07-14,-0.47548472688306387,0.3739100079094611,0.3812236438482667,0.37208159892475967,0.3793952348635653,0.8852099601350174,600028.SS,-0.7189074473803626,0.014199872095184475,-0.0070997667717643854,-0.035499510962133336,-0.0567994883807379,0.46350897734642166
2020-07-15,-0.5043363099090183,0.3702531899400583,0.37756682587886387,0.3693389636513532,0.3757384168941625,0.3310803130739524,600028.SS,-0.008007390747784504,-0.02839974419036895,-0.02839974419036895,-0.021299977418604565,-0.02839974419036895,-1.0690690000549659
2020-07-16,-0.5548274497658249,0.36385373669724896,0.37208159892475967,0.36385373669724896,0.37208159892475967,0.49716118468406734,600028.SS,0.7028926658847936,-0.02839974419036895,-0.04259961628555343,-0.04259961628555343,-0.04969972160897351,0.32017583915737274
2020-07-17,-0.5620401716100363,0.3629395322048983,0.3656821456819504,0.3620253277125476,0.3647679411895997,-0.03854249739532675,600028.SS,1.4137927225173716,-0.05679965765656575,-0.04969972160897351,-0.014199872095184475,-0.007099936047592238,-1.0335263689843683
2020-07-20,-0.5115497274023386,0.3693389636513532,0.3702531899400583,0.3629395322048983,0.36385373669724896,0.12540677882801804,600028.SS,-1.4298075040129405,-0.007099936047592238,0.03549984951378904,0.007099936047592238,0.049699552333145665,0.31606411374710935
2020-07-21,-0.5259754029737977,0.3675105546666518,0.37208159892475967,0.3665963719706555,0.3702531899400583,-0.1213964607646207,600028.SS,-0.7189074473803626,0.04969972160897351,0.014199872095184475,0.028399913466196802,-0.014199872095184475,-0.47625396270043796
2020-07-22,-0.48269791249334787,0.372995781620756,0.37756682587886387,0.36842478095535686,0.3702531899400583,0.7300110336343774,600028.SS,-0.008007390747784504,0.0,0.04259961628555343,0.014199872095184475,0.04259961628555343,1.6421316412482925
2020-07-23,-0.51876244924655,0.36842478095535686,0.372995781620756,0.3647679411895997,0.3711673726360546,0.23384993083944072,600028.SS,0.7028926658847936,0.0070997667717643854,-0.03549984951378904,-0.028399913466196802,-0.035499510962133336,-0.9572509984143389
2020-07-24,-0.5404013104282931,0.3656821456819504,0.3739100079094611,0.3647679411895997,0.3711673726360546,0.34282121592162484,600028.SS,1.4137927225173716,0.0,0.007100105323420089,0.0,-0.021299977418604565,0.21001471779543718
2020-07-27,-0.5331883567010455,0.3665963719706555,0.36842478095535686,0.3647679411895997,0.3665963719706555,-0.08610909668342581,600028.SS,-1.4298075040129405,-0.035499510962133336,-0.04259961628555343,0.0,0.007100105323420089,-0.8275666548979547
2020-07-28,-0.5331883567010455,0.3665963719706555,0.3693389636513532,0.3647679411895997,0.36842478095535686,-0.12117873514984469,600028.SS,-0.7189074473803626,0.014199872095184475,0.0070997667717643854,0.0,0.0,-0.06783197353654169
2020-07-29,-0.5259754029737977,0.3675105546666518,0.3675105546666518,0.36385373669724896,0.3665963719706555,0.38122270477506437,600028.SS,-0.008007390747784504,-0.014199872095184475,-0.014199872095184475,-0.007099936047592238,0.0070997667717643854,0.968918952093784
2020-07-30,-0.5476144960385771,0.3647679411895997,0.3675105546666518,0.3647679411895997,0.3665963719706555,-0.24823255740600392,600028.SS,0.7028926658847936,0.0,0.0,0.007099936047592238,-0.021299808142776714,-1.2143677972164342
2020-07-31,-0.5404013104282931,0.3656821456819504,0.3665963719706555,0.3629395322048983,0.36385373669724896,0.021186287530897553,600028.SS,1.4137927225173716,-0.021299977418604565,-0.0070997667717643854,-0.014199872095184475,0.007099936047592238,0.5195088708434112
2020-08-03,-0.5331883567010455,0.3665963719706555,0.3675105546666518,0.3647679411895997,0.3656821456819504,-0.03432461953858982,600028.SS,-1.4298075040129405,0.014199872095184475,0.0070997667717643854,0.014199872095184475,0.007100105323420089,-0.10726200986281134
2020-08-04,-0.5115497274023386,0.3693389636513532,0.3702531899400583,0.3656821456819504,0.3665963719706555,0.18807866720526062,600028.SS,-0.7189074473803626,0.007100105323420089,0.021299977418604565,0.007099936047592238,0.02129963886694886,0.42881855198651003
2020-08-05,-0.5259754029737977,0.3675105546666518,0.3693389636513532,0.3656821456819504,0.36842478095535686,-0.15919547727542735,600028.SS,-0.008007390747784504,0.014199872095184475,-0.007100105323420089,0.0,-0.014199872095184475,-0.6700565835844609
2020-08-06,-0.51876244924655,0.36842478095535686,0.3711673726360546,0.3665963719706555,0.3693389636513532,0.21323301955666718,600028.SS,0.7028926658847936,0.0070997667717643854,0.014199872095184475,0.007100105323420089,0.007100105323420089,0.7182085892930843
2020-08-07,-0.5476144960385771,0.3647679411895997,0.3675105546666518,0.36385373669724896,0.3675105546666518,0.20809828653917972,600028.SS,1.4137927225173716,-0.014199872095184475,-0.02839974419036895,-0.021299977418604565,-0.028399913466196802,-0.010089255499089275
2020-08-10,-0.5404013104282931,0.3656821456819504,0.3665963719706555,0.3629395322048983,0.3647679411895997,0.05672649085520145,600028.SS,-1.4298075040129405,-0.021299808142776714,-0.0070997667717643854,-0.007099936047592238,0.007099936047592238,-0.2921721734018036
2020-08-11,-0.5476144960385771,0.3647679411895997,0.3675105546666518,0.3647679411895997,0.3665963719706555,0.12802335597190562,600028.SS,-0.7189074473803626,0.014200041371012327,0.0070997667717643854,0.014199872095184475,-0.007099936047592238,0.13734291954965613
2020-08-12,-0.5476144960385771,0.3647679411895997,0.3656821456819504,0.3629395322048983,0.3647679411895997,0.25007202959307934,600028.SS,-0.008007390747784504,-0.014200041371012327,-0.014199872095184475,-0.014199872095184475,0.0,0.23524025125707845
2020-08-13,-0.5331883567010455,0.3665963719706555,0.3675105546666518,0.3647679411895997,0.3656821456819504,0.061637460676674666,600028.SS,0.7028926658847936,0.007099936047592238,0.014199872095184475,0.014199872095184475,0.014200041371012327,-0.3636641401326499
2020-08-14,-0.5259754029737977,0.3675105546666518,0.3675105546666518,0.3647679411895997,0.3656821456819504,-0.12220318597130359,600028.SS,1.4137927225173716,0.0,0.0,0.0,0.0070997667717643854,-0.35480272720170686
2020-08-17,-0.4899106343375592,0.37208159892475967,0.3739100079094611,0.3665963719706555,0.3665963719706555,0.9624784838050897,600028.SS,-1.4298075040129405,0.007100105323420089,0.04969972160897351,0.014200041371012327,0.03549984951378904,2.0921041643690224
2020-08-18,-0.4971238199478432,0.3711673726360546,0.372995781620756,0.3693389636513532,0.37208159892475967,0.21842704137345387,600028.SS,-0.7189074473803626,0.04259961628555343,-0.007100105323420089,0.02129963886694886,-0.007100105323420089,-1.4354172652251531
2020-08-19,-0.4971238199478432,0.3711673726360546,0.3748241906054574,0.3702531899400583,0.3711673726360546,0.6163187886176308,600028.SS,-0.008007390747784504,-0.007100105323420089,0.014199872095184475,0.007100105323420089,0.0,0.7673257408862391
2020-08-20,-0.51876244924655,0.36842478095535686,0.3711673726360546,0.3675105546666518,0.3711673726360546,0.26578177249441853,600028.SS,0.7028926658847936,0.0,-0.02839974419036895,-0.021299977418604565,-0.02129963886694886,-0.6763504760962677
2020-08-21,-0.51876244924655,0.36842478095535686,0.3702531899400583,0.3665963719706555,0.3693389636513532,-0.2283112475353126,600028.SS,1.4137927225173716,-0.014199872095184475,-0.0070997667717643854,-0.0070997667717643854,0.0,-0.9532617852132784
2020-08-24,-0.5115497274023386,0.3693389636513532,0.3702531899400583,0.3675105546666518,0.36842478095535686,-0.20413541814973177,600028.SS,-1.4298075040129405,-0.0070997667717643854,0.0,0.0070997667717643854,0.0070997667717643854,0.046449140563222004
2020-08-25,-0.51876244924655,0.36842478095535686,0.3702531899400583,0.3675105546666518,0.3702531899400583,-0.21414979637739165,600028.SS,-0.7189074473803626,0.014199872095184475,0.0,0.0,-0.0070997667717643854,-0.01950181161938427
2020-08-26,-0.5043363099090183,0.3702531899400583,0.37208159892475967,0.3675105546666518,0.3693389636513532,0.2523512724140394,600028.SS,-0.008007390747784504,-0.007100105323420089,0.014199872095184475,0.0,0.014199872095184475,0.8996691924332163
2020-08-27,-0.51876244924655,0.36842478095535686,0.3711673726360546,0.3665963719706555,0.3702531899400583,-0.21458491218576375,600028.SS,0.7028926658847936,0.007100105323420089,-0.007100105323420089,-0.0070997667717643854,-0.014199872095184475,-0.9008778051237136
2020-08-28,-0.51876244924655,0.36842478095535686,0.3693389636513532,0.3656821456819504,0.3665963719706555,-0.08944509635467195,600028.SS,1.4137927225173716,-0.02839974419036895,-0.014199872095184475,-0.007100105323420089,0.0,0.24120288752948868
2020-08-31,-0.51876244924655,0.36842478095535686,0.3711673726360546,0.3675105546666518,0.36842478095535686,0.14197517510389152,600028.SS,-1.4298075040129405,0.014199872095184475,0.014199872095184475,0.014199872095184475,0.0,0.4462117990377807
2020-09-01,-0.51876244924655,0.36842478095535686,0.3693389636513532,0.3675105546666518,0.36842478095535686,-0.30739894039758686,600028.SS,-0.7189074473803626,0.0,-0.014199872095184475,0.0,0.0,-0.8670015797309583
2020-09-02,-0.5404013104282931,0.3656821456819504,0.36842478095535686,0.3647679411895997,0.36842478095535686,-0.2346339181419442,600028.SS,-0.008007390747784504,0.0,-0.0070997667717643854,-0.021299808142776714,-0.021299977418604565,0.1401749105794265
2020-09-03,-0.5476144960385771,0.3647679411895997,0.3675105546666518,0.36385373669724896,0.3656821456819504,-0.17909315237594228,600028.SS,0.7028926658847936,-0.021299977418604565,-0.007100105323420089,-0.007099936047592238,-0.007099936047592238,0.10695030636002058
2020-09-04,-0.5548274497658249,0.36385373669724896,0.3647679411895997,0.3620253277125476,0.36385373669724896,-0.11723468520597394,600028.SS,1.4137927225173716,-0.014199872095184475,-0.021299808142776714,-0.014199872095184475,-0.007099936047592238,0.11913679051098595
2020-09-07,-0.5692533572203202,0.3620253277125476,0.36385373669724896,0.3611111232201969,0.3629395322048983,-0.1687730998578356,600028.SS,-1.4298075040129405,-0.007099936047592238,-0.007099936047592238,-0.007099936047592238,-0.014199872095184475,-0.09959929952059215
2020-09-08,-0.5620401716100363,0.3629395322048983,0.36385373669724896,0.3611111232201969,0.3620253277125476,-0.24897400592417598,600028.SS,-0.7189074473803626,-0.007099936047592238,0.0,0.0,0.007099936047592238,-0.15488760376530217
2020-09-09,-0.5836792646748156,0.3601969187278462,0.3629395322048983,0.3601969187278462,0.3611111232201969,-0.09672017055562031,600028.SS,-0.008007390747784504,-0.007099936047592238,-0.007099936047592238,-0.007099936047592238,-0.021299808142776714,0.2935042782148446
2020-09-10,-0.598105172129311,0.35836850974314477,0.3620253277125476,0.35745430525079414,0.3611111232201969,-0.11734397039558848,600028.SS,0.7028926658847936,0.0,-0.007099936047592238,-0.0212998081427764,-0.014199872095184791,-0.03996677823653592
2020-09-11,-0.6053178939735224,0.35745430525079414,0.35836850974314477,0.35654010075844345,0.35745430525079414,-0.4116258543891521,600028.SS,1.4137927225173716,-0.028399744190368635,-0.028399744190369267,-0.007099936047592238,-0.007099936047591607,-0.5678375483282636
2020-09-14,-0.598105172129311,0.35836850974314477,0.35928271423549546,0.35745430525079414,0.35836850974314477,-0.49696239414096305,600028.SS,-1.4298075040129405,0.007099936047591607,0.0070999360475925526,0.007099936047592238,0.007099936047591607,-0.16479394699226405
2020-09-15,-0.598105172129311,0.35836850974314477,0.35928271423549546,0.35745430525079414,0.35836850974314477,-0.5463405970102063,600028.SS,-0.7189074473803626,0.0,0.0,0.0,0.0,-0.09543237472179113
2020-09-16,-0.5836792646748156,0.3601969187278462,0.3611111232201969,0.35745430525079414,0.35928271423549546,-0.42836101710646995,600028.SS,-0.008007390747784504,0.0070999360475925526,0.014199872095184475,0.0,0.014199872095184791,0.22739120254052939
2020-09-17,-0.5908922184020637,0.35928271423549546,0.3611111232201969,0.35928271423549546,0.3601969187278462,-0.5263109709444201,600028.SS,0.7028926658847936,0.007099936047592238,0.0,0.01419987209518416,-0.007099936047592238,-0.18912450030929717
2020-09-18,-0.5692533572203202,0.3620253277125476,0.3620253277125476,0.35928271423549546,0.3611111232201969,-0.06330292241695241,600028.SS,1.4137927225173716,0.007099936047592238,0.007099936047592238,0.0,0.021299808142776714,0.8929313564128143
2020-09-21,-0.5620401716100363,0.3629395322048983,0.36385373669724896,0.3611111232201969,0.3620253277125476,-0.37734670425970757,600028.SS,-1.4298075040129405,0.007099936047592238,0.014199872095184475,0.014199872095184475,0.007099936047592238,-0.6059571173824406
2020-09-22,-0.5908922184020637,0.35928271423549546,0.3629395322048983,0.35928271423549546,0.3611111232201969,-0.38236861774218484,600028.SS,-0.7189074473803626,-0.007099936047592238,-0.007099936047592238,-0.014199872095184475,-0.02839974419036895,-0.009871633077988844
2020-09-23,-0.598105172129311,0.35836850974314477,0.3601969187278462,0.35836850974314477,0.35928271423549546,-0.586677708320307,600028.SS,-0.008007390747784504,-0.014199872095184475,-0.021299808142776714,-0.0070999360475925526,-0.0070999360475925526,-0.3942851831773909
2020-09-24,-0.6197440333110541,0.3556258962660927,0.35836850974314477,0.354711691773742,0.35836850974314477,-0.327746216532243,600028.SS,0.7028926658847936,-0.0070999360475925526,-0.014199872095184791,-0.028399744190368635,-0.0212998081427764,0.4992793673006122
2020-09-25,-0.6197440333110541,0.3556258962660927,0.35654010075844345,0.354711691773742,0.35654010075844345,-0.5904130703867491,600028.SS,1.4137927225173716,-0.014199872095183844,-0.014199872095183844,0.0,0.0,-0.5068539659956083
2020-09-28,-0.6197440333110541,0.3556258962660927,0.35745430525079414,0.354711691773742,0.3556258962660927,-0.4208319296882829,600028.SS,-1.4298075040129405,-0.0070999360475925526,0.007099936047592238,0.0,0.0,0.32692765774483007
2020-09-29,-0.6197440333110541,0.3556258962660927,0.35745430525079414,0.3556258962660927,0.35654010075844345,-0.5964828769042583,600028.SS,-0.7189074473803626,0.0070999360475925526,0.0,0.007099936047592238,0.0,-0.3390052660765872
2020-09-30,-0.6053178939735224,0.35745430525079414,0.35928271423549546,0.354711691773742,0.35654010075844345,-0.41114512130031344,600028.SS,-0.008007390747784504,0.0,0.01419987209518416,-0.007099936047592238,0.014199872095184791,0.35732126541010023
2020-10-09,-0.5908922184020637,0.35928271423549546,0.3611111232201969,0.35836850974314477,0.35928271423549546,-0.5267176691250506,600028.SS,1.4137927225173716,0.0212998081427764,0.014199872095184475,0.028399744190368635,0.01419987209518416,-0.22311747474522842
2020-10-12,-0.5692533572203202,0.3620253277125476,0.3629395322048983,0.35836850974314477,0.35928271423549546,-0.368801042206286,600028.SS,-1.4298075040129405,0.0,0.014199872095184475,0.0,0.021299808142776714,0.3044274787690075
2020-10-13,-0.5836792646748156,0.3601969187278462,0.3620253277125476,0.35928271423549546,0.3620253277125476,-0.5949329639584705,600028.SS,-0.7189074473803626,0.021299808142776714,-0.007099936047592238,0.0070999360475925526,-0.014199872095184475,-0.4363801745717196
2020-10-14,-0.598105172129311,0.35836850974314477,0.3601969187278462,0.35654010075844345,0.35928271423549546,-0.3693085468744835,600028.SS,-0.008007390747784504,-0.021299808142776714,-0.014199872095184475,-0.0212998081427764,-0.014199872095184791,0.43503192791681644
2020-10-15,-0.598105172129311,0.35836850974314477,0.35928271423549546,0.35745430525079414,0.35745430525079414,-0.6042618593129752,600028.SS,0.7028926658847936,-0.01419987209518416,-0.007099936047592238,0.007099936047592238,0.0,-0.453396131945182
2020-10-16,-0.5908922184020637,0.35928271423549546,0.3601969187278462,0.35745430525079414,0.35836850974314477,-0.5344568792779358,600028.SS,1.4137927225173716,0.007099936047591607,0.007099936047592238,0.0,0.0070999360475925526,0.13446515867742564
2020-10-19,-0.598105172129311,0.35836850974314477,0.3611111232201969,0.35745430525079414,0.35928271423549546,-0.3534071666723606,600028.SS,-1.4298075040129405,0.0070999360475925526,0.007099936047592238,0.0,-0.0070999360475925526,0.34904987607133187
2020-10-20,-0.5908922184020637,0.35928271423549546,0.3601969187278462,0.35745430525079414,0.35836850974314477,-0.5716990034575562,600028.SS,-0.7189074473803626,-0.0070999360475925526,-0.007099936047592238,0.0,0.0070999360475925526,-0.42125709972483805
2020-10-21,-0.5908922184020637,0.35928271423549546,0.3601969187278462,0.35745430525079414,0.35928271423549546,-0.47110239637658724,600028.SS,-0.008007390747784504,0.0070999360475925526,0.0,0.0,0.0,0.19386044360527485
2020-10-22,-0.598105172129311,0.35836850974314477,0.35928271423549546,0.35745430525079414,0.35836850974314477,-0.5998880168190874,600028.SS,0.7028926658847936,-0.0070999360475925526,-0.007099936047592238,0.0,-0.0070999360475925526,-0.24860473502328315
2020-10-23,-0.5613848701494434,0.35654010075844345,0.35836850974314477,0.35196905650033544,0.3528832609926862,-0.05106322342875329,600028.SS,1.4137927225173716,-0.042599785561380964,-0.0070999360475925526,-0.04259978556138191,-0.014199872095183844,1.0584669419506458
2020-10-26,-0.5613848701494434,0.35654010075844345,0.35836850974314477,0.3556258962660927,0.35745430525079414,-0.47617443047944646,600028.SS,-1.4298075040129405,0.03549984951378936,0.0,0.028399913466197118,0.0,-0.8201998190294817
2020-10-27,-0.5760730373179976,0.354711691773742,0.35654010075844345,0.354711691773742,0.35654010075844345,-0.6018466839531085,600028.SS,-0.7189074473803626,-0.007099936047592238,-0.014199872095183844,-0.007099936047592238,-0.014199872095184791,-0.24259922846387755
2020-10-28,-0.5760730373179976,0.354711691773742,0.3556258962660927,0.3528832609926862,0.354711691773742,-0.5860564834491162,600028.SS,-0.008007390747784504,-0.014199872095184791,-0.0070999360475925526,-0.014200041371012327,0.0,0.030273742752049942
2020-10-29,-0.5687286059091661,0.3556258962660927,0.35654010075844345,0.3528832609926862,0.3528832609926862,-0.33786860659133444,600028.SS,0.7028926658847936,-0.014200041371012327,0.0070999360475925526,0.0,0.007099936047592238,0.4785555494592435
2020-10-30,-0.5613848701494434,0.35654010075844345,0.35928271423549546,0.354711691773742,0.3556258962660927,-0.062839357923322,600028.SS,1.4137927225173716,0.021299977418604565,0.0212998081427764,0.014200041371012327,0.0070999360475925526,0.5303310182951373
2020-11-02,-0.5540404387406117,0.35745430525079414,0.35836850974314477,0.354711691773742,0.35654010075844345,-0.3150651032712936,600028.SS,-1.4298075040129405,0.0070999360475925526,-0.0070999360475925526,0.0,0.007099936047592238,-0.4867136657190698
2020-11-03,-0.5246641044035031,0.3611111232201969,0.3611111232201969,0.35745430525079414,0.35836850974314477,-0.23081548964144988,600028.SS,-0.7189074473803626,0.014199872095183844,0.021299808142777026,0.021299808142777026,0.028399744190368635,0.16232802954040598
2020-11-04,-0.5393522715720575,0.35928271423549546,0.3611111232201969,0.35745430525079414,0.3611111232201969,-0.5042228154055524,600028.SS,-0.008007390747784504,0.021299808142777026,0.0,0.0,-0.014199872095184475,-0.5275717211300961
2020-11-05,-0.5173199048777077,0.3620253277125476,0.3629395322048983,0.35928271423549546,0.3620253277125476,-0.23253657919604734,600028.SS,0.7028926658847936,0.007099936047592238,0.014199872095184475,0.01419987209518416,0.021299808142776714,0.5238825387395029
2020-11-06,-0.5026317377091535,0.36385373669724896,0.3647679411895997,0.3611111232201969,0.3620253277125476,-0.21763049301874526,600028.SS,1.4137927225173716,0.0,0.014199872095184475,0.014199872095184475,0.014199872095184475,0.028568336855043404
2020-11-09,-0.48059913913176705,0.3665963719706555,0.3693389636513532,0.36385373669724896,0.3647679411895997,-0.1175007425281724,600028.SS,-1.4298075040129405,0.021299808142776714,0.03549968023796119,0.021299808142776714,0.021299977418604565,0.19295990398242024
2020-11-10,-0.4585670043204537,0.3693389636513532,0.37848100857486017,0.36842478095535686,0.3748241906054574,0.8616711390505927,600028.SS,-0.7189074473803626,0.07809929652351462,0.07099936047592238,0.03549984951378904,0.02129963886694886,1.8885818261915872
2020-11-11,-0.39981410376320053,0.3766525995901588,0.37756682587886387,0.3702531899400583,0.3702531899400583,0.4554341066389653,600028.SS,-0.008007390747784504,-0.035499510962133336,-0.0070997667717643854,0.014199872095184475,0.0567994883807379,-0.7837926172017534
2020-11-12,-0.4438788371518998,0.3711673726360546,0.3766525995901588,0.3693389636513532,0.3766525995901588,-0.1212645719143828,600028.SS,0.7028926658847936,0.04969938305731781,-0.007100105323420089,-0.007100105323420089,-0.04259961628555343,-1.112603369123227
2020-11-13,-0.47325493960597215,0.3675105546666518,0.3711673726360546,0.3656821456819504,0.3702531899400583,-0.2300409835025475,600028.SS,1.4137927225173716,-0.04969938305731781,-0.04259961628555343,-0.02839974419036895,-0.02839974419036895,-0.21000811720534934
2020-11-16,-0.4145022709317553,0.3748241906054574,0.3757384168941625,0.36842478095535686,0.36842478095535686,0.08771677420067935,600028.SS,-1.4298075040129405,-0.014199872095184475,0.03549984951378904,0.021299977418604565,0.0567994883807379,0.6127518648747344
2020-11-17,-0.39981410376320053,0.3766525995901588,0.37848100857486017,0.3739100079094611,0.3766525995901588,0.14744562124193697,600028.SS,-0.7189074473803626,0.06389925515250229,0.02129963886694886,0.04259961628555343,0.014199872095184475,0.11502887526038288
2020-11-18,-0.4071583032889958,0.3757384168941625,0.37848100857486017,0.3739100079094611,0.3748241906054574,0.024313388133601756,600028.SS,-0.008007390747784504,-0.014199872095184475,0.0,0.0,-0.0070997667717643854,-0.23769967466322622
2020-11-19,-0.39981410376320053,0.3766525995901588,0.3793952348635653,0.3748241906054574,0.3757384168941625,-0.22963580092872996,600028.SS,0.7028926658847936,0.007100105323420089,0.007100105323420089,0.0070997667717643854,0.0070997667717643854,-0.4900380899308479
2020-11-20,-0.42184647045755014,0.3739100079094611,0.37756682587886387,0.37208159892475967,0.3766525995901588,-0.2624663912122469,600028.SS,1.4137927225173716,0.0070997667717643854,-0.014199872095184475,-0.02129963886694886,-0.02129963886694886,-0.06351297783708511
2020-11-23,-0.3410612032059469,0.3839662355289644,0.3839662355289644,0.3748241906054574,0.3748241906054574,0.7342227931603327,600028.SS,-1.4298075040129405,-0.014199872095184475,0.04969938305731781,0.02129963886694886,0.07809912724768676,1.9223716999470102
2020-11-24,-0.3484056346147785,0.38305205283296806,0.3867088708023709,0.382137826544263,0.3839662355289644,-0.07408744630817593,600028.SS,-0.7189074473803626,0.07099936047592238,0.021299977418604565,0.0567994883807379,-0.0070997667717643854,-1.5593688041754283
2020-11-25,-0.3190290683946336,0.3867088708023709,0.3949367330298816,0.3867088708023709,0.3885372797870723,1.1189820558309695,600028.SS,-0.008007390747784504,0.03549984951378904,0.06389959370415799,0.03549984951378904,0.02839974419036895,2.3011780848960197
2020-11-26,-0.2969964698172476,0.3894515060757774,0.3931083240451802,0.3867088708023709,0.3867088708023709,0.15615020460809514,600028.SS,0.7028926658847936,-0.014199872095184475,-0.014199872095184475,0.0,0.021299977418604565,-1.8574321427567613
2020-11-27,-0.2823083026486933,0.39127991506047877,0.39127991506047877,0.3857946445136658,0.3894515060757774,-0.061330956454298695,600028.SS,1.4137927225173716,0.021299977418604565,-0.014199872095184475,-0.007100105323420089,0.014199872095184475,-0.4196933526884091
2020-11-30,-0.3484056346147785,0.38305205283296806,0.3958509157258779,0.38305205283296806,0.3903656887717737,0.40182191327334316,600028.SS,-1.4298075040129405,0.0070997667717643854,0.035499510962133336,-0.02129963886694886,-0.06389959370415799,0.8932107082130651
2020-12-01,-0.3190290683946336,0.3867088708023709,0.3885372797870723,0.382137826544263,0.382137826544263,-0.12988104510578355,600028.SS,-0.7189074473803626,-0.06389959370415799,-0.0567994883807379,-0.007100105323420089,0.02839974419036895,-1.025809202114929
2020-12-02,-0.3263734998034652,0.3857946445136658,0.3894515060757774,0.3839662355289644,0.3857946445136658,-0.18868152085911405,600028.SS,-0.008007390747784504,0.02839974419036895,0.007100105323420089,0.014199872095184475,-0.007100105323420089,-0.11360739943820308
2020-12-03,-0.3410612032059469,0.3839662355289644,0.3903656887717737,0.38305205283296806,0.3885372797870723,-0.18961184255908725,600028.SS,0.7028926658847936,0.021299977418604565,0.0070997667717643854,-0.0070997667717643854,-0.014199872095184475,-0.0019791868825417003
2020-12-04,-0.355749602257538,0.382137826544263,0.3857946445136658,0.37848100857486017,0.3839662355289644,-0.07989942574540099,600028.SS,1.4137927225173716,-0.03549984951378904,-0.03549984951378904,-0.03549984951378904,-0.014199872095184475,0.2114443184559018
2020-12-07,-0.4071583032889958,0.3757384168941625,0.38305205283296806,0.3748241906054574,0.3812236438482667,-0.12247716917175305,600028.SS,-1.4298075040129405,-0.02129963886694886,-0.02129963886694886,-0.02839974419036895,-0.04969938305731781,-0.08231467796454235
2020-12-08,-0.4145022709317553,0.3748241906054574,0.37756682587886387,0.372995781620756,0.3757384168941625,-0.394623062839293,600028.SS,-0.7189074473803626,-0.04259961628555343,-0.04259961628555343,-0.014199872095184475,-0.007100105323420089,-0.5251384908665341
2020-12-09,-0.4365346376261045,0.37208159892475967,0.3766525995901588,0.37208159892475967,0.3739100079094611,-0.3652046376808731,600028.SS,-0.008007390747784504,-0.014199872095184475,-0.007100105323420089,-0.0070997667717643854,-0.02129963886694886,0.056561807530279125
2020-12-10,-0.4438788371518998,0.3711673726360546,0.372995781620756,0.3702531899400583,0.37208159892475967,-0.3952500581970787,600028.SS,0.7028926658847936,-0.014199872095184475,-0.02839974419036895,-0.014199872095184475,-0.007100105323420089,-0.0581405448813619
2020-12-11,-0.39981410376320053,0.3766525995901588,0.3766525995901588,0.3702531899400583,0.3748241906054574,-0.07517263942071363,600028.SS,1.4137927225173716,0.02129963886694886,0.02839974419036895,0.0,0.04259961628555343,0.6172263582222139
2020-12-14,-0.4438788371518998,0.3711673726360546,0.3748241906054574,0.3693389636513532,0.3739100079094611,-0.18238603179106108,600028.SS,-1.4298075040129405,-0.0070997667717643854,-0.014199872095184475,-0.007100105323420089,-0.04259961628555343,-0.20699314265881164
2020-12-15,-0.46591120384624946,0.36842478095535686,0.3702531899400583,0.3656821456819504,0.3693389636513532,-0.4096236632512873,600028.SS,-0.7189074473803626,-0.03549984951378904,-0.035499510962133336,-0.02839974419036895,-0.02129963886694886,-0.4385130252670941
2020-12-16,-0.4585670043204537,0.3693389636513532,0.3711673726360546,0.36842478095535686,0.3693389636513532,-0.5597811783604925,600028.SS,-0.008007390747784504,0.0,0.0070997667717643854,0.021299977418604565,0.0070997667717643854,-0.28982989572308854
2020-12-17,-0.42184647045755014,0.3739100079094611,0.3748241906054574,0.36842478095535686,0.3711673726360546,-0.3954308191555289,600028.SS,0.7028926658847936,0.014199872095184475,0.02839974419036895,0.0,0.03549984951378904,0.3168377798459298
2020-12-18,-0.4145022709317553,0.3748241906054574,0.37756682587886387,0.372995781620756,0.3748241906054574,-0.29348024100136455,600028.SS,1.4137927225173716,0.02839974419036895,0.021299977418604565,0.035499510962133336,0.0070997667717643854,0.19647217625443136
2020-12-21,-0.4365346376261045,0.37208159892475967,0.3757384168941625,0.3702531899400583,0.3739100079094611,-0.28984384681750336,600028.SS,-1.4298075040129405,-0.0070997667717643854,-0.014199872095184475,-0.02129963886694886,-0.02129963886694886,0.006829746490816195
2020-12-22,-0.5026317377091535,0.36385373669724896,0.3702531899400583,0.36385373669724896,0.3693389636513532,-0.10035529759280186,600028.SS,-0.7189074473803626,-0.03549984951378904,-0.04259961628555343,-0.04969972160897351,-0.06389959370415799,0.36532790856064884
2020-12-23,-0.49528777006639396,0.3647679411895997,0.3656821456819504,0.3629395322048983,0.3647679411895997,-0.4410413601410062,600028.SS,-0.008007390747784504,-0.03549968023796119,-0.03549984951378904,-0.007099936047592238,0.007099936047592238,-0.6573485508804986
2020-12-24,-0.49528777006639396,0.3647679411895997,0.3675105546666518,0.3629395322048983,0.3675105546666518,-0.44532060143915514,600028.SS,0.7028926658847936,0.021299808142776714,0.014199872095184475,0.0,0.0,-0.00843906097225456
2020-12-25,-0.4879433386575628,0.3656821456819504,0.3665963719706555,0.3629395322048983,0.3647679411895997,-0.5735000909635601,600028.SS,1.4137927225173716,-0.021299808142776714,-0.0070997667717643854,0.0,0.007099936047592238,-0.24743554319947528
2020-12-28,-0.49528777006639396,0.3647679411895997,0.3665963719706555,0.36385373669724896,0.3647679411895997,-0.5003478870707546,600028.SS,-1.4298075040129405,0.0,0.0,0.007099936047592238,-0.007099936047592238,0.14092176178101506
2020-12-29,-0.47325493960597215,0.3675105546666518,0.3693389636513532,0.36385373669724896,0.36385373669724896,-0.3448318819595511,600028.SS,-0.7189074473803626,-0.007099936047592238,0.02129963886694886,0.0,0.021299808142776714,0.29979681680199244
2020-12-30,-0.48059913913176705,0.3665963719706555,0.36842478095535686,0.3647679411895997,0.3665963719706555,-0.48386325291730653,600028.SS,-0.008007390747784504,0.021299977418604565,-0.0070997667717643854,0.007099936047592238,-0.0070997667717643854,-0.26836820092411107
2020-12-31,-0.46591120384624946,0.36842478095535686,0.3702531899400583,0.3647679411895997,0.3656821456819504,-0.32255812670113787,600028.SS,0.7028926658847936,-0.007100105323420089,0.014199872095184475,0.0,0.014199872095184475,0.31096369983153604
2021-01-04,-0.46591120384624946,0.36842478095535686,0.3702531899400583,0.3647679411895997,0.3693389636513532,-0.16857189063041805,600028.SS,-1.4298075040129405,0.02839974419036895,0.0,0.0,0.0,0.2968459799430697
2021-01-05,-0.47325493960597215,0.3675105546666518,0.36842478095535686,0.36385373669724896,0.3665963719706555,-0.18382447930956497,600028.SS,-0.7189074473803626,-0.02129963886694886,-0.014199872095184475,-0.007099936047592238,-0.007100105323420089,-0.029606019552730165
2021-01-06,-0.4071583032889958,0.3757384168941625,0.3757384168941625,0.3693389636513532,0.3702531899400583,0.2900982489499347,600028.SS,-0.008007390747784504,0.02839974419036895,0.0567994883807379,0.04259961628555343,0.06389959370415799,0.9139851484587255
2021-01-07,-0.39981410376320053,0.3766525995901588,0.37756682587886387,0.372995781620756,0.3757384168941625,0.2953299745919436,600028.SS,0.7028926658847936,0.04259961628555343,0.014199872095184475,0.02839974419036895,0.0070997667717643854,0.009907049498211942
2021-01-08,-0.3484056346147785,0.38305205283296806,0.3857946445136658,0.37848100857486017,0.382137826544263,0.3218601997772924,600028.SS,1.4137927225173716,0.04969938305731781,0.06389925515250229,0.04259961628555343,0.04969972160897351,0.05099063520887882
2021-01-11,-0.4438788371518998,0.3711673726360546,0.38305205283296806,0.3702531899400583,0.38305205283296806,0.6835661510984052,600028.SS,-1.4298075040129405,0.007100105323420089,-0.02129963886694886,-0.06389925515250229,-0.09229933789452693,0.6975254131547588
2021-01-12,-0.3777817370688509,0.3793952348635653,0.3793952348635653,0.3702531899400583,0.3711673726360546,0.06059564870340421,600028.SS,-0.7189074473803626,-0.09229933789452693,-0.02839974419036895,0.0,0.06389959370415799,-1.2018590670149543
2021-01-13,-0.3263734998034652,0.3857946445136658,0.3885372797870723,0.37848100857486017,0.3803094175595616,0.5702133523157189,600028.SS,-0.008007390747784504,0.07099936047592238,0.07099936047592238,0.06389925515250229,0.04969938305731781,0.9828387114227932
2021-01-14,-0.3190290683946336,0.3867088708023709,0.39127991506047877,0.382137826544263,0.3848804618176695,0.3358215970474155,600028.SS,0.7028926658847936,0.03549984951378904,0.021299977418604565,0.02839974419036895,0.007100105323420089,-0.452312920328048
2021-01-15,-0.3116848688688378,0.3876230534983672,0.3894515060757774,0.3848804618176695,0.3867088708023709,0.1461667472440195,600028.SS,1.4137927225173716,0.014199872095184475,-0.014199872095184475,0.021299977418604565,0.0070997667717643854,-0.3660179920699557
2021-01-18,-0.37043776942609186,0.3803094175595616,0.3848804618176695,0.37848100857486017,0.3839662355289644,0.40097134106464316,600028.SS,-1.4298075040129405,-0.021299977418604565,-0.03549984951378904,-0.04969972160897351,-0.0567994883807379,0.4913188174966458
2021-01-19,-0.36309380178333284,0.3812236438482667,0.3857946445136658,0.37848100857486017,0.3803094175595616,0.20255727772328835,600028.SS,-0.7189074473803626,-0.02839974419036895,0.0070997667717643854,0.0,0.007100105323420089,-0.3829140132855579
2021-01-20,-0.37043776942609186,0.3803094175595616,0.3867088708023709,0.37756682587886387,0.3839662355289644,-0.1705456144485146,600028.SS,-0.008007390747784504,0.02839974419036895,0.007100105323420089,-0.0070997667717643854,-0.007100105323420089,-0.71987875849438
2021-01-21,-0.37043776942609186,0.3803094175595616,0.38305205283296806,0.37756682587886387,0.3793952348635653,-0.1955052175359684,600028.SS,0.7028926658847936,-0.035499510962133336,-0.02839974419036895,0.0,0.0,-0.04833029436029801
2021-01-22,-0.4365346376261045,0.37208159892475967,0.3793952348635653,0.3711673726360546,0.3793952348635653,-0.032458876494408206,600028.SS,1.4137927225173716,0.0,-0.02839974419036895,-0.04969972160897351,-0.06389925515250229,0.31432240349862267
2021-01-25,-0.47325493960597215,0.3675105546666518,0.37208159892475967,0.3656821456819504,0.3711673726360546,0.07568630970220205,600028.SS,-1.4298075040129405,-0.06389959370415799,-0.0567994883807379,-0.04259961628555343,-0.03549984951378904,0.20842122036140912
2021-01-26,-0.46591120384624946,0.36842478095535686,0.3693389636513532,0.3665963719706555,0.3665963719706555,-0.2672746351916237,600028.SS,-0.7189074473803626,-0.035499510962133336,-0.021299977418604565,0.007100105323420089,0.007100105323420089,-0.6617366686273773
2021-01-27,-0.46591120384624946,0.36842478095535686,0.37208159892475967,0.3675105546666518,0.36842478095535686,-0.23486996148004483,600028.SS,-0.008007390747784504,0.014199872095184475,0.021299977418604565,0.0070997667717643854,0.0,0.0623221099467667
2021-01-28,-0.5026317377091535,0.36385373669724896,0.36842478095535686,0.3620253277125476,0.3665963719706555,-0.012856111149066587,600028.SS,0.7028926658847936,-0.014199872095184475,-0.02839974419036895,-0.04259961628555343,-0.03549984951378904,0.4280673514517243
2021-01-29,-0.5246641044035031,0.3611111232201969,0.3647679411895997,0.35836850974314477,0.36385373669724896,-0.1427861824458871,600028.SS,1.4137927225173716,-0.021299977418604565,-0.028399913466196802,-0.028399744190369267,-0.021299808142776714,-0.2508123151708629
2021-02-01,-0.5246641044035031,0.3611111232201969,0.3620253277125476,0.35745430525079414,0.3601969187278462,-0.20215891157814272,600028.SS,-1.4298075040129405,-0.02839974419036895,-0.021299808142776714,-0.007099936047591607,0.0,-0.11471124342934663
2021-02-02,-0.5320083039292984,0.3601969187278462,0.3647679411895997,0.35928271423549546,0.36385373669724896,-0.17803547001165984,600028.SS,-0.7189074473803626,0.02839974419036895,0.021299808142776714,0.01419987209518416,-0.007099936047592238,0.04634808746078512
2021-02-03,-0.5099759372349487,0.3629395322048983,0.3629395322048983,0.3601969187278462,0.3620253277125476,-0.4197026100560782,600028.SS,-0.008007390747784504,-0.014199872095184475,-0.014199872095184475,0.007099936047592238,0.021299808142776714,-0.46634672085091466
2021-02-04,-0.49528777006639396,0.3647679411895997,0.3647679411895997,0.3611111232201969,0.3620253277125476,-0.1906136524509028,600028.SS,0.7028926658847936,0.0,0.014199872095184475,0.007099936047592238,0.014199872095184475,0.44171482814463225
2021-02-05,-0.5173199048777077,0.3620253277125476,0.3656821456819504,0.3620253277125476,0.3647679411895997,-0.34232995053265314,600028.SS,1.4137927225173716,0.021299808142776714,0.007099936047592238,0.007099936047592238,-0.021299808142776714,-0.2928366987951347
2021-02-08,-0.49528777006639396,0.3647679411895997,0.3665963719706555,0.3629395322048983,0.3629395322048983,-0.20660006813363402,600028.SS,-1.4298075040129405,-0.014199872095184475,0.007100105323420089,0.007099936047592238,0.021299808142776714,0.26163051937462306
2021-02-09,-0.4071583032889958,0.3757384168941625,0.37756682587886387,0.3656821456819504,0.3656821456819504,0.287637301022018,600028.SS,-0.7189074473803626,0.021299808142776714,0.08519923257110686,0.021299808142776714,0.0851994018469347,0.953170927191175
2021-02-10,-0.36309380178333284,0.3812236438482667,0.3857946445136658,0.3748241906054574,0.3748241906054574,0.7586648972707286,600028.SS,-0.008007390747784504,0.07099936047592238,0.06389925515250229,0.07099936047592238,0.04259961628555343,0.9084006046336116
2021-02-18,-0.1354261671970774,0.4095640049074928,0.4187060498309998,0.40225036896868716,0.40682136963408627,4.354632909287039,600028.SS,0.7028926658847936,0.24849793094155617,0.25559803626497624,0.21299841997942284,0.22009818675118722,6.936231680276746
2021-02-19,-0.21621166633171696,0.3995077336952807,0.4049929606493849,0.3985935509992844,0.4031645516646835,1.223546577451609,600028.SS,1.4137927225173716,-0.02839974419036895,-0.10649920998971142,-0.02839974419036895,-0.07809946579934246,-6.039870845329076
2021-02-22,-0.010576166556774829,0.42510550307380907,0.433333321708611,0.4031645516646835,0.4031645516646835,2.874261538524025,600028.SS,-1.4298075040129405,0.0,0.22009818675118722,0.035499510962133336,0.19879854788423837,3.1839499627423105
2021-02-23,0.026143903540056107,0.4296765037392082,0.4424754102248268,0.42601968576980537,0.43881859225542397,1.9185932588057952,600028.SS,-0.7189074473803626,0.2768980136835808,0.07099969902757808,0.1774985704656338,0.035499510962133336,-1.8436140236302625
2021-02-24,-0.07667280287375115,0.41687764084629836,0.433333321708611,0.4132208228768956,0.4315049127239096,0.8532252585866884,600028.SS,-0.008007390747784504,-0.056799826932393604,-0.07099969902757808,-0.09939910466629133,-0.09939910466629133,-2.055218501235037
2021-02-25,-0.0032321989140158157,0.42601968576980537,0.433333321708611,0.4223628678004026,0.4278480947545068,0.5349716303610039,600028.SS,0.7028926658847936,-0.02839974419036895,0.0,0.07099936047592238,0.07099936047592238,-0.6140776699288711
2021-02-26,-0.11339380050272774,0.4123066401808993,0.4187060498309998,0.4086497786187877,0.4123066401808993,1.003571969875868,600028.SS,1.4137927225173716,-0.12069874353324019,-0.1135989767614758,-0.10649920998971142,-0.10649887143805571,0.9037185654193534
2021-03-01,-0.06932906711402845,0.4177918671350035,0.41962027611970487,0.4077355959227914,0.415049231861597,0.47272407462235,600028.SS,-1.4298075040129405,0.02129963886694886,0.007100105323420089,-0.0070997667717643854,0.04259961628555343,-1.0241598343208507
2021-03-02,-0.20886723492288534,0.4004219599839858,0.4123066401808993,0.3958509157258779,0.4123066401808993,1.174375950600698,600028.SS,-0.7189074473803626,-0.02129963886694886,-0.0567994883807379,-0.09229933789452693,-0.13489895418008035,1.3532616308271777
2021-03-03,-0.1501143343656317,0.4077355959227914,0.4095640049074928,0.39767932471057926,0.39767932471057926,0.6140228057951923,600028.SS,-0.008007390747784504,-0.1135993153131315,-0.021299977418604565,0.014199872095184475,0.0567994883807379,-1.081073770742384
2021-03-04,-0.15745876577446333,0.40682136963408627,0.4123066401808993,0.4031645516646835,0.4077355959227914,0.16182492224470055,600028.SS,0.7028926658847936,0.07809946579934246,0.021299977418604565,0.04259961628555343,-0.007100105323420089,-0.8724484665613012
2021-03-05,-0.12073776814548676,0.41139241389219416,0.4187060498309998,0.4031645516646835,0.4132208228768956,0.6942588379128724,600028.SS,1.4137927225173716,0.04259961628555343,0.04969938305731781,0.0,0.03549984951378904,1.026849877640494
2021-03-08,-0.07667280287375115,0.41687764084629836,0.4287623210432119,0.41596345815030206,0.41962027611970487,1.1024630410065817,600028.SS,-1.4298075040129405,0.04969972160897351,0.07809946579934246,0.09939944321794703,0.04259961628555343,0.787217877556224
2021-03-09,-0.10604913721085982,0.4132208228768956,0.4214486851044063,0.40682136963408627,0.4123066401808993,0.5432433340599894,600028.SS,-0.7189074473803626,-0.0567994883807379,-0.0567994883807379,-0.07099969902757808,-0.02839974419036895,-1.0788874340321555
2021-03-10,-0.17949090058577669,0.4040787779533886,0.4123066401808993,0.40225036896868716,0.4104781876034891,0.07352143308058169,600028.SS,-0.008007390747784504,-0.014200210646840178,-0.07099936047592238,-0.035499510962133336,-0.07099936047592238,-0.9062512924632422
2021-03-11,-0.1354261671970774,0.4095640049074928,0.4104781876034891,0.40590718693808997,0.4077355959227914,-0.10768164154224848,600028.SS,0.7028926658847936,-0.02129963886694886,-0.014200210646840178,0.02839974419036895,0.04259961628555343,-0.3497150018367004
2021-03-12,-0.1354261671970774,0.4095640049074928,0.4132208228768956,0.4049929606493849,0.41139241389219416,0.004903173180033541,600028.SS,1.4137927225173716,0.02839974419036895,0.021299977418604565,-0.007100105323420089,0.0,0.21698500950001973
2021-03-15,-0.03995226901084718,0.4214486851044063,0.4223628678004026,0.4086497786187877,0.4086497786187877,0.6171089912254518,600028.SS,-1.4298075040129405,-0.021299977418604565,0.07099936047592238,0.02839974419036895,0.09229933789452693,1.1807253082523836
2021-03-16,-0.08401723428258234,0.41596345815030206,0.41962027611970487,0.4132208228768956,0.4177918671350035,-0.13061567960480094,600028.SS,-0.7189074473803626,0.07099969902757808,-0.02129963886694886,0.03549984951378904,-0.04259961628555343,-1.4425027124155692
2021-03-17,-0.1501143343656317,0.4077355959227914,0.4132208228768956,0.40590718693808997,0.4132208228768956,0.08090117111266594,600028.SS,-0.008007390747784504,-0.03549984951378904,-0.04969972160897351,-0.0567994883807379,-0.06389959370415799,0.4078192404310874
2021-03-18,-0.16480250153418605,0.40590718693808997,0.4077355959227914,0.4031645516646835,0.4077355959227914,0.006477106009204259,600028.SS,0.7028926658847936,-0.04259961628555343,-0.04259961628555343,-0.021299977418604565,-0.014199872095184475,-0.1437444084264768
2021-03-19,-0.2969964698172476,0.3894515060757774,0.39676514201458296,0.3885372797870723,0.39676514201458296,1.0608685971921172,600028.SS,1.4137927225173716,-0.08519923257110686,-0.08519923257110686,-0.1135989767614758,-0.12779884885666026,2.0336761447846197
2021-03-22,-0.274964103122898,0.39219409775647507,0.3940225067411765,0.3903656887717737,0.3903656887717737,0.08948517056464957,600028.SS,-1.4298075040129405,-0.04969972160897351,-0.021299977418604565,0.014199872095184475,0.02129963886694886,-1.8739276419059347
2021-03-23,-0.2969964698172476,0.3894515060757774,0.3931083240451802,0.3857946445136658,0.39219409775647507,-0.018246192857008982,600028.SS,-0.7189074473803626,0.014199872095184475,-0.0070997667717643854,-0.03549984951378904,-0.02129963886694886,-0.20799227914910198
2021-03-24,-0.3263734998034652,0.3857946445136658,0.3876230534983672,0.38305205283296806,0.3848804618176695,-0.046573704108322865,600028.SS,-0.008007390747784504,-0.0567994883807379,-0.04259995483720913,-0.02129963886694886,-0.028400082742024654,-0.054826796305613136
2021-03-25,-0.3190290683946336,0.3867088708023709,0.3903656887717737,0.3857946445136658,0.3885372797870723,-0.13763643001334405,600028.SS,0.7028926658847936,0.02839974419036895,0.021299977418604565,0.02129963886694886,0.007100105323420089,-0.17583943210458092
2021-03-26,-0.3116848688688378,0.3876230534983672,0.3894515060757774,0.3848804618176695,0.3848804618176695,-0.24128584811717238,600028.SS,1.4137927225173716,-0.02839974419036895,-0.0070997667717643854,-0.0070997667717643854,0.0070997667717643854,-0.20011844043149268
2021-03-29,-0.274964103122898,0.39219409775647507,0.39767932471057926,0.3903656887717737,0.39219409775647507,0.3582256758572271,600028.SS,-1.4298075040129405,0.0567994883807379,0.06389925515250229,0.04259961628555343,0.03549984951378904,1.156238742077059
2021-03-30,-0.2529317364285483,0.3949367330298816,0.39767932471057926,0.3931083240451802,0.3949367330298816,0.08219954923104432,600028.SS,-0.7189074473803626,0.021299977418604565,0.0,0.021299977418604565,0.021299977418604565,-0.5326232379966955
2021-03-31,-0.245587536902753,0.3958509157258779,0.3958509157258779,0.39127991506047877,0.3940225067411765,-0.27648789098860566,600028.SS,-0.008007390747784504,-0.007100105323420089,-0.014199872095184475,-0.014199872095184475,0.0070997667717643854,-0.6920721773486451
2021-04-01,-0.26761967171406637,0.3931083240451802,0.3958509157258779,0.39127991506047877,0.3949367330298816,-0.20505768352988404,600028.SS,0.7028926658847936,0.007100105323420089,0.0,0.0,-0.02129963886694886,0.13760012928999435
2021-04-02,-0.2529317364285483,0.3949367330298816,0.39767932471057926,0.3931083240451802,0.3958509157258779,0.03401212881947107,600028.SS,1.4137927225173716,0.0070997667717643854,0.014199872095184475,0.014199872095184475,0.014199872095184475,0.46096732527541945
2021-04-06,-0.274964103122898,0.39219409775647507,0.3931083240451802,0.3894515060757774,0.3931083240451802,-0.31706560488025226,600028.SS,-0.7189074473803626,-0.02129963886694886,-0.035499510962133336,-0.02839974419036895,-0.021299977418604565,-0.6773934893308223
2021-04-07,-0.22355517020840335,0.3985935509992844,0.3995077336952807,0.39127991506047877,0.39219409775647507,0.041500468775803406,600028.SS,-0.008007390747784504,-0.007100105323420089,0.04969938305731781,0.014199872095184475,0.04969972160897351,0.691468768980793
2021-04-08,-0.22355517020840335,0.3985935509992844,0.4004219599839858,0.3958509157258779,0.39676514201458296,-0.19974932657127428,600028.SS,0.7028926658847936,0.03549984951378904,0.007100105323420089,0.035499510962133336,0.0,-0.4655416868338846
2021-04-09,-0.20152303539708957,0.4013361426799821,0.40225036896868716,0.39676514201458296,0.3985935509992844,-0.21365434202565728,600028.SS,1.4137927225173716,0.014199872095184475,0.014199872095184475,0.007100105323420089,0.02129963886694886,-0.02700662798675009
2021-04-12,-0.20152303539708957,0.4013361426799821,0.4049929606493849,0.3985935509992844,0.4013361426799821,-0.17622097186996316,600028.SS,-1.4298075040129405,0.02129963886694886,0.02129963886694886,0.014199872095184475,0.0,0.07202217736016998
2021-04-13,-0.245587536902753,0.3958509157258779,0.4013361426799821,0.3931083240451802,0.4004219599839858,-0.15712378562678625,600028.SS,-0.7189074473803626,-0.0070997667717643854,-0.02839974419036895,-0.04259961628555343,-0.04259961628555343,0.03665272882960352
2021-04-14,-0.23089960161723455,0.39767932471057926,0.3985935509992844,0.3940225067411765,0.39676514201458296,-0.34134224075340014,600028.SS,-0.008007390747784504,-0.02839974419036895,-0.02129963886694886,0.0070997667717643854,0.014199872095184475,-0.35553149811736023
2021-04-15,-0.21621166633171696,0.3995077336952807,0.4031645516646835,0.39767932471057926,0.4013361426799821,-0.24135128009326648,600028.SS,0.7028926658847936,0.035499510962133336,0.035499510962133336,0.02839974419036895,0.014199872095184475,0.19269218634893084
2021-04-16,-0.15745876577446333,0.40682136963408627,0.4086497786187877,0.3995077336952807,0.4004219599839858,0.1547345905758379,600028.SS,1.4137927225173716,-0.0070997667717643854,0.04259961628555343,0.014199872095184475,0.0567994883807379,0.7638423084076315
2021-04-19,-0.17949090058577669,0.4040787779533886,0.4086497786187877,0.40225036896868716,0.4077355959227914,0.0216600513129983,600028.SS,-1.4298075040129405,0.0567994883807379,0.0,0.021299977418604565,-0.02129963886694886,-0.25687781377246693
2021-04-20,-0.1941792996373673,0.40225036896868716,0.4040787779533886,0.4004219599839858,0.4040787779533886,-0.34095724556540996,600028.SS,-0.7189074473803626,-0.02839974419036895,-0.035499510962133336,-0.014199872095184475,-0.014199872095184475,-0.6996526457540458
2021-04-21,-0.2823083026486933,0.39127991506047877,0.3995077336952807,0.3903656887717737,0.3995077336952807,0.3700003320140029,600028.SS,-0.008007390747784504,-0.03549984951378904,-0.03549984951378904,-0.07809946579934246,-0.08519923257110686,1.3712117962154615
2021-04-22,-0.2969964698172476,0.3894515060757774,0.39219409775647507,0.3867088708023709,0.3903656887717737,0.08072255312286511,600028.SS,0.7028926658847936,-0.07099936047592238,-0.0567994883807379,-0.02839974419036895,-0.014199872095184475,-0.5581849162044675
2021-04-23,-0.3190290683946336,0.3867088708023709,0.3894515060757774,0.3848804618176695,0.3894515060757774,-0.25352832985886403,600028.SS,1.4137927225173716,-0.0070997667717643854,-0.02129963886694886,-0.014199872095184475,-0.021299977418604565,-0.6449354580828189
2021-04-26,-0.33371700368015156,0.3848804618176695,0.3885372797870723,0.3839662355289644,0.3857946445136658,-0.2404322633293566,600028.SS,-1.4298075040129405,-0.028400082742024654,-0.007100105323420089,-0.007100105323420089,-0.014199872095184475,0.025076912626456546
2021-04-27,-0.3410612032059469,0.3839662355289644,0.3857946445136658,0.3812236438482667,0.3848804618176695,-0.37241564022495693,600028.SS,-0.7189074473803626,-0.0070997667717643854,-0.021299977418604565,-0.02129963886694886,-0.007100105323420089,-0.2547730240642761
2021-04-28,-0.3116848688688378,0.3876230534983672,0.3876230534983672,0.38305205283296806,0.3848804618176695,-0.38966267429731427,600028.SS,-0.008007390747784504,0.0,0.014199872095184475,0.014199872095184475,0.02839974419036895,-0.03345319048092022
2021-04-29,-0.2823083026486933,0.39127991506047877,0.39219409775647507,0.3885372797870723,0.3903656887717737,-0.043934895994011805,600028.SS,0.7028926658847936,0.04259961628555343,0.03549984951378904,0.04259961628555343,0.028400082742024654,0.6667044325809255
2021-04-30,-0.2823083026486933,0.39127991506047877,0.39219409775647507,0.3885372797870723,0.3894515060757774,-0.1535118771890579,600028.SS,1.4137927225173716,-0.0070997667717643854,0.0,0.0,0.0,-0.21155237012301323
2021-05-06,-0.21621166633171696,0.3995077336952807,0.4013361426799821,0.3949367330298816,0.3958509157258779,0.29278386695335196,600028.SS,0.7028926658847936,0.04969938305731781,0.07099936047592238,0.04969972160897351,0.06389925515250229,0.8606942784802055
2021-05-07,-0.1941792996373673,0.40225036896868716,0.4040787779533886,0.39767932471057926,0.3995077336952807,0.11191675391121307,600028.SS,1.4137927225173716,0.02839974419036895,0.021299977418604565,0.02129963886694886,0.021299977418604565,-0.34906695119032816
2021-05-10,-0.12073776814548676,0.41139241389219416,0.41139241389219416,0.4040787779533886,0.4040787779533886,0.3649318198335327,600028.SS,-1.4298075040129405,0.03549984951378904,0.0567994883807379,0.04969972160897351,0.07099936047592238,0.48786692067912596
2021-05-11,-0.15745876577446333,0.40682136963408627,0.4086497786187877,0.4013361426799821,0.4077355959227914,0.09169943484925874,600028.SS,-0.7189074473803626,0.02839974419036895,-0.021299977418604565,-0.021299977418604565,-0.03549984951378904,-0.5272342703858428
2021-05-12,-0.12073776814548676,0.41139241389219416,0.415049231861597,0.40590718693808997,0.40590718693808997,-0.04422789260615902,600028.SS,-0.008007390747784504,-0.014199872095184475,0.04969972160897351,0.03549984951378904,0.03549984951378904,-0.2623806787975674
2021-05-13,-0.17214670105998137,0.4049929606493849,0.4104781876034891,0.4031645516646835,0.4095640049074928,-0.1502243831473275,600028.SS,0.7028926658847936,0.02839974419036895,-0.03549984951378904,-0.021299977418604565,-0.04969972160897351,-0.20464580873048446
2021-05-14,-0.20152303539708957,0.4013361426799821,0.4049929606493849,0.39767932471057926,0.4031645516646835,-0.10278802666108348,600028.SS,1.4137927225173716,-0.04969972160897351,-0.04259961628555343,-0.04259961628555343,-0.02839974419036895,0.09131736505344033
2021-05-17,-0.17949090058577669,0.4040787779533886,0.40682136963408627,0.40225036896868716,0.4040787779533886,-0.09938746462420965,600028.SS,-1.4298075040129405,0.007100105323420089,0.014199872095184475,0.03549984951378904,0.021299977418604565,0.006374839786972114
2021-05-18,-0.09870540145113754,0.4141350491656007,0.415049231861597,0.4049929606493849,0.40682136963408627,0.3497073382069608,600028.SS,-0.7189074473803626,0.02129963886694886,0.06389959370415799,0.02129963886694886,0.07809946579934246,0.8660935023698924
2021-05-19,-0.17214670105998137,0.4049929606493849,0.4104781876034891,0.4031645516646835,0.4104781876034891,0.147987574907611,600028.SS,-0.008007390747784504,0.02839974419036895,-0.03549984951378904,-0.014199872095184475,-0.07099969902757808,-0.38929051916484203
2021-05-20,-0.2382438011430303,0.39676514201458296,0.4004219599839858,0.39676514201458296,0.4004219599839858,-0.10314317557556577,600028.SS,0.7028926658847936,-0.07809912724768676,-0.07809912724768676,-0.04969938305731781,-0.06389925515250229,-0.4846014833426073
2021-05-21,-0.22355517020840335,0.3985935509992844,0.4004219599839858,0.3949367330298816,0.39676514201458296,-0.25850555778637446,600028.SS,1.4137927225173716,-0.02839974419036895,0.0,-0.014199872095184475,0.014199872095184475,-0.2998697862443072
2021-05-24,-0.20152303539708957,0.4013361426799821,0.40225036896868716,0.3985935509992844,0.4004219599839858,-0.31248476403784203,600028.SS,-1.4298075040129405,0.02839974419036895,0.014199872095184475,0.02839974419036895,0.02129963886694886,-0.10430744671566736
2021-05-25,-0.17214670105998137,0.4049929606493849,0.40682136963408627,0.3995077336952807,0.4040787779533886,0.1122909162373931,600028.SS,-0.7189074473803626,0.02839974419036895,0.035499510962133336,0.0070997667717643854,0.02839974419036895,0.8191833078793415
2021-05-26,-0.142770598605909,0.4086497786187877,0.4086497786187877,0.4031645516646835,0.4031645516646835,0.16359100792943146,600028.SS,-0.008007390747784504,-0.007100105323420089,0.014199872095184475,0.02839974419036895,0.02839974419036895,0.0987702889632944
2021-05-27,-0.142770598605909,0.4086497786187877,0.415049231861597,0.40682136963408627,0.40682136963408627,0.1739209864298619,600028.SS,0.7028926658847936,0.02839974419036895,0.04969972160897351,0.02839974419036895,0.0,0.01974128725084788
2021-05-28,-0.142770598605909,0.4086497786187877,0.4141350491656007,0.40682136963408627,0.4123066401808993,-0.22765341206348594,600028.SS,1.4137927225173716,0.04259995483720913,-0.0070997667717643854,0.0,0.0,-0.7747986634338223
2021-05-31,-0.17949090058577669,0.4040787779533886,0.40682136963408627,0.4004219599839858,0.40682136963408627,-0.10584009230354308,600028.SS,-1.4298075040129405,-0.04259995483720913,-0.056799826932393604,-0.04969938305731781,-0.035499510962133336,0.23478626713906406
2021-06-01,-0.142770598605909,0.4086497786187877,0.4095640049074928,0.4013361426799821,0.4040787779533886,0.02692679741079028,600028.SS,-0.7189074473803626,-0.02129963886694886,0.021299977418604565,0.0070997667717643854,0.035499510962133336,0.2559150761964001
2021-06-02,-0.12808196767128208,0.4104781876034891,0.4123066401808993,0.4077355959227914,0.4104781876034891,-0.006945753922077114,600028.SS,-0.008007390747784504,0.04969938305731781,0.021299977418604565,0.04969972160897351,0.014199872095184475,-0.06552286102115899
2021-06-03,-0.10604913721085982,0.4132208228768956,0.41596345815030206,0.41139241389219416,0.41139241389219416,0.37320103271968214,600028.SS,0.7028926658847936,0.007100105323420089,0.02839974419036895,0.02839974419036895,0.021299977418604565,0.7330967282575159
2021-06-04,-0.12808196767128208,0.4104781876034891,0.4132208228768956,0.4077355959227914,0.41139241389219416,-0.12629428704504445,600028.SS,1.4137927225173716,0.0,-0.021299977418604565,-0.02839974419036895,-0.021299977418604565,-0.9636825119760143
2021-06-07,-0.09870540145113754,0.4141350491656007,0.415049231861597,0.4104781876034891,0.4123066401808993,-0.13013165441919655,600028.SS,-1.4298075040129405,0.007100105323420089,0.014199872095184475,0.02129963886694886,0.028400082742024654,-0.007586711481958772
2021-06-08,-0.12073776814548676,0.41139241389219416,0.4123066401808993,0.40682136963408627,0.41139241389219416,0.13129169373736166,600028.SS,-0.7189074473803626,-0.007100105323420089,-0.02129963886694886,-0.02839974419036895,-0.021299977418604565,0.50408601551005
2021-06-09,-0.04729716418575141,0.4205344588157012,0.4223628678004026,0.4123066401808993,0.4132208228768956,0.686438381296411,600028.SS,-0.008007390747784504,0.014199872095184475,0.07809912724768676,0.04259995483720913,0.07099936047592238,1.0706615137046638
2021-06-10,-0.06198463570519683,0.4187060498309998,0.4223628678004026,0.41687764084629836,0.4177918671350035,0.1415723280553266,600028.SS,0.7028926658847936,0.03549984951378904,0.0,0.035499510962133336,-0.014199872095184475,-1.0512000581645977
2021-06-11,-0.0032321989140158157,0.42601968576980537,0.43516177428602115,0.4205344588157012,0.4214486851044063,0.9920646506109769,600028.SS,1.4137927225173716,0.02839974419036895,0.09939944321794703,0.02839974419036895,0.0567994883807379,1.6403663271805267
2021-06-15,0.011455968254538514,0.4278480947545068,0.43881859225542397,0.42601968576980537,0.4296765037392082,0.8131999398978161,600028.SS,-0.7189074473803626,0.06389925515250229,0.02839974419036895,0.04259961628555343,0.014199872095184475,-0.3452044317887895
2021-06-16,0.026143903540056107,0.4296765037392082,0.4369901832707226,0.4287623210432119,0.433333321708611,0.25772616699633627,600028.SS,-0.008007390747784504,0.02839974419036895,-0.014199872095184475,0.021299977418604565,0.014199872095184475,-1.0716617418139918
2021-06-17,-0.03427994617679802,0.4104781876034891,0.41962027611970487,0.4095640049074928,0.4187060498309998,0.04648101364609284,600028.SS,0.7028926658847936,-0.1135989767614758,-0.13489895418008035,-0.14909882627526483,-0.14909882627526483,-0.40766445098980914
2021-06-18,-0.12491630045967063,0.3995077336952807,0.4086497786187877,0.39767932471057926,0.4077355959227914,0.44754486383461073,600028.SS,1.4137927225173716,-0.08519923257110686,-0.08519957112276255,-0.09229933789452693,-0.08519923257110686,0.7734445457781848
2021-06-21,-0.1853401501765252,0.39219409775647507,0.4013361426799821,0.39127991506047877,0.3995077336952807,0.5789653605098132,600028.SS,-1.4298075040129405,-0.06389959370415799,-0.0567994883807379,-0.04969938305731781,-0.0567994883807379,0.2533179611409089
2021-06-22,-0.07959777549367987,0.4049929606493849,0.4086497786187877,0.3958509157258779,0.39676514201458296,0.7739674015906475,600028.SS,-0.7189074473803626,-0.02129963886694886,0.0567994883807379,0.035499510962133336,0.09939910466629133,0.37596311855633735
2021-06-23,-0.07204488123521166,0.40590718693808997,0.40682136963408627,0.4004219599839858,0.4049929606493849,-0.2321944309580379,600028.SS,-0.008007390747784504,0.06389925515250229,-0.014199872095184475,0.03549984951378904,0.007100105323420089,-1.9410131949345524
2021-06-24,-0.08715090163518481,0.4040787779533886,0.40590718693808997,0.4013361426799821,0.40590718693808997,-0.21521543567744175,600028.SS,0.7028926658847936,0.007100105323420089,-0.0070997667717643854,0.0070997667717643854,-0.014199872095184475,0.03256685978583989
2021-06-25,-0.08715090163518481,0.4040787779533886,0.4104781876034891,0.4031645516646835,0.4049929606493849,0.08581582435561474,600028.SS,1.4137927225173716,-0.007100105323420089,0.035499510962133336,0.014199872095184475,0.0,0.5804874089080887
2021-06-28,-0.1173629424351298,0.4004219599839858,0.4086497786187877,0.3985935509992844,0.40682136963408627,-0.05950216564343622,600028.SS,-1.4298075040129405,0.014199872095184475,-0.014199872095184475,-0.035499510962133336,-0.02839974419036895,-0.2804947289777805
2021-06-29,-0.14002208897660703,0.39767932471057926,0.3995077336952807,0.3949367330298816,0.3985935509992844,-0.05163143311900961,600028.SS,-0.7189074473803626,-0.06389925515250229,-0.07099936047592238,-0.02839974419036895,-0.021299977418604565,0.014997542620707483
2021-06-30,-0.1324687309520662,0.3985935509992844,0.4004219599839858,0.3958509157258779,0.3985935509992844,-0.37195923759466776,600028.SS,-0.008007390747784504,0.0,0.007100105323420089,0.0070997667717643854,0.007100105323420089,-0.6180786371130346
2021-07-01,-0.15512787749354345,0.3958509157258779,0.4004219599839858,0.3958509157258779,0.3995077336952807,-0.3765190276522875,600028.SS,0.7028926658847936,0.0070997667717643854,0.0,0.0,-0.021299977418604565,-0.008980223460357957
2021-07-02,-0.17023436165958877,0.3940225067411765,0.4040787779533886,0.3931083240451802,0.40225036896868716,0.25315006553096797,600028.SS,1.4137927225173716,0.021299977418604565,0.02839974419036895,-0.02129963886694886,-0.014199872095184475,1.2144109657539535
2021-07-05,-0.17778679215198437,0.3931083240451802,0.3949367330298816,0.3894515060757774,0.3940225067411765,-0.045624275824101924,600028.SS,-1.4298075040129405,-0.06389959370415799,-0.07099936047592238,-0.02839974419036895,-0.0070997667717643854,-0.5765032412653359
2021-07-06,-0.16268100363504795,0.3949367330298816,0.39767932471057926,0.39219409775647507,0.3949367330298816,-0.11897751502223168,600028.SS,-0.7189074473803626,0.007100105323420089,0.02129963886694886,0.02129963886694886,0.014199872095184475,-0.14167884658849916
2021-07-07,-0.2004461705764979,0.3903656887717737,0.39219409775647507,0.3885372797870723,0.39127991506047877,0.05272027618598897,600028.SS,-0.008007390747784504,-0.02839974419036895,-0.04259961628555343,-0.02839974419036895,-0.03549984951378904,0.331010555343324
2021-07-08,-0.25331758980095687,0.3839662355289644,0.3894515060757774,0.3839662355289644,0.3894515060757774,0.0007200052039130726,600028.SS,0.7028926658847936,-0.014199872095184475,-0.02129963886694886,-0.03549984951378904,-0.04969972160897351,-0.10049019392795451
2021-07-09,-0.25331758980095687,0.3839662355289644,0.3857946445136658,0.382137826544263,0.3839662355289644,-0.1561907122308372,600028.SS,1.4137927225173716,-0.04259995483720913,-0.028400082742024654,-0.014199872095184475,0.0,-0.30285643620770986
2021-07-12,-0.2759767363424341,0.3812236438482667,0.3876230534983672,0.3812236438482667,0.3867088708023709,0.04587229253110842,600028.SS,-1.4298075040129405,0.021299977418604565,0.014199872095184475,-0.0070997667717643854,-0.02129963886694886,0.3895833130682815
2021-07-13,-0.24576446365945234,0.3848804618176695,0.3867088708023709,0.3812236438482667,0.38305205283296806,-0.09464255313280097,600028.SS,-0.7189074473803626,-0.02839974419036895,-0.0070997667717643854,0.0,0.02839974419036895,-0.2712297386636999
2021-07-14,-0.26842361020092914,0.382137826544263,0.3857946445136658,0.3812236438482667,0.3857946445136658,-0.1996568310751648,600028.SS,-0.008007390747784504,0.02129963886694886,-0.007100105323420089,0.0,-0.021299977418604565,-0.20275117688531744
2021-07-15,-0.2759767363424341,0.3812236438482667,0.382137826544263,0.37756682587886387,0.3803094175595616,-0.1672624374015996,600028.SS,0.7028926658847936,-0.04259961628555343,-0.02839974419036895,-0.02839974419036895,-0.0070997667717643854,0.06230228034224535
2021-07-16,-0.2910825248593705,0.3793952348635653,0.382137826544263,0.37848100857486017,0.3803094175595616,-0.20668732733243503,600028.SS,1.4137927225173716,0.0,0.0,0.0070997667717643854,-0.014199872095184475,-0.07623300415683329
2021-07-19,-0.3515068383422977,0.37208159892475967,0.3793952348635653,0.3702531899400583,0.3793952348635653,0.39510609177484707,600028.SS,-1.4298075040129405,-0.0070997667717643854,-0.02129963886694886,-0.06389925515250229,-0.0567994883807379,1.1606403870888953
2021-07-20,-0.34395394408382945,0.372995781620756,0.3739100079094611,0.3675105546666518,0.3675105546666518,-0.12985298774523513,600028.SS,-0.7189074473803626,-0.09229933789452693,-0.04259961628555343,-0.021299977418604565,0.0070997667717643854,-1.0128006460631696
2021-07-21,-0.3817188791422431,0.36842478095535686,0.372995781620756,0.36842478095535686,0.372995781620756,-0.2351158314164159,600028.SS,-0.008007390747784504,0.04259961628555343,-0.007100105323420089,0.007100105323420089,-0.035499510962133336,-0.20323064593917284
2021-07-22,-0.34395394408382945,0.372995781620756,0.3748241906054574,0.3702531899400583,0.37208159892475967,-0.009074578978361402,600028.SS,0.7028926658847936,-0.0070997667717643854,0.014199872095184475,0.014199872095184475,0.035499510962133336,0.43583597943984603
2021-07-23,-0.3590599644838022,0.3711673726360546,0.3748241906054574,0.3711673726360546,0.3739100079094611,-0.25990024526390787,600028.SS,1.4137927225173716,0.014199872095184475,0.0,0.0070997667717643854,-0.014199872095184475,-0.484012993399604
2021-07-26,-0.37416598488377534,0.3693389636513532,0.37208159892475967,0.3665963719706555,0.37208159892475967,-0.059555478976530546,600028.SS,-1.4298075040129405,-0.014199872095184475,-0.02129963886694886,-0.035499510962133336,-0.014199872095184475,0.3862689294659226
2021-07-27,-0.38927177340071173,0.3675105546666518,0.3739100079094611,0.3665963719706555,0.3693389636513532,0.0015597693968162462,600028.SS,-0.7189074473803626,-0.021299977418604565,0.014199872095184475,0.0,-0.014199872095184475,0.1177031640214463
2021-07-28,-0.4194840460836926,0.36385373669724896,0.3693389636513532,0.3629395322048983,0.3675105546666518,0.14633590511424646,600028.SS,-0.008007390747784504,-0.014199872095184475,-0.03549984951378904,-0.028399913466196802,-0.02839974419036895,0.2790802238860174
2021-07-29,-0.4194840460836926,0.36385373669724896,0.3656821456819504,0.3611111232201969,0.3656821456819504,-0.15380622169742805,600028.SS,0.7028926658847936,-0.014199872095184475,-0.02839974419036895,-0.014199872095184475,0.0,-0.5791416210688461
2021-07-30,-0.4119311518252244,0.3647679411895997,0.3665963719706555,0.3611111232201969,0.3629395322048983,-0.2945511476562398,600028.SS,1.4137927225173716,-0.021299808142776714,0.007100105323420089,0.0,0.007099936047592238,-0.27167355037431934
2021-08-02,-0.40437802568372033,0.3656821456819504,0.3665963719706555,0.35836850974314477,0.36385373669724896,0.04075819412768824,600028.SS,-1.4298075040129405,0.007099936047592238,0.0,-0.021299808142777026,0.007099936047592238,0.6466078652690415
2021-08-03,-0.4194840460836926,0.36385373669724896,0.3656821456819504,0.3620253277125476,0.3629395322048983,-0.20099216763836564,600028.SS,-0.7189074473803626,-0.007099936047592238,-0.007100105323420089,0.028399744190369267,-0.014199872095184475,-0.46650725078528144
2021-08-04,-0.40437802568372033,0.3656821456819504,0.3656821456819504,0.3611111232201969,0.3629395322048983,-0.37484810841009863,600028.SS,-0.008007390747784504,0.0,0.0,-0.007099936047592238,0.014199872095184475,-0.33554280145774545
2021-08-05,-0.4119311518252244,0.3647679411895997,0.3675105546666518,0.3620253277125476,0.36385373669724896,-0.3178829641806387,600028.SS,0.7028926658847936,0.007099936047592238,0.014199872095184475,0.007099936047592238,-0.007099936047592238,0.10969785083228854
2021-08-06,-0.4270374041082339,0.3629395322048983,0.3656821456819504,0.3620253277125476,0.3656821456819504,-0.22997427816827046,600028.SS,1.4137927225173716,0.014199872095184475,-0.014199872095184475,0.0,-0.014199872095184475,0.16938617058659006
2021-08-09,-0.40437802568372033,0.3656821456819504,0.3656821456819504,0.3611111232201969,0.3620253277125476,-0.29652599575643934,600028.SS,-1.4298075040129405,-0.02839974419036895,0.0,-0.007099936047592238,0.021299808142776714,-0.12855910097181042
2021-08-10,-0.40437802568372033,0.3656821456819504,0.3656821456819504,0.3629395322048983,0.3647679411895997,-0.3589148383498718,600028.SS,-0.7189074473803626,0.021299808142776714,0.0,0.014199872095184475,0.0,-0.1205291535428364
2021-08-11,-0.37416598488377534,0.3693389636513532,0.3702531899400583,0.3656821456819504,0.3665963719706555,-0.07706304834462466,600028.SS,-0.008007390747784504,0.014200041371012327,0.03549984951378904,0.021299808142776714,0.02839974419036895,0.5434913097617959
2021-08-12,-0.3666128587422704,0.3702531899400583,0.3711673726360546,0.3675105546666518,0.3702531899400583,-0.17718769919096233,600028.SS,0.7028926658847936,0.02839974419036895,0.0070997667717643854,0.014199872095184475,0.007100105323420089,-0.19331936627894036
2021-08-13,-0.40437802568372033,0.3656821456819504,0.3702531899400583,0.3647679411895997,0.3693389636513532,-0.1598245534868291,600028.SS,1.4137927225173716,-0.007100105323420089,-0.0070997667717643854,-0.021299808142776714,-0.03549984951378904,0.033307863949962345
2021-08-16,-0.34395394408382945,0.372995781620756,0.372995781620756,0.3647679411895997,0.3656821456819504,0.3110056908780328,600028.SS,-1.4298075040129405,-0.02839974419036895,0.02129963886694886,0.0,0.0567994883807379,0.9080199241533384
2021-08-17,-0.37416598488377534,0.3693389636513532,0.3766525995901588,0.36842478095535686,0.37208159892475967,0.1751577837042117,600028.SS,-0.7189074473803626,0.04969972160897351,0.02839974419036895,0.028399913466196802,-0.02839974419036895,-0.26222748162330156
2021-08-18,-0.34395394408382945,0.372995781620756,0.372995781620756,0.3665963719706555,0.3675105546666518,-0.07866328067890098,600028.SS,-0.008007390747784504,-0.03549984951378904,-0.02839974419036895,-0.014199872095184475,0.02839974419036895,-0.4897909447631973
2021-08-19,-0.44214319262517027,0.3611111232201969,0.3702531899400583,0.3601969187278462,0.3693389636513532,1.029453912881514,600028.SS,0.7028926658847936,0.014199872095184475,-0.02129963886694886,-0.04969972160897351,-0.09229916861869909,2.1373099474382014
2021-08-20,-0.43459029836670204,0.3620253277125476,0.3629395322048983,0.3601969187278462,0.3620253277125476,-0.1184777995792119,600028.SS,1.4137927225173716,-0.0567994883807379,-0.05679965765656575,0.0,0.007099936047592238,-2.2144791731695586
2021-08-23,-0.4194840460836926,0.36385373669724896,0.3656821456819504,0.3620253277125476,0.3620253277125476,-0.2068267942167374,600028.SS,-1.4298075040129405,0.0,0.021299808142776714,0.014199872095184475,0.014199872095184475,-0.17060479992323838
2021-08-24,-0.40437802568372033,0.3656821456819504,0.36842478095535686,0.3647679411895997,0.3675105546666518,-0.19109557193687782,600028.SS,-0.7189074473803626,0.04259961628555343,0.021299977418604565,0.021299808142776714,0.014199872095184475,0.030159977135777928
2021-08-25,-0.37416598488377534,0.3693389636513532,0.3702531899400583,0.3656821456819504,0.3665963719706555,-0.057894566466208726,600028.SS,-0.008007390747784504,-0.0070997667717643854,0.014199872095184475,0.007099936047592238,0.02839974419036895,0.2567524606256402
2021-08-26,-0.3515068383422977,0.37208159892475967,0.372995781620756,0.3693389636513532,0.3702531899400583,0.13994546079476478,600028.SS,0.7028926658847936,0.02839974419036895,0.02129963886694886,0.02839974419036895,0.021299977418604565,0.38143743134725394
2021-08-27,-0.32884769180082046,0.3748241906054574,0.3757384168941625,0.3702531899400583,0.3711673726360546,0.1418145953197654,600028.SS,1.4137927225173716,0.0070997667717643854,0.021299977418604565,0.007100105323420089,0.02129963886694886,0.003420803831730816
2021-08-30,-0.26842361020092914,0.382137826544263,0.38305205283296806,0.3766525995901588,0.37848100857486017,0.7906390082058773,600028.SS,-1.4298075040129405,0.0567994883807379,0.0567994883807379,0.04969938305731781,0.0567994883807379,1.2513604803066638
2021-08-31,-0.2079990648349661,0.3894515060757774,0.39127991506047877,0.37848100857486017,0.382137826544263,1.010610162185766,600028.SS,-0.7189074473803626,0.02839974419036895,0.06389959370415799,0.014199872095184475,0.056799826932393604,0.4241271071894425
2021-09-01,-0.2004461705764979,0.3903656887717737,0.3949367330298816,0.3857946445136658,0.3903656887717737,0.9285456995244167,600028.SS,-0.008007390747784504,0.06389959370415799,0.02839974419036895,0.0567994883807379,0.0070997667717643854,-0.158482297698644
2021-09-02,-0.17023436165958877,0.3940225067411765,0.3949367330298816,0.3885372797870723,0.3894515060757774,0.5025768515742323,600028.SS,0.7028926658847936,-0.0070997667717643854,0.0,0.021299977418604565,0.02839974419036895,-0.821854159201733
2021-09-03,-0.1324687309520662,0.3985935509992844,0.40225036896868716,0.3958509157258779,0.39676514201458296,0.6341718418010234,600028.SS,1.4137927225173716,0.0567994883807379,0.0567994883807379,0.0567994883807379,0.03549984951378904,0.25365454920750324
2021-09-06,-0.1324687309520662,0.3985935509992844,0.4013361426799821,0.39676514201458296,0.3985935509992844,0.2200796987958481,600028.SS,-1.4298075040129405,0.014199872095184475,-0.007100105323420089,0.007100105323420089,0.0,-0.7989446756216484
2021-09-07,-0.04183307231830253,0.4095640049074928,0.4095640049074928,0.39676514201458296,0.3985935509992844,1.0848879525972739,600028.SS,-0.7189074473803626,0.0,0.06389959370415799,0.0,0.08519923257110686,1.6679809385838802
2021-09-08,-0.004067673493816287,0.4141350491656007,0.41596345815030206,0.40682136963408627,0.4077355959227914,0.9367146649582989,600028.SS,-0.008007390747784504,0.07099936047592238,0.04969972160897351,0.07809912724768676,0.03549984951378904,-0.28600243458307834
2021-09-09,0.08656868078905675,0.42510550307380907,0.4287623210432119,0.4141350491656007,0.41596345815030206,1.7094062187579102,600028.SS,0.7028926658847936,0.06389959370415799,0.09939910466629133,0.056799826932393604,0.08519923257110686,1.490293100423855
2021-09-10,0.011038578789193164,0.41596345815030206,0.4269339120585105,0.4132208228768956,0.4232770940891077,1.341279138290858,600028.SS,1.4137927225173716,0.0567994883807379,-0.014199872095184475,-0.007100105323420089,-0.07099936047592238,-0.7102807027141457
2021-09-13,0.12433338396443365,0.4296765037392082,0.4324191390126147,0.41962027611970487,0.41962027611970487,1.5052051275882128,600028.SS,-1.4298075040129405,-0.02839974419036895,0.04259961628555343,0.04969972160897351,0.10649887143805571,0.316019194600674
2021-09-14,0.08656868078905675,0.42510550307380907,0.4525316378443301,0.4223628678004026,0.4296765037392082,2.8483537618760235,600028.SS,-0.7189074473803626,0.07809912724768676,0.15619859304702924,0.02129963886694886,-0.035499510962133336,2.590672134768666
2021-09-15,0.14699276238894718,0.4324191390126147,0.43881859225542397,0.4187060498309998,0.4223628678004026,1.8713510366446742,600028.SS,-0.008007390747784504,-0.0567994883807379,-0.10649887143805571,-0.02839974419036895,0.0567994883807379,-1.8847669470577662
2021-09-16,0.08656868078905675,0.42510550307380907,0.44430381920952816,0.4232770940891077,0.4415611839361217,1.990933308638006,600028.SS,0.7028926658847936,0.14909882627526483,0.04259961628555343,0.03549984951378904,-0.0567994883807379,0.2304827037843951
2021-09-17,0.0865682170229837,0.4104781876034891,0.424191276785104,0.39676514201458296,0.4086497786187877,1.9006143667764097,600028.SS,1.4137927225173716,-0.25559803626497624,-0.15619893159868492,-0.20589831465600275,-0.1135993153131315,-0.17440471528633344
2021-09-22,0.25083369617410617,0.4296765037392082,0.4296765037392082,0.40225036896868716,0.4031645516646835,1.5713189528260205,600028.SS,-0.008007390747784504,-0.04259961628555343,0.04259961628555343,0.04259961628555343,0.14909882627526483,-0.635376642154432
2021-09-23,0.20390080150937245,0.424191276785104,0.4369901832707226,0.4214486851044063,0.4324191390126147,1.2007611185487461,600028.SS,0.7028926658847936,0.22719829207460732,0.056799826932393604,0.14909882627526483,-0.04259961628555343,-0.7149694875884315
2021-09-24,0.1256794649901738,0.415049231861597,0.433333321708611,0.4123066401808993,0.42601968576980537,1.0773820340865135,600028.SS,1.4137927225173716,-0.04969972160897351,-0.028400082742024654,-0.07099936047592238,-0.07099936047592238,-0.23817583678605572
2021-09-27,0.06310211751517131,0.4077355959227914,0.424191276785104,0.40590718693808997,0.4187060498309998,1.2297270667469824,600028.SS,-1.4298075040129405,-0.0567994883807379,-0.07099936047592238,-0.04969972160897351,-0.0567994883807379,0.29368019256746236
2021-09-28,0.28212283367768043,0.433333321708611,0.43973277495142027,0.4104781876034891,0.4132208228768956,2.5835868857061812,600028.SS,-0.7189074473803626,-0.04259961628555343,0.1206990820848959,0.035499510962133336,0.19879820933258266,2.6113333964981282
2021-09-29,0.06310211751517131,0.4077355959227914,0.424191276785104,0.40225036896868716,0.4232770940891077,2.480328009662818,600028.SS,-0.008007390747784504,0.07809946579934246,-0.1206990820848959,-0.06389925515250229,-0.19879820933258266,-0.19936510716582798
2021-09-30,0.06310211751517131,0.4077355959227914,0.4095640049074928,0.3985935509992844,0.4077355959227914,0.6778337410188567,600028.SS,0.7028926658847936,-0.1206990820848959,-0.1135989767614758,-0.02839974419036895,0.0,-3.477092852843361
2021-10-08,0.16479048107432756,0.41962027611970487,0.42510550307380907,0.4123066401808993,0.4223628678004026,1.1992794513900615,600028.SS,1.4137927225173716,0.1135989767614758,0.1206990820848959,0.10649920998971142,0.09229933789452693,1.005654258991127
2021-10-11,0.18825704434821258,0.4223628678004026,0.4269339120585105,0.41687764084629836,0.4214486851044063,0.6568642772299935,600028.SS,-1.4298075040129405,-0.0070997667717643854,0.014199872095184475,0.035499510962133336,0.02129963886694886,-1.04647245279566
2021-10-12,0.10221313359932509,0.4123066401808993,0.42510550307380907,0.4077355959227914,0.41962027611970487,0.6501664628796555,600028.SS,-0.7189074473803626,-0.014199872095184475,-0.014199872095184475,-0.07099936047592238,-0.07809912724768676,-0.013104349861968508
2021-10-13,-0.038586246043984966,0.3958509157258779,0.4095640049074928,0.39219409775647507,0.4086497786187877,1.134481756747154,600028.SS,-0.008007390747784504,-0.08519957112276255,-0.1206990820848959,-0.1206990820848959,-0.12779918740831597,0.9340318122643669
2021-10-14,-0.030764367463405034,0.39676514201458296,0.4004219599839858,0.39219409775647507,0.3958509157258779,-0.0478507643472675,600028.SS,0.7028926658847936,-0.09939910466629133,-0.07099936047592238,0.0,0.007100105323420089,-2.280836362658084
2021-10-15,0.031813443777670064,0.4040787779533886,0.4040787779533886,0.3949367330298816,0.3995077336952807,0.46172609863064257,600028.SS,1.4137927225173716,0.02839974419036895,0.02839974419036895,0.021299977418604565,0.0567994883807379,0.9827599321782446
2021-10-18,0.10221313359932509,0.4123066401808993,0.4132208228768956,0.40225036896868716,0.4049929606493849,0.7565689248555647,600028.SS,-1.4298075040129405,0.04259961628555343,0.07099936047592238,0.0567994883807379,0.06389959370415799,0.5685502745454579
2021-10-19,0.11785712264352169,0.4141350491656007,0.415049231861597,0.4040787779533886,0.4086497786187877,0.4469941767952526,600028.SS,-0.7189074473803626,0.02839974419036895,0.014199872095184475,0.014199872095184475,0.014199872095184475,-0.597336607187755
2021-10-20,0.055279775168518334,0.40682136963408627,0.41139241389219416,0.4040787779533886,0.4077355959227914,0.284152380558399,600028.SS,-0.008007390747784504,-0.0070997667717643854,-0.02839974419036895,0.0,-0.056799826932393604,-0.3142971475041604
2021-10-21,0.07874657032544051,0.4095640049074928,0.4132208228768956,0.40682136963408627,0.4095640049074928,0.2972537392887448,600028.SS,0.7028926658847936,0.014199872095184475,0.014199872095184475,0.02129963886694886,0.021299977418604565,0.02508712097875394
2021-10-22,-0.015119450887063653,0.3985935509992844,0.4095640049074928,0.39676514201458296,0.40682136963408627,0.49774778042418494,600028.SS,1.4137927225173716,-0.021299977418604565,-0.02839974419036895,-0.07809912724768676,-0.08519923257110686,0.3865568720978604
2021-10-25,0.055279775168518334,0.40682136963408627,0.4123066401808993,0.39676514201458296,0.4013361426799821,0.4232846325417614,600028.SS,-1.4298075040129405,-0.04259961628555343,0.021299977418604565,0.0,0.06389925515250229,-0.14381979686856036
2021-10-26,0.031813443777670064,0.4040787779533886,0.4104781876034891,0.4031645516646835,0.40682136963408627,-0.0869583458419162,600028.SS,-0.7189074473803626,0.04259961628555343,-0.014200210646840178,0.04969938305731781,-0.02129963886694886,-0.9844141298612158
2021-10-27,-0.022942025116752494,0.39767932471057926,0.4049929606493849,0.3958509157258779,0.4040787779533886,0.18423231799729117,600028.SS,-0.008007390747784504,-0.02129963886694886,-0.04259961628555343,-0.0567994883807379,-0.04969972160897351,0.5229266080219641
2021-10-28,-0.14027460960314123,0.3839662355289644,0.3940225067411765,0.3812236438482667,0.3931083240451802,0.8263311821706899,600028.SS,0.7028926658847936,-0.08519923257110686,-0.08519923257110686,-0.1135989767614758,-0.10649920998971142,1.2383872820572865
2021-10-29,-0.10116382540202376,0.3885372797870723,0.3903656887717737,0.38305205283296806,0.3867088708023709,0.1528082853741741,600028.SS,1.4137927225173716,-0.04969972160897351,-0.02839974419036895,0.014199872095184475,0.03549984951378904,-1.2993717403395648
2021-11-01,-0.12463038867590877,0.3857946445136658,0.3903656887717737,0.3839662355289644,0.3876230534983672,0.044432018830625086,600028.SS,-1.4298075040129405,0.0070997667717643854,0.0,0.0070997667717643854,-0.021299977418604565,-0.20923626033328582
2021-11-02,-0.17938562568729458,0.3793952348635653,0.3885372797870723,0.3748241906054574,0.3885372797870723,0.7185440332376111,600028.SS,-0.7189074473803626,0.007100105323420089,-0.014199872095184475,-0.07099936047592238,-0.04969938305731781,1.300138815249272
2021-11-03,-0.17938562568729458,0.3793952348635653,0.382137826544263,0.3748241906054574,0.3757384168941625,-0.013542674823801457,600028.SS,-0.008007390747784504,-0.09939910466629133,-0.04969972160897351,0.0,0.0,-1.412337977925868
2021-11-04,-0.18720773615091124,0.37848100857486017,0.3793952348635653,0.372995781620756,0.3766525995901588,0.017781532729274956,600028.SS,0.7028926658847936,0.0070997667717643854,-0.02129963886694886,-0.014199872095184475,-0.007100105323420089,0.060237952612585376
2021-11-05,-0.22631852035202873,0.3739100079094611,0.37756682587886387,0.372995781620756,0.37756682587886387,-0.02231740469708236,600028.SS,1.4137927225173716,0.007100105323420089,-0.014199872095184475,0.0,-0.035499510962133336,-0.07753320316845771
2021-11-08,-0.22631852035202873,0.3739100079094611,0.37848100857486017,0.3739100079094611,0.37756682587886387,-0.1121464390794195,600028.SS,-1.4298075040129405,0.0,0.0070997667717643854,0.007100105323420089,0.0,-0.17345971181914124
2021-11-09,-0.25760696220649365,0.3702531899400583,0.3757384168941625,0.3693389636513532,0.3748241906054574,0.10758200040779049,600028.SS,-0.7189074473803626,-0.021299977418604565,-0.02129963886694886,-0.03549984951378904,-0.02839974419036895,0.4236589248349582
2021-11-10,-0.23414063081564496,0.372995781620756,0.372995781620756,0.3693389636513532,0.37208159892475967,-0.016799279059464264,600028.SS,-0.008007390747784504,-0.02129963886694886,-0.021299977418604565,0.0,0.02129963886694886,-0.2401090135482893
2021-11-11,-0.21849617800537618,0.3748241906054574,0.3757384168941625,0.3693389636513532,0.3702531899400583,-0.08220776945946917,600028.SS,0.7028926658847936,-0.014199872095184475,0.021299977418604565,0.0,0.014199872095184475,-0.1263538812061586
2021-11-12,-0.21067429942479626,0.3757384168941625,0.37756682587886387,0.37208159892475967,0.3748241906054574,-0.1838246035396316,600028.SS,1.4137927225173716,0.035499510962133336,0.014199872095184475,0.021299977418604565,0.007100105323420089,-0.19619770226961014
2021-11-15,-0.21849617800537618,0.3748241906054574,0.3757384168941625,0.372995781620756,0.3748241906054574,-0.31376481822139246,600028.SS,-1.4298075040129405,0.0,-0.014199872095184475,0.0070997667717643854,-0.007100105323420089,-0.2508318811794329
2021-11-16,-0.21067429942479626,0.3757384168941625,0.3793952348635653,0.3739100079094611,0.3757384168941625,-0.181086740581693,600028.SS,-0.7189074473803626,0.007100105323420089,0.02839974419036895,0.007100105323420089,0.007100105323420089,0.2557437627912967
2021-11-17,-0.21067429942479626,0.3757384168941625,0.3766525995901588,0.3739100079094611,0.3757384168941625,-0.3884639286923733,600028.SS,-0.008007390747784504,0.0,-0.021299977418604565,0.0,0.0,-0.4002033675870977
2021-11-18,-0.23414063081564496,0.372995781620756,0.3757384168941625,0.372995781620756,0.3748241906054574,-0.3450891375815288,600028.SS,0.7028926658847936,-0.007100105323420089,-0.0070997667717643854,-0.007100105323420089,-0.021299977418604565,0.08348283807748333
2021-11-19,-0.15591906241341044,0.382137826544263,0.38305205283296806,0.372995781620756,0.3748241906054574,0.2307848334629916,600028.SS,1.4137927225173716,0.0,0.0567994883807379,0.0,0.07099936047592238,1.1106432563570905
2021-11-22,-0.1950298466145275,0.37756682587886387,0.3803094175595616,0.3757384168941625,0.37848100857486017,-0.015156733964493714,600028.SS,-1.4298075040129405,0.02839974419036895,-0.021299977418604565,0.021299977418604565,-0.035499510962133336,-0.47459184644762215
2021-11-23,-0.2028519570781437,0.3766525995901588,0.3793952348635653,0.3748241906054574,0.3766525995901588,-0.16978242566868226,600028.SS,-0.7189074473803626,-0.014199872095184475,-0.0070997667717643854,-0.007100105323420089,-0.007100105323420089,-0.29844875245226116
2021-11-24,-0.17156328334064247,0.3803094175595616,0.382137826544263,0.3766525995901588,0.3793952348635653,-0.1536082610862529,600028.SS,-0.008007390747784504,0.021299977418604565,0.02129963886694886,0.014199872095184475,0.02839974419036895,0.031014387467147835
2021-11-25,-0.2028519570781437,0.3766525995901588,0.3793952348635653,0.3757384168941625,0.37848100857486017,-0.3425850383399682,600028.SS,0.7028926658847936,-0.007100105323420089,-0.02129963886694886,-0.0070997667717643854,-0.02839974419036895,-0.36471002895940086
2021-11-26,-0.22631852035202873,0.3739100079094611,0.3757384168941625,0.372995781620756,0.3739100079094611,-0.35772765235263076,600028.SS,1.4137927225173716,-0.035499510962133336,-0.02839974419036895,-0.021299977418604565,-0.02129963886694886,-0.02939388472007129
2021-11-29,-0.24978508362591373,0.3711673726360546,0.37208159892475967,0.3675105546666518,0.3675105546666518,-0.17121356845926827,600028.SS,-1.4298075040129405,-0.04969972160897351,-0.02839974419036895,-0.04259961628555343,-0.021299977418604565,0.3595903353041474
2021-11-30,-0.26542930455314623,0.3693389636513532,0.3739100079094611,0.36842478095535686,0.3711673726360546,-0.19860121092998842,600028.SS,-0.7189074473803626,0.02839974419036895,0.014199872095184475,0.007100105323420089,-0.014199872095184475,-0.05301384326045941
2021-12-01,-0.1950298466145275,0.37756682587886387,0.37848100857486017,0.3693389636513532,0.3693389636513532,-0.050440781102909574,600028.SS,-0.008007390747784504,-0.014199872095184475,0.035499510962133336,0.0070997667717643854,0.06389959370415799,0.28560833338222513
2021-12-02,-0.14809672006675748,0.38305205283296806,0.3867088708023709,0.3766525995901588,0.37848100857486017,0.2909800712318955,600028.SS,0.7028926658847936,0.07099936047592238,0.06389959370415799,0.0567994883807379,0.04259961628555343,0.6583966190743354
2021-12-03,-0.14027460960314123,0.3839662355289644,0.3857946445136658,0.37848100857486017,0.3848804618176695,-0.02217909936390301,600028.SS,1.4137927225173716,0.04969972160897351,-0.007100105323420089,0.014199872095184475,0.0070997667717643854,-0.604250752954702
2021-12-06,-0.15591906241341044,0.382137826544263,0.3857946445136658,0.382137826544263,0.3839662355289644,-0.13688523564644484,600028.SS,-1.4298075040129405,-0.007100105323420089,0.0,0.02839974419036895,-0.014199872095184475,-0.2214462165055547
2021-12-07,-0.11680804632925622,0.3867088708023709,0.3876230534983672,0.382137826544263,0.3857946445136658,-0.034678228000245885,600028.SS,-0.7189074473803626,0.014199872095184475,0.014199872095184475,0.0,0.03549984951378904,0.19696681405712305
2021-12-08,-0.12463038867590877,0.3857946445136658,0.3885372797870723,0.3848804618176695,0.3876230534983672,-0.12399574508323337,600028.SS,-0.008007390747784504,0.014199872095184475,0.007100105323420089,0.021299977418604565,-0.007100105323420089,-0.1724730242467347
2021-12-09,-0.08551937259175497,0.3903656887717737,0.39127991506047877,0.3848804618176695,0.3867088708023709,0.15552108491617006,600028.SS,0.7028926658847936,-0.0070997667717643854,0.021299977418604565,0.0,0.03549984951378904,0.5389873056494003
2021-12-10,-0.12463038867590877,0.3857946445136658,0.3894515060757774,0.38305205283296806,0.3885372797870723,0.20446441422567113,600028.SS,1.4137927225173716,0.014199872095184475,-0.014199872095184475,-0.014199872095184475,-0.03549984951378904,0.0942242293150257
2021-12-13,-0.12463038867590877,0.3857946445136658,0.3894515060757774,0.3848804618176695,0.3857946445136658,-0.24339975935395772,600028.SS,-1.4298075040129405,-0.021299977418604565,0.0,0.014199872095184475,0.0,-0.8640889882482482
2021-12-14,-0.17156328334064247,0.3803094175595616,0.3848804618176695,0.3803094175595616,0.3848804618176695,-0.2423524688347489,600028.SS,-0.7189074473803626,-0.0070997667717643854,-0.03549984951378904,-0.03549984951378904,-0.04259961628555343,0.0018355138170967854
2021-12-15,-0.17938562568729458,0.3793952348635653,0.382137826544263,0.37848100857486017,0.3793952348635653,-0.4182115821618731,600028.SS,-0.008007390747784504,-0.04259961628555343,-0.021299977418604565,-0.014199872095184475,-0.0070997667717643854,-0.3394068065819189
2021-12-16,-0.12463038867590877,0.3857946445136658,0.3857946445136658,0.3803094175595616,0.3812236438482667,-0.20128485988684963,600028.SS,0.7028926658847936,0.014199872095184475,0.02839974419036895,0.014199872095184475,0.04969938305731781,0.4182545728058544
2021-12-17,-0.14027460960314123,0.3839662355289644,0.3876230534983672,0.38305205283296806,0.3848804618176695,-0.25832582172597396,600028.SS,1.4137927225173716,0.02839974419036895,0.014199872095184475,0.021299977418604565,-0.014199872095184475,-0.11021339787690508
2021-12-20,-0.15591906241341044,0.382137826544263,0.3839662355289644,0.3812236438482667,0.38305205283296806,-0.3116960956713438,600028.SS,-1.4298075040129405,-0.014199872095184475,-0.02839974419036895,-0.014199872095184475,-0.014199872095184475,-0.103132851174857
2021-12-21,-0.1324522672564887,0.3848804618176695,0.3857946445136658,0.3812236438482667,0.382137826544263,-0.33890309520217704,600028.SS,-0.7189074473803626,-0.007100105323420089,0.014199872095184475,0.0,0.021299977418604565,-0.0526653933760547
2021-12-22,-0.14027460960314123,0.3839662355289644,0.3885372797870723,0.38305205283296806,0.3867088708023709,-0.3419533657201738,600028.SS,-0.008007390747784504,0.03549984951378904,0.021299977418604565,0.014199872095184475,-0.007100105323420089,-0.006068446728770306
2021-12-23,-0.10116382540202376,0.3885372797870723,0.3885372797870723,0.3839662355289644,0.3848804618176695,-0.1918430145557648,600028.SS,0.7028926658847936,-0.014199872095184475,0.0,0.0070997667717643854,0.03549984951378904,0.2893696199568146
2021-12-24,-0.1324522672564887,0.3848804618176695,0.3894515060757774,0.3839662355289644,0.3885372797870723,-0.3938812913229477,600028.SS,1.4137927225173716,0.02839974419036895,0.007100105323420089,0.0,-0.02839974419036895,-0.3899049134008817
2021-12-27,-0.10116382540202376,0.3885372797870723,0.3885372797870723,0.3839662355289644,0.3848804618176695,-0.21473874627727188,600028.SS,-1.4298075040129405,-0.02839974419036895,-0.007100105323420089,0.0,0.02839974419036895,0.34537105908460974
2021-12-28,-0.10898593586564,0.3876230534983672,0.3903656887717737,0.3857946445136658,0.3894515060757774,-0.3300038743791261,600028.SS,-0.7189074473803626,0.03549984951378904,0.014199872095184475,0.014199872095184475,-0.007100105323420089,-0.22252447970778402
2021-12-29,-0.10898593586564,0.3876230534983672,0.3885372797870723,0.3848804618176695,0.3876230534983672,-0.44973128435930204,600028.SS,-0.008007390747784504,-0.014200210646840178,-0.014199872095184475,-0.0070997667717643854,0.0,-0.2311319658661465
2021-12-30,-0.12463038867590877,0.3857946445136658,0.3876230534983672,0.3857946445136658,0.3867088708023709,-0.2965674699641838,600028.SS,0.7028926658847936,-0.0070997667717643854,-0.007100105323420089,0.0070997667717643854,-0.014199872095184475,0.29525957563645955
2021-12-31,-0.11680804632925622,0.3867088708023709,0.3876230534983672,0.3848804618176695,0.3857946445136658,-0.4166036102944457,600028.SS,1.4137927225173716,-0.007100105323420089,0.0,-0.0070997667717643854,0.007100105323420089,-0.23172748902839696
2022-01-04,-0.09334125117233491,0.3894515060757774,0.3903656887717737,0.3857946445136658,0.3876230534983672,-0.023922885751673804,600028.SS,-0.7189074473803626,0.014199872095184475,0.021299977418604565,0.0070997667717643854,0.021299977418604565,0.7572739765655759
2022-01-05,-0.07769703024510244,0.39127991506047877,0.3931083240451802,0.3885372797870723,0.3903656887717737,0.07830665722861187,600028.SS,-0.008007390747784504,0.021299977418604565,0.021299977418604565,0.021299977418604565,0.014199872095184475,0.19701028342582605
2022-01-06,-0.08551937259175497,0.3903656887717737,0.3940225067411765,0.3894515060757774,0.39127991506047877,-0.08411479415479199,600028.SS,0.7028926658847936,0.007100105323420089,0.0070997667717643854,0.007100105323420089,-0.007100105323420089,-0.31348632635783497
2022-01-07,-0.022942025116752494,0.39767932471057926,0.4040787779533886,0.39127991506047877,0.3931083240451802,0.6520660586169938,600028.SS,1.4137927225173716,0.014199872095184475,0.07809946579934246,0.014199872095184475,0.0567994883807379,1.419866049354793
2022-01-10,-0.030764367463405034,0.39676514201458296,0.3995077336952807,0.3931083240451802,0.3958509157258779,0.23598620348821947,600028.SS,-1.4298075040129405,0.02129963886694886,-0.03549984951378904,0.014199872095184475,-0.0070997667717643854,-0.8027788584584178
2022-01-11,-0.06205234555179737,0.3931083240451802,0.39767932471057926,0.3931083240451802,0.3958509157258779,-0.13440879001771608,600028.SS,-0.7189074473803626,0.0,-0.014199872095184475,0.0,-0.02839974419036895,-0.714655377067506
2022-01-12,-0.046408124624564895,0.3949367330298816,0.3995077336952807,0.3940225067411765,0.39767932471057926,0.033020201429455956,600028.SS,-0.008007390747784504,0.014199872095184475,0.014199872095184475,0.0070997667717643854,0.014199872095184475,0.32277628510715817
2022-01-13,-0.007298036072556327,0.3995077336952807,0.4031645516646835,0.39676514201458296,0.39767932471057926,0.7341126694177684,600028.SS,0.7028926658847936,0.0,0.02839974419036895,0.021299977418604565,0.035499510962133336,1.3521825648554602
2022-01-14,-0.10116382540202376,0.3885372797870723,0.3985935509992844,0.3885372797870723,0.3985935509992844,0.4260306387805676,600028.SS,1.4137927225173716,0.007100105323420089,-0.035499510962133336,-0.06389959370415799,-0.08519923257110686,-0.5944572407765483
2022-01-17,-0.11680804632925622,0.3867088708023709,0.3931083240451802,0.3848804618176695,0.39127991506047877,0.1340648939377532,600028.SS,-1.4298075040129405,-0.0567994883807379,-0.04259961628555343,-0.02839974419036895,-0.014199872095184475,-0.5633698485673482
2022-01-18,-0.030764367463405034,0.39676514201458296,0.39676514201458296,0.3867088708023709,0.3876230534983672,0.5376780879580985,600028.SS,-0.7189074473803626,-0.028400082742024654,0.02839974419036895,0.014199872095184475,0.07809946579934246,0.778362084011698
2022-01-19,-0.030764367463405034,0.39676514201458296,0.3995077336952807,0.3940225067411765,0.39767932471057926,-0.0020986445663551266,600028.SS,-0.008007390747784504,0.07809946579934246,0.02129963886694886,0.0567994883807379,0.0,-1.0413830500018721
2022-01-20,-0.022942025116752494,0.39767932471057926,0.3985935509992844,0.39219409775647507,0.3931083240451802,0.027070978826121236,600028.SS,0.7028926658847936,-0.035499510962133336,-0.0070997667717643854,-0.014199872095184475,0.0070997667717643854,0.056081883174325935
2022-01-21,-0.0698749197814862,0.39219409775647507,0.3949367330298816,0.3885372797870723,0.3940225067411765,0.23025683083380014,600028.SS,1.4137927225173716,0.0070997667717643854,-0.02839974419036895,-0.02839974419036895,-0.04259961628555343,0.391749221092281
2022-01-24,-0.07769703024510244,0.39127991506047877,0.3940225067411765,0.3894515060757774,0.39219409775647507,-0.17973147751580468,600028.SS,-1.4298075040129405,-0.014199872095184475,-0.007100105323420089,0.007100105323420089,-0.0070997667717643854,-0.7910286136252879
2022-01-25,-0.14809672006675748,0.38305205283296806,0.3903656887717737,0.382137826544263,0.3894515060757774,0.2561577872511439,600028.SS,-0.7189074473803626,-0.02129963886694886,-0.02839974419036895,-0.056799826932393604,-0.06389959370415799,0.8406207758140638
2022-01-26,-0.10116382540202376,0.3885372797870723,0.3894515060757774,0.382137826544263,0.3848804618176695,0.08786978216224438,600028.SS,-0.008007390747784504,-0.03549984951378904,-0.0070997667717643854,0.0,0.04259961628555343,-0.3248025724387158
2022-01-27,-0.11680804632925622,0.3867088708023709,0.3903656887717737,0.3857946445136658,0.3876230534983672,0.1918027119126327,600028.SS,0.7028926658847936,0.02129963886694886,0.0070997667717643854,0.02839974419036895,-0.014199872095184475,0.20029601894092772
2022-01-28,-0.14809672006675748,0.38305205283296806,0.3894515060757774,0.382137826544263,0.3885372797870723,0.22864244248343132,600028.SS,1.4137927225173716,0.007100105323420089,-0.0070997667717643854,-0.02839974419036895,-0.02839974419036895,0.07087708060264154
2022-02-07,-0.015119450887063653,0.3985935509992844,0.4004219599839858,0.3885372797870723,0.3885372797870723,1.296129987772845,600028.SS,-1.4298075040129405,0.0,0.08519923257110686,0.04969972160897351,0.1206990820848959,2.0589376830568873
2022-02-08,0.031813443777670064,0.4040787779533886,0.4049929606493849,0.3949367330298816,0.3958509157258779,0.8384786776034361,600028.SS,-0.7189074473803626,0.0567994883807379,0.035499510962133336,0.04969972160897351,0.04259961628555343,-0.8829678141547411
2022-02-09,0.008346648620748317,0.4013361426799821,0.4049929606493849,0.4004219599839858,0.4004219599839858,0.32239620903427824,600028.SS,-0.008007390747784504,0.03549984951378904,0.0,0.04259961628555343,-0.021299977418604565,-0.995678171962097
2022-02-10,0.055279775168518334,0.40682136963408627,0.4077355959227914,0.4004219599839858,0.4031645516646835,0.25588374814716447,600028.SS,0.7028926658847936,0.02129963886694886,0.021299977418604565,0.0,0.04259961628555343,-0.1284833770439706
2022-02-11,0.09439102313570885,0.41139241389219416,0.4214486851044063,0.4040787779533886,0.40590718693808997,1.0506035351130043,600028.SS,1.4137927225173716,0.021299977418604565,0.10649920998971142,0.02839974419036895,0.03549984951378904,1.532784300496318
2022-02-14,0.04745766470490253,0.40590718693808997,0.41962027611970487,0.4031645516646835,0.4187060498309998,1.0567727132608111,600028.SS,-1.4298075040129405,0.09939910466629133,-0.014199872095184475,-0.007100105323420089,-0.04259961628555343,0.011715341687680592
2022-02-15,-0.022942025116752494,0.39767932471057926,0.4049929606493849,0.3958509157258779,0.4031645516646835,0.43774706209361053,600028.SS,-0.7189074473803626,-0.1206990820848959,-0.1135993153131315,-0.0567994883807379,-0.06389959370415799,-1.194249674944711
2022-02-16,-0.022942025116752494,0.39767932471057926,0.3995077336952807,0.39219409775647507,0.3940225067411765,0.0034122508813850916,600028.SS,-0.008007390747784504,-0.07099936047592238,-0.04259961628555343,-0.02839974419036895,0.0,-0.8379916231591802
2022-02-17,-0.022942025116752494,0.39767932471057926,0.4004219599839858,0.3949367330298816,0.3958509157258779,-0.07021471063405421,600028.SS,0.7028926658847936,0.014199872095184475,0.007100105323420089,0.021299977418604565,0.0,-0.14220684126066965
2022-02-18,0.0005247700401692497,0.4004219599839858,0.4004219599839858,0.3949367330298816,0.3958509157258779,-0.20163362958741043,600028.SS,1.4137927225173716,0.0,0.0,0.0,0.021299977418604565,-0.25368421702399313
2022-02-21,-0.015119450887063653,0.3985935509992844,0.4004219599839858,0.39676514201458296,0.3995077336952807,-0.27027104576423294,600028.SS,-1.4298075040129405,0.02839974419036895,0.0,0.014199872095184475,-0.014199872095184475,-0.1325822940873256
2022-02-22,0.01616899096740129,0.40225036896868716,0.4040787779533886,0.39676514201458296,0.40225036896868716,0.3518019130338752,600028.SS,-0.7189074473803626,0.021299977418604565,0.02839974419036895,0.0,0.02839974419036895,1.1997584576067526
2022-02-23,-0.038586246043984966,0.3958509157258779,0.4013361426799821,0.3949367330298816,0.4004219599839858,0.33438593849390746,600028.SS,-0.008007390747784504,-0.014199872095184475,-0.021299977418604565,-0.014199872095184475,-0.04969972160897351,-0.0337790669665828
2022-02-24,0.008346648620748317,0.4013361426799821,0.40682136963408627,0.3940225067411765,0.3958509157258779,1.9062412372028525,600028.SS,0.7028926658847936,-0.03549984951378904,0.04259961628555343,-0.007100105323420089,0.04259961628555343,3.0318341908668667
2022-02-25,-0.06205234555179737,0.3931083240451802,0.39767932471057926,0.39219409775647507,0.3958509157258779,1.2376112782336384,600028.SS,1.4137927225173716,0.0,-0.07099936047592238,-0.014199872095184475,-0.06389925515250229,-1.2899335435221848
2022-02-28,-0.038586246043984966,0.3958509157258779,0.3985935509992844,0.3940225067411765,0.39676514201458296,0.23788075548485263,600028.SS,-1.4298075040129405,0.007100105323420089,0.007100105323420089,0.014199872095184475,0.02129963886694886,-1.9286075666949494
2022-03-01,-0.046408124624564895,0.3949367330298816,0.39676514201458296,0.39127991506047877,0.3949367330298816,0.27462766134986516,600028.SS,-0.7189074473803626,-0.014199872095184475,-0.014199872095184475,-0.02129963886694886,-0.0070997667717643854,0.07069802706187599
2022-03-02,-0.015119450887063653,0.3985935509992844,0.4013361426799821,0.39676514201458296,0.3985935509992844,0.8822409174460867,600028.SS,-0.008007390747784504,0.02839974419036895,0.035499510962133336,0.04259961628555343,0.02839974419036895,1.1718665192993198
2022-03-03,0.04745766470490253,0.40590718693808997,0.4077355959227914,0.3995077336952807,0.4004219599839858,1.3882125866213697,600028.SS,0.7028926658847936,0.014199872095184475,0.04969972160897351,0.02129963886694886,0.0567994883807379,0.9758057198266938
2022-03-04,0.0005247700401692497,0.4004219599839858,0.4040787779533886,0.39767932471057926,0.4040787779533886,0.5864223385858247,600028.SS,1.4137927225173716,0.02839974419036895,-0.02839974419036895,-0.014199872095184475,-0.04259961628555343,-1.546792114145039
2022-03-07,-0.022942025116752494,0.39767932471057926,0.40682136963408627,0.3949367330298816,0.4049929606493849,0.7787834720642219,600028.SS,-1.4298075040129405,0.0070997667717643854,0.02129963886694886,-0.02129963886694886,-0.021299977418604565,0.37086895905379136
2022-03-08,-0.11680804632925622,0.3867088708023709,0.3949367330298816,0.3848804618176695,0.3940225067411765,1.0788292957282448,600028.SS,-0.7189074473803626,-0.08519923257110686,-0.09229899934287124,-0.07809946579934246,-0.08519923257110686,0.5785865585947968
2022-03-09,-0.18720773615091124,0.37848100857486017,0.3885372797870723,0.3702531899400583,0.3876230534983672,0.8259594112732925,600028.SS,-0.008007390747784504,-0.04969972160897351,-0.04969972160897351,-0.1135989767614758,-0.06389959370415799,-0.487956173162253
2022-03-10,-0.17938562568729458,0.3793952348635653,0.3812236438482667,0.37756682587886387,0.37848100857486017,0.054038257808881586,600028.SS,0.7028926658847936,-0.07099936047592238,-0.0567994883807379,0.0567994883807379,0.007100105323420089,-1.4891763415214256
2022-03-11,-0.17938562568729458,0.3793952348635653,0.3812236438482667,0.37208159892475967,0.3766525995901588,0.15934890520970166,600028.SS,1.4137927225173716,-0.014199872095184475,0.0,-0.04259961628555343,0.0,0.20295355737744683
2022-03-14,-0.21067429942479626,0.3757384168941625,0.38305205283296806,0.3757384168941625,0.37756682587886387,0.07173241452555086,600028.SS,-1.4298075040129405,0.007100105323420089,0.014199872095184475,0.02839974419036895,-0.02839974419036895,-0.1691918417526107
2022-03-15,-0.3123624311009162,0.36385373669724896,0.3757384168941625,0.3629395322048983,0.3748241906054574,0.932462667313762,600028.SS,-0.7189074473803626,-0.021299977418604565,-0.0567994883807379,-0.09939927394211918,-0.09229933789452693,1.6601147082039573
2022-03-16,-0.24978508362591373,0.3711673726360546,0.37208159892475967,0.3620253277125476,0.3675105546666518,0.24298936913083108,600028.SS,-0.008007390747784504,-0.0567994883807379,-0.02839974419036895,-0.007099936047592238,0.0567994883807379,-1.330139151027105
2022-03-17,-0.23414063081564496,0.372995781620756,0.3757384168941625,0.3702531899400583,0.372995781620756,0.14434226721646912,600028.SS,0.7028926658847936,0.04259961628555343,0.02839974419036895,0.06389959370415799,0.014199872095184475,-0.1904692590183324
2022-03-18,-0.1950298466145275,0.37756682587886387,0.37848100857486017,0.3739100079094611,0.3748241906054574,0.09675572279117259,600028.SS,1.4137927225173716,0.014199872095184475,0.02129963886694886,0.02839974419036895,0.03549984951378904,-0.0919763682037572
2022-03-21,-0.21067429942479626,0.3757384168941625,0.3793952348635653,0.3739100079094611,0.3793952348635653,-0.1812060511376846,600028.SS,-1.4298075040129405,0.03549984951378904,0.007100105323420089,0.0,-0.014199872095184475,-0.536356990776004
2022-03-22,-0.17938562568729458,0.3793952348635653,0.3803094175595616,0.3757384168941625,0.37756682587886387,-0.16269089517967664,600028.SS,-0.7189074473803626,-0.014199872095184475,0.0070997667717643854,0.014199872095184475,0.02839974419036895,0.03553002574630492
2022-03-23,-0.1950298466145275,0.37756682587886387,0.3793952348635653,0.3757384168941625,0.37848100857486017,-0.2650369659624614,600028.SS,-0.008007390747784504,0.0070997667717643854,-0.0070997667717643854,0.0,-0.014199872095184475,-0.19760435810067395
2022-03-24,-0.17938562568729458,0.3793952348635653,0.3812236438482667,0.37848100857486017,0.3793952348635653,-0.1635786432358157,600028.SS,0.7028926658847936,0.007100105323420089,0.014199872095184475,0.02129963886694886,0.014199872095184475,0.19552264372952977
2022-03-25,-0.17156328334064247,0.3803094175595616,0.382137826544263,0.37756682587886387,0.37848100857486017,-0.24089792109960975,600028.SS,1.4137927225173716,-0.007100105323420089,0.0070997667717643854,-0.0070997667717643854,0.0070997667717643854,-0.14932910801283453
2022-03-28,-0.0698749197814862,0.39219409775647507,0.3940225067411765,0.3848804618176695,0.3885372797870723,0.775105392481503,600028.SS,-1.4298075040129405,0.07809946579934246,0.09229933789452693,0.0567994883807379,0.09229933789452693,1.9596275489400812
2022-03-29,-0.038586246043984966,0.3958509157258779,0.39676514201458296,0.3885372797870723,0.3894515060757774,0.09613667194614788,600028.SS,-0.7189074473803626,0.007100105323420089,0.021299977418604565,0.02839974419036895,0.02839974419036895,-1.3098764224128028
2022-03-30,-0.046408124624564895,0.3949367330298816,0.3958509157258779,0.39127991506047877,0.3940225067411765,-0.03015181235002631,600028.SS,-0.008007390747784504,0.035499510962133336,-0.007100105323420089,0.021299977418604565,-0.0070997667717643854,-0.24378790242481635
2022-03-31,-0.046408124624564895,0.3949367330298816,0.39767932471057926,0.3931083240451802,0.3940225067411765,-0.03747042918932853,600028.SS,0.7028926658847936,0.0,0.014199872095184475,0.014199872095184475,0.0,-0.014301842305643088
2022-04-01,-0.007298036072556327,0.3995077336952807,0.4004219599839858,0.3940225067411765,0.3949367330298816,0.13702939601774855,600028.SS,1.4137927225173716,0.007100105323420089,0.021299977418604565,0.0070997667717643854,0.035499510962133336,0.33641551843576956
2022-04-06,0.023991101431017525,0.4031645516646835,0.4031645516646835,0.3985935509992844,0.3985935509992844,0.14132046401824064,600028.SS,-0.008007390747784504,0.02839974419036895,0.02129963886694886,0.03549984951378904,0.02839974419036895,0.008092574785520926
2022-04-07,-0.015119450887063653,0.3985935509992844,0.4040787779533886,0.3985935509992844,0.4013361426799821,0.12084987711944742,600028.SS,0.7028926658847936,0.02129963886694886,0.007100105323420089,0.0,-0.035499510962133336,-0.03967123924854587
2022-04-08,0.0005247700401692497,0.4004219599839858,0.40225036896868716,0.39676514201458296,0.3995077336952807,-0.1536615123043139,600028.SS,1.4137927225173716,-0.014199872095184475,-0.014199872095184475,-0.014199872095184475,0.014199872095184475,-0.5297013966924203
2022-04-11,-0.030764367463405034,0.39676514201458296,0.40225036896868716,0.3958509157258779,0.4013361426799821,0.12567212182733337,600028.SS,-1.4298075040129405,0.014199872095184475,0.0,-0.007100105323420089,-0.02839974419036895,0.5386339313133592
2022-04-12,-0.022942025116752494,0.39767932471057926,0.3985935509992844,0.39219409775647507,0.3958509157258779,0.14629607074338152,600028.SS,-0.7189074473803626,-0.04259961628555343,-0.02839974419036895,-0.02839974419036895,0.0070997667717643854,0.03959776657759676
2022-04-13,-0.022942025116752494,0.39767932471057926,0.4013361426799821,0.39676514201458296,0.39767932471057926,0.14282691507521786,600028.SS,-0.008007390747784504,0.014199872095184475,0.02129963886694886,0.03549984951378904,0.0,-0.006876452191070021
2022-04-14,0.008346648620748317,0.4013361426799821,0.4031645516646835,0.3985935509992844,0.4004219599839858,0.003447631604361359,600028.SS,0.7028926658847936,0.021299977418604565,0.014199872095184475,0.014199872095184475,0.02839974419036895,-0.2690393042345915
2022-04-15,-0.022942025116752494,0.39767932471057926,0.40225036896868716,0.39767932471057926,0.4004219599839858,-0.07964925744872452,600028.SS,1.4137927225173716,0.0,-0.0070997667717643854,-0.007100105323420089,-0.02839974419036895,-0.16047378907429474
2022-04-18,-0.0698749197814862,0.39219409775647507,0.39767932471057926,0.39127991506047877,0.39676514201458296,-0.015634628396309917,600028.SS,-1.4298075040129405,-0.02839974419036895,-0.03549984951378904,-0.04969938305731781,-0.04259961628555343,0.12329590328431997
2022-04-19,-0.015119450887063653,0.3985935509992844,0.4004219599839858,0.3931083240451802,0.3940225067411765,0.04434610131654367,600028.SS,-0.7189074473803626,-0.021299977418604565,0.021299977418604565,0.014199872095184475,0.04969972160897351,0.11551474250687539
2022-04-20,-0.06205234555179737,0.3931083240451802,0.3985935509992844,0.39219409775647507,0.39676514201458296,0.0012148011362943072,600028.SS,-0.008007390747784504,0.021299977418604565,-0.014199872095184475,-0.007100105323420089,-0.04259961628555343,-0.08338245723688878
2022-04-21,-0.10898593586564,0.3876230534983672,0.3949367330298816,0.3867088708023709,0.3940225067411765,0.08632770192215762,600028.SS,0.7028926658847936,-0.021299977418604565,-0.02839974419036895,-0.04259961628555343,-0.04259995483720913,0.1639932610181013
2022-04-22,-0.038586246043984966,0.3958509157258779,0.39676514201458296,0.3857946445136658,0.3857946445136658,0.06425257190577603,600028.SS,1.4137927225173716,-0.06389959370415799,0.014199872095184475,-0.007100105323420089,0.06389959370415799,-0.04276631101938884
2022-04-25,-0.14809672006675748,0.38305205283296806,0.3940225067411765,0.38305205283296806,0.39219409775647507,0.43207648131822396,600028.SS,-1.4298075040129405,0.04969972160897351,-0.021299977418604565,-0.02129963886694886,-0.09939910466629133,0.7093266038963024
2022-04-26,-0.17938562568729458,0.3793952348635653,0.3867088708023709,0.3793952348635653,0.3839662355289644,0.2466040851680653,600028.SS,-0.7189074473803626,-0.06389959370415799,-0.0567994883807379,-0.02839974419036895,-0.02839974419036895,-0.357950278530135
2022-04-27,-0.12463038867590877,0.3857946445136658,0.3857946445136658,0.3793952348635653,0.3793952348635653,0.03672666758239987,600028.SS,-0.008007390747784504,-0.035499510962133336,-0.007100105323420089,0.0,0.04969938305731781,-0.4050261670393721
2022-04-28,-0.046408124624564895,0.3949367330298816,0.39676514201458296,0.3876230534983672,0.3885372797870723,0.6214842623651059,600028.SS,0.7028926658847936,0.07099936047592238,0.08519957112276255,0.06389925515250229,0.07099969902757808,1.1277792577231205
2022-04-29,-0.030764367463405034,0.39676514201458296,0.3985935509992844,0.3903656887717737,0.3949367330298816,0.2517614529036928,600028.SS,1.4137927225173716,0.04969972160897351,0.014199872095184475,0.021299977418604565,0.014199872095184475,-0.7133587725461271
2022-05-05,-0.022942025116752494,0.39767932471057926,0.4013361426799821,0.3949367330298816,0.39767932471057926,0.18411807602801808,600028.SS,0.7028926658847936,0.02129963886694886,0.02129963886694886,0.03549984951378904,0.0070997667717643854,-0.1306648492107334
2022-05-06,-0.07769703024510244,0.39127991506047877,0.3958509157258779,0.3903656887717737,0.3940225067411765,0.01677955512686946,600028.SS,1.4137927225173716,-0.02839974419036895,-0.04259961628555343,-0.03549984951378904,-0.04969938305731781,-0.32297107182389495
2022-05-09,-0.06205234555179737,0.3931083240451802,0.3949367330298816,0.3894515060757774,0.39127991506047877,-0.2972564871827346,600028.SS,-1.4298075040129405,-0.02129963886694886,-0.0070997667717643854,-0.0070997667717643854,0.014199872095184475,-0.6059421882662874
2022-05-10,-0.06205234555179737,0.3931083240451802,0.3949367330298816,0.3857946445136658,0.3885372797870723,0.27497489680910314,600028.SS,-0.7189074473803626,-0.021299977418604565,0.0,-0.028400082742024654,0.0,1.1036169145679455
2022-05-11,-0.0698749197814862,0.39219409775647507,0.3940225067411765,0.3894515060757774,0.3931083240451802,-0.09026752424177689,600028.SS,-0.008007390747784504,0.03549984951378904,-0.007100105323420089,0.028400082742024654,-0.007100105323420089,-0.704716359924212
2022-05-12,-0.08551937259175497,0.3903656887717737,0.3940225067411765,0.3894515060757774,0.39219409775647507,-0.2617600935914279,600028.SS,0.7028926658847936,-0.007100105323420089,0.0,0.0,-0.014199872095184475,-0.3309839933507392
2022-05-13,-0.05423069885425374,0.3940225067411765,0.3949367330298816,0.39127991506047877,0.39219409775647507,-0.10154743415819813,600028.SS,1.4137927225173716,0.0,0.007100105323420089,0.014199872095184475,0.02839974419036895,0.30885639398017334
2022-05-16,-0.038586246043984966,0.3958509157258779,0.39676514201458296,0.3931083240451802,0.39676514201458296,-0.2098988546884211,600028.SS,-1.4298075040129405,0.03549984951378904,0.014199872095184475,0.014199872095184475,0.014199872095184475,-0.20918833379667834
2022-05-17,-0.022942025116752494,0.39767932471057926,0.4004219599839858,0.3958509157258779,0.39676514201458296,-0.022699933918249923,600028.SS,-0.7189074473803626,0.0,0.02839974419036895,0.02129963886694886,0.014199872095184475,0.3609113464142936
2022-05-18,-0.05423069885425374,0.3940225067411765,0.39767932471057926,0.3931083240451802,0.39767932471057926,-0.08412579472719209,600028.SS,-0.008007390747784504,0.0070997667717643854,-0.021299977418604565,-0.02129963886694886,-0.02839974419036895,-0.11867161683700356
2022-05-19,-0.0698749197814862,0.39219409775647507,0.3940225067411765,0.3894515060757774,0.3903656887717737,-0.10462355695306065,600028.SS,0.7028926658847936,-0.0567994883807379,-0.02839974419036895,-0.02839974419036895,-0.014199872095184475,-0.039723658897960305
2022-05-20,-0.046408124624564895,0.3949367330298816,0.3958509157258779,0.39219409775647507,0.3931083240451802,-0.06899136126441711,600028.SS,1.4137927225173716,0.021299977418604565,0.014199872095184475,0.02129963886694886,0.021299977418604565,0.0685478149786154
2022-05-23,-0.05423069885425374,0.3940225067411765,0.39676514201458296,0.3931083240451802,0.39676514201458296,-0.09857509937250176,600028.SS,-1.4298075040129405,0.02839974419036895,0.007100105323420089,0.007100105323420089,-0.007100105323420089,-0.0572499859597558
2022-05-24,-0.07769703024510244,0.39127991506047877,0.39676514201458296,0.3903656887717737,0.3949367330298816,0.20637319677643676,600028.SS,-0.7189074473803626,-0.014199872095184475,0.0,-0.021299977418604565,-0.02129963886694886,0.5880431472205999
2022-05-25,-0.030764367463405034,0.39676514201458296,0.39767932471057926,0.39127991506047877,0.39219409775647507,0.07205713328521209,600028.SS,-0.008007390747784504,-0.021299977418604565,0.0070997667717643854,0.007100105323420089,0.04259961628555343,-0.2592726428985721
2022-05-26,0.0005247700401692497,0.4004219599839858,0.4013361426799821,0.3958509157258779,0.39767932471057926,0.3171094246267388,600028.SS,0.7028926658847936,0.04259961628555343,0.02839974419036895,0.035499510962133336,0.02839974419036895,0.47250718459447666
2022-05-27,0.023991101431017525,0.4031645516646835,0.40682136963408627,0.4013361426799821,0.4031645516646835,0.62369284933567,600028.SS,1.4137927225173716,0.04259961628555343,0.04259961628555343,0.04259961628555343,0.02129963886694886,0.5911972165580067
2022-05-30,0.01616899096740129,0.40225036896868716,0.40590718693808997,0.3995077336952807,0.4049929606493849,0.32415815785779034,600028.SS,-1.4298075040129405,0.014199872095184475,-0.0070997667717643854,-0.014199872095184475,-0.0070997667717643854,-0.5779699131018664
2022-05-31,0.06310211751517131,0.4077355959227914,0.4077355959227914,0.40225036896868716,0.40225036896868716,0.4568319806177077,600028.SS,-0.7189074473803626,-0.02129963886694886,0.014199872095184475,0.021299977418604565,0.04259961628555343,0.2557355553719026
2022-06-01,0.01616899096740129,0.40225036896868716,0.40682136963408627,0.3985935509992844,0.40590718693808997,0.4387715563955928,600028.SS,-0.008007390747784504,0.02839974419036895,-0.007100105323420089,-0.02839974419036895,-0.04259961628555343,-0.03502217349147355
2022-06-02,0.031813443777670064,0.4040787779533886,0.40590718693808997,0.3995077336952807,0.4013361426799821,0.19715525129443948,600028.SS,0.7028926658847936,-0.03549984951378904,-0.0070997667717643854,0.0070997667717643854,0.014199872095184475,-0.46624866315701574
2022-06-06,0.04745766470490253,0.40590718693808997,0.40682136963408627,0.40225036896868716,0.40590718693808997,0.532956301893593,600028.SS,-1.4298075040129405,0.03549984951378904,0.0070997667717643854,0.021299977418604565,0.014199872095184475,0.6475563434101377
2022-06-07,0.07874657032544051,0.4095640049074928,0.4123066401808993,0.4040787779533886,0.4049929606493849,0.5377508122391038,600028.SS,-0.7189074473803626,-0.007100105323420089,0.04259995483720913,0.014199872095184475,0.02839974419036895,0.009063686233530058
2022-06-08,0.10221313359932509,0.4123066401808993,0.4132208228768956,0.4077355959227914,0.4104781876034891,0.5701338015925523,600028.SS,-0.008007390747784504,0.04259961628555343,0.0070997667717643854,0.02839974419036895,0.021299977418604565,0.06228028206194252
2022-06-09,0.11003547594597762,0.4132208228768956,0.41687764084629836,0.41139241389219416,0.4123066401808993,1.369838394519967,600028.SS,0.7028926658847936,0.014200210646840178,0.02839974419036895,0.02839974419036895,0.0070997667717643854,1.542399705682804
2022-06-10,0.1268314599145277,0.3867088708023709,0.3876230534983672,0.382137826544263,0.3857946445136658,0.9537025426886592,600028.SS,1.4137927225173716,-0.20589865320765843,-0.22719829207460732,-0.22719829207460732,-0.20589831465600275,-0.8028868728902969
2022-06-13,0.07644258047673137,0.3812236438482667,0.3867088708023709,0.37848100857486017,0.3839662355289644,0.6753513634044463,600028.SS,-1.4298075040129405,-0.014199872095184475,-0.0070997667717643854,-0.02839974419036895,-0.04259961628555343,-0.5371081314026189
2022-06-14,0.1352293359572857,0.3876230534983672,0.3885372797870723,0.37848100857486017,0.3793952348635653,0.6078215079636583,600028.SS,-0.7189074473803626,-0.035499510962133336,0.014199872095184475,0.0,0.04969938305731781,-0.13044587286497383
2022-06-15,0.1016369042541116,0.3839662355289644,0.3885372797870723,0.3839662355289644,0.3857946445136658,0.5965072111647939,600028.SS,-0.008007390747784504,0.04969938305731781,0.0,0.04259961628555343,-0.02839974419036895,-0.022009280088151194
2022-06-16,0.051247792933278524,0.37848100857486017,0.3848804618176695,0.37756682587886387,0.3839662355289644,0.6197422959478112,600028.SS,0.7028926658847936,-0.014199872095184475,-0.02839974419036895,-0.04969938305731781,-0.04259961628555343,0.04463449810765286
2022-06-17,0.0344515770816917,0.3766525995901588,0.37848100857486017,0.3748241906054574,0.37756682587886387,0.22289397566777092,600028.SS,1.4137927225173716,-0.04969938305731781,-0.04969972160897351,-0.021299977418604565,-0.014199872095184475,-0.7656823292546641
2022-06-20,-0.007538962547275364,0.37208159892475967,0.3739100079094611,0.3702531899400583,0.3739100079094611,0.3956701521808779,600028.SS,-1.4298075040129405,-0.02839974419036895,-0.035499510962133336,-0.035499510962133336,-0.035499510962133336,0.3330906988300645
2022-06-21,-0.007538962547275364,0.37208159892475967,0.3739100079094611,0.3711673726360546,0.37208159892475967,-0.10521550700905,600028.SS,-0.7189074473803626,-0.014199872095184475,0.0,0.0070997667717643854,0.0,-0.96636439709313
2022-06-22,-0.04113139425044902,0.36842478095535686,0.3739100079094611,0.36842478095535686,0.372995781620756,0.17574087615645032,600028.SS,-0.008007390747784504,0.0070997667717643854,0.0,-0.02129963886694886,-0.02839974419036895,0.5417641212539013
2022-06-23,-0.007538962547275364,0.37208159892475967,0.37208159892475967,0.3675105546666518,0.3675105546666518,-0.17158340757912957,600028.SS,0.7028926658847936,-0.04259961628555343,-0.014199872095184475,-0.007100105323420089,0.02839974419036895,-0.6701532993353347
2022-06-24,0.0008591453785184807,0.372995781620756,0.3739100079094611,0.3693389636513532,0.3711673726360546,-0.06254367173023224,600028.SS,1.4137927225173716,0.02839974419036895,0.014199872095184475,0.014199872095184475,0.0070997667717643854,0.2101467554037908
2022-06-27,0.017655361230104874,0.3748241906054574,0.3757384168941625,0.3711673726360546,0.37208159892475967,-0.16299348235296768,600028.SS,-1.4298075040129405,0.007100105323420089,0.014199872095184475,0.014199872095184475,0.014199872095184475,-0.1939465808635225
2022-06-28,0.017655361230104874,0.3748241906054574,0.3757384168941625,0.372995781620756,0.3748241906054574,-0.3809847444919516,600028.SS,-0.7189074473803626,0.02129963886694886,0.0,0.014199872095184475,0.0,-0.42067730844822904
2022-06-29,0.017655361230104874,0.3748241906054574,0.3766525995901588,0.3739100079094611,0.3748241906054574,-0.3242708245147345,600028.SS,-0.008007390747784504,0.0,0.0070997667717643854,0.007100105323420089,0.0,0.10921325363901611
2022-06-30,0.0008591453785184807,0.372995781620756,0.3757384168941625,0.372995781620756,0.3739100079094611,-0.37856320855267334,600028.SS,0.7028926658847936,-0.0070997667717643854,-0.0070997667717643854,-0.007100105323420089,-0.014199872095184475,-0.10491154872797054
2022-07-01,0.0008591453785184807,0.372995781620756,0.3739100079094611,0.3711673726360546,0.372995781620756,-0.42958480128134025,600028.SS,1.4137927225173716,-0.007100105323420089,-0.014199872095184475,-0.014199872095184475,0.0,-0.0986023796326199
2022-07-04,0.017655361230104874,0.3748241906054574,0.3748241906054574,0.372995781620756,0.3739100079094611,-0.4520550139671224,600028.SS,-1.4298075040129405,0.007100105323420089,0.0070997667717643854,0.014199872095184475,0.014199872095184475,-0.043528402859618585
2022-07-05,0.0344515770816917,0.3766525995901588,0.37756682587886387,0.3739100079094611,0.3757384168941625,-0.1759613682997261,600028.SS,-0.7189074473803626,0.014199872095184475,0.021299977418604565,0.007100105323420089,0.014199872095184475,0.5323841791417677
2022-07-06,-0.007538962547275364,0.37208159892475967,0.3748241906054574,0.3711673726360546,0.3739100079094611,-0.21285926338772096,600028.SS,-0.008007390747784504,-0.014199872095184475,-0.021299977418604565,-0.021299977418604565,-0.035499510962133336,-0.07135857584299844
2022-07-07,-0.01593730235610508,0.3711673726360546,0.372995781620756,0.3711673726360546,0.37208159892475967,-0.43890331100227464,600028.SS,0.7028926658847936,-0.014199872095184475,-0.014199872095184475,0.0,-0.007100105323420089,-0.4362106703933731
2022-07-08,0.0008591453785184807,0.372995781620756,0.3739100079094611,0.37208159892475967,0.372995781620756,-0.5335679820936805,600028.SS,1.4137927225173716,0.0070997667717643854,0.007100105323420089,0.007100105323420089,0.014199872095184475,-0.18278737806147025
2022-07-11,0.0008591453785184807,0.372995781620756,0.3739100079094611,0.37208159892475967,0.372995781620756,-0.4279999424178094,600028.SS,-1.4298075040129405,0.0,0.0,0.0,0.0,0.20345005233343205
2022-07-12,0.009257485187347765,0.3739100079094611,0.3748241906054574,0.37208159892475967,0.372995781620756,-0.4849997095668392,600028.SS,-0.7189074473803626,0.0,0.0070997667717643854,0.0,0.007100105323420089,-0.11013393567920987
2022-07-13,-0.007538962547275364,0.37208159892475967,0.3739100079094611,0.3711673726360546,0.372995781620756,-0.3435242549127121,600028.SS,-0.008007390747784504,0.0,-0.0070997667717643854,-0.007100105323420089,-0.014199872095184475,0.27271339916712795
2022-07-14,-0.01593730235610508,0.3711673726360546,0.372995781620756,0.3702531899400583,0.37208159892475967,-0.40314043770654284,600028.SS,0.7028926658847936,-0.0070997667717643854,-0.007100105323420089,-0.0070997667717643854,-0.007100105323420089,-0.11518085159829505
2022-07-15,-0.04952973405927873,0.3675105546666518,0.3711673726360546,0.3675105546666518,0.3711673726360546,-0.253358476300264,600028.SS,1.4137927225173716,-0.007100105323420089,-0.014199872095184475,-0.021299977418604565,-0.02839974419036895,0.28873617492247344
2022-07-18,0.017655361230104874,0.3748241906054574,0.3748241906054574,0.36842478095535686,0.3693389636513532,-0.2182013301749108,600028.SS,-1.4298075040129405,-0.014199872095184475,0.02839974419036895,0.007100105323420089,0.0567994883807379,0.06763147158031446
2022-07-19,0.017655361230104874,0.3748241906054574,0.3766525995901588,0.3739100079094611,0.3748241906054574,-0.3793679336552835,600028.SS,-0.7189074473803626,0.04259961628555343,0.014199872095184475,0.04259961628555343,0.0,-0.311065796626474
2022-07-20,0.017655361230104874,0.3748241906054574,0.37756682587886387,0.3748241906054574,0.3766525995901588,-0.4332115738465409,600028.SS,-0.008007390747784504,0.014199872095184475,0.007100105323420089,0.0070997667717643854,0.0,-0.10404594755030278
2022-07-21,0.009257485187347765,0.3739100079094611,0.3766525995901588,0.372995781620756,0.3748241906054574,-0.29016694437479507,600028.SS,0.7028926658847936,-0.014199872095184475,-0.007100105323420089,-0.014199872095184475,-0.0070997667717643854,0.27574024751311016
2022-07-22,0.026053932921970894,0.3757384168941625,0.3766525995901588,0.372995781620756,0.3739100079094611,-0.43451132470715553,600028.SS,1.4137927225173716,-0.0070997667717643854,0.0,0.0,0.014199872095184475,-0.2786166916959138
2022-07-25,0.017655361230104874,0.3748241906054574,0.3757384168941625,0.3739100079094611,0.3757384168941625,-0.5270768927857183,600028.SS,-1.4298075040129405,0.014199872095184475,-0.0070997667717643854,0.007100105323420089,-0.007100105323420089,-0.17873832857945532
2022-07-26,0.0344515770816917,0.3766525995901588,0.37756682587886387,0.3748241906054574,0.3757384168941625,-0.3839111886910348,600028.SS,-0.7189074473803626,0.0,0.014199872095184475,0.0070997667717643854,0.014199872095184475,0.27597379352599843
2022-07-27,0.017655361230104874,0.3748241906054574,0.37756682587886387,0.3748241906054574,0.3766525995901588,-0.49198016595327076,600028.SS,-0.008007390747784504,0.0070997667717643854,0.0,0.0,-0.014199872095184475,-0.20864351691015862
2022-07-28,0.0344515770816917,0.3766525995901588,0.37756682587886387,0.3757384168941625,0.3766525995901588,-0.42679038258556823,600028.SS,0.7028926658847936,0.0,0.0,0.007100105323420089,0.014199872095184475,0.1255627086495124
2022-07-29,0.026053932921970894,0.3757384168941625,0.3803094175595616,0.3757384168941625,0.37756682587886387,-0.19065090904788518,600028.SS,1.4137927225173716,0.007100105323420089,0.02129963886694886,0.0,-0.0070997667717643854,0.4553148695479329
2022-08-01,0.026053932921970894,0.3757384168941625,0.37756682587886387,0.3748241906054574,0.3766525995901588,-0.3317126216766038,600028.SS,-1.4298075040129405,-0.007100105323420089,-0.02129963886694886,-0.007100105323420089,0.0,-0.27228461371606477
2022-08-02,0.0008591453785184807,0.372995781620756,0.3748241906054574,0.3693389636513532,0.3739100079094611,0.05607085425555416,600028.SS,-0.7189074473803626,-0.02129963886694886,-0.021299977418604565,-0.04259961628555343,-0.021299977418604565,0.7478274644940945
2022-08-03,-0.01593730235610508,0.3711673726360546,0.3748241906054574,0.3711673726360546,0.37208159892475967,-0.4346602020190051,600028.SS,-0.008007390747784504,-0.014199872095184475,0.0,0.014199872095184475,-0.014199872095184475,-0.9467767496918467
2022-08-04,-0.007538962547275364,0.37208159892475967,0.372995781620756,0.3702531899400583,0.37208159892475967,-0.42948431779194646,600028.SS,0.7028926658847936,0.0,-0.014199872095184475,-0.0070997667717643854,0.007100105323420089,0.009799334607186622
2022-08-05,0.0008591453785184807,0.372995781620756,0.3739100079094611,0.3702531899400583,0.37208159892475967,-0.4891320860802179,600028.SS,1.4137927225173716,0.0,0.007100105323420089,0.0,0.0070997667717643854,-0.11524177820795732
2022-08-08,0.017655361230104874,0.3748241906054574,0.3757384168941625,0.37208159892475967,0.372995781620756,-0.48020779562972093,600028.SS,-1.4298075040129405,0.0070997667717643854,0.014199872095184475,0.014199872095184475,0.014199872095184475,0.017029795515742904
2022-08-09,0.026053932921970894,0.3757384168941625,0.3766525995901588,0.3739100079094611,0.3757384168941625,-0.4739218225847719,600028.SS,-0.7189074473803626,0.021299977418604565,0.0070997667717643854,0.014199872095184475,0.007100105323420089,0.01194063235463822
2022-08-10,0.026053932921970894,0.3757384168941625,0.37756682587886387,0.3739100079094611,0.3757384168941625,-0.47711730562765264,600028.SS,-0.008007390747784504,0.0,0.007100105323420089,0.0,0.0,-0.006348553371972743
2022-08-11,0.051247792933278524,0.37848100857486017,0.37848100857486017,0.3766525995901588,0.37756682587886387,-0.41151088567398925,600028.SS,0.7028926658847936,0.014199872095184475,0.0070997667717643854,0.02129963886694886,0.02129963886694886,0.12636637676024914
2022-08-12,0.05964613274210824,0.3793952348635653,0.3803094175595616,0.37848100857486017,0.37848100857486017,-0.25050758882770524,600028.SS,1.4137927225173716,0.0070997667717643854,0.014199872095184475,0.014199872095184475,0.007100105323420089,0.31038148826482836
2022-08-15,0.051247792933278524,0.37848100857486017,0.3793952348635653,0.3757384168941625,0.37756682587886387,-0.30153825656273947,600028.SS,-1.4298075040129405,-0.0070997667717643854,-0.0070997667717643854,-0.02129963886694886,-0.007100105323420089,-0.09861988480011578
2022-08-16,0.0344515770816917,0.3766525995901588,0.37756682587886387,0.3757384168941625,0.37756682587886387,-0.5154350261471635,600028.SS,-0.7189074473803626,0.0,-0.014199872095184475,0.0,-0.014199872095184475,-0.41277926682963295
2022-08-17,0.05964613274210824,0.3793952348635653,0.3793952348635653,0.3766525995901588,0.37756682587886387,-0.47826386839310564,600028.SS,-0.008007390747784504,0.0,0.014199872095184475,0.0070997667717643854,0.021299977418604565,0.07151638465608291
2022-08-18,0.04284968500748511,0.37756682587886387,0.3803094175595616,0.3766525995901588,0.3793952348635653,-0.46637169680480106,600028.SS,0.7028926658847936,0.014199872095184475,0.0070997667717643854,0.0,-0.014199872095184475,0.022754668240043397
2022-08-19,0.051247792933278524,0.37848100857486017,0.3803094175595616,0.3766525995901588,0.37756682587886387,-0.2601841047546544,600028.SS,1.4137927225173716,-0.014199872095184475,0.0,0.0,0.0070997667717643854,0.3975394057043433
2022-08-22,0.07644258047673137,0.3812236438482667,0.382137826544263,0.37848100857486017,0.37848100857486017,-0.22772604317194126,600028.SS,-1.4298075040129405,0.0070997667717643854,0.014199872095184475,0.014199872095184475,0.021299977418604565,0.06242509209230203
2022-08-23,0.0932392600943908,0.38305205283296806,0.3839662355289644,0.3803094175595616,0.3812236438482667,-0.19616515870742443,600028.SS,-0.7189074473803626,0.021299977418604565,0.014199872095184475,0.014199872095184475,0.014199872095184475,0.060694488818674106
2022-08-24,0.06804447255093796,0.3803094175595616,0.3867088708023709,0.3803094175595616,0.3848804618176695,-0.1727990919536556,600028.SS,-0.008007390747784504,0.02839974419036895,0.021299977418604565,0.0,-0.021299977418604565,0.04488715482701336
2022-08-25,0.1268314599145277,0.3867088708023709,0.3867088708023709,0.3812236438482667,0.3812236438482667,0.02795128550126916,600028.SS,0.7028926658847936,-0.02839974419036895,0.0,0.007100105323420089,0.04969972160897351,0.3870513301760398
2022-08-26,0.1436279076491513,0.3885372797870723,0.3903656887717737,0.3848804618176695,0.3885372797870723,0.18963818313519892,600028.SS,1.4137927225173716,0.0567994883807379,0.02839974419036895,0.02839974419036895,0.014199872095184475,0.31170011502977835
2022-08-29,0.1520260155749451,0.3894515060757774,0.3931083240451802,0.3876230534983672,0.3903656887717737,0.32519065878756687,600028.SS,-1.4298075040129405,0.014199872095184475,0.021299977418604565,0.02129963886694886,0.007100105323420089,0.2612883119216115
2022-08-30,0.17722010746928862,0.39219409775647507,0.3940225067411765,0.3876230534983672,0.3903656887717737,0.25912150047021615,600028.SS,-0.7189074473803626,0.0,0.0070997667717643854,0.0,0.02129963886694886,-0.12762827177781988
2022-08-31,0.1604241235007381,0.3903656887717737,0.39127991506047877,0.3857946445136658,0.3903656887717737,0.301212262035378,600028.SS,-0.008007390747784504,0.0,-0.02129963886694886,-0.014199872095184475,-0.014199872095184475,0.0810060186288769
2022-09-01,0.1268314599145277,0.3867088708023709,0.3903656887717737,0.3857946445136658,0.3876230534983672,-0.18610913856143013,600028.SS,0.7028926658847936,-0.021299977418604565,-0.007100105323420089,0.0,-0.02839974419036895,-0.9401997191833967
2022-09-02,0.1520260155749451,0.3894515060757774,0.3894515060757774,0.3857946445136658,0.3867088708023709,-0.24153746990562844,600028.SS,1.4137927225173716,-0.0070997667717643854,-0.0070997667717643854,0.0,0.021299977418604565,-0.10710272601839638
2022-09-05,0.2192113427473646,0.39676514201458296,0.39767932471057926,0.3894515060757774,0.3894515060757774,0.36407523488960775,600028.SS,-1.4298075040129405,0.021299977418604565,0.06389925515250229,0.028400082742024654,0.0567994883807379,1.1680075704247586
2022-09-06,0.2779980982279185,0.4031645516646835,0.4040787779533886,0.39676514201458296,0.39767932471057926,0.4574240735382737,600028.SS,-0.7189074473803626,0.06389925515250229,0.04969972160897351,0.0567994883807379,0.04969938305731781,0.17987991342784743
2022-09-07,0.2779980982279185,0.4031645516646835,0.4040787779533886,0.4004219599839858,0.4013361426799821,-0.11983677091258912,600028.SS,-0.008007390747784504,0.02839974419036895,0.0,0.02839974419036895,0.0,-1.1136877549405082
2022-09-08,0.2779980982279185,0.4031645516646835,0.4077355959227914,0.3985935509992844,0.4013361426799821,0.1702085075416931,600028.SS,0.7028926658847936,0.0,0.02839974419036895,-0.014199872095184475,0.0,0.5592960796837482
2022-09-09,0.3115909936971643,0.40682136963408627,0.4077355959227914,0.40225036896868716,0.4031645516646835,-0.007580724850140481,600028.SS,1.4137927225173716,0.014199872095184475,0.0,0.02839974419036895,0.02839974419036895,-0.34312989570683217
2022-09-13,0.2947947778455779,0.4049929606493849,0.4104781876034891,0.4031645516646835,0.4095640049074928,0.18459912590352667,600028.SS,-0.7189074473803626,0.04969972160897351,0.02129963886694886,0.0070997667717643854,-0.014199872095184475,0.370519275061069
2022-09-14,0.25280377445053825,0.4004219599839858,0.4040787779533886,0.3985935509992844,0.40225036896868716,0.028174651161070173,600028.SS,-0.008007390747784504,-0.0567994883807379,-0.04969938305731781,-0.035499510962133336,-0.035499510962133336,-0.3019185019046673
2022-09-15,0.26960022218516094,0.40225036896868716,0.40590718693808997,0.3995077336952807,0.40225036896868716,0.08216842959935347,600028.SS,0.7028926658847936,0.0,0.014199872095184475,0.0070997667717643854,0.014199872095184475,0.10396625641122885
2022-09-16,0.18561867916115507,0.3931083240451802,0.40225036896868716,0.3931083240451802,0.4004219599839858,0.29506158795599585,600028.SS,1.4137927225173716,-0.014199872095184475,-0.02839974419036895,-0.04969938305731781,-0.07099936047592238,0.410474059036654
2022-09-19,0.22050919210155367,0.382137826544263,0.3848804618176695,0.37756682587886387,0.3803094175595616,0.09111785179232969,600028.SS,-1.4298075040129405,-0.15619893159868492,-0.13489895418008035,-0.1206990820848959,-0.08519957112276255,-0.39358043543821203
2022-09-20,0.25540016880802485,0.3857946445136658,0.3903656887717737,0.3839662355289644,0.3867088708023709,-0.12145554458431,600028.SS,-0.7189074473803626,0.04969972160897351,0.04259961628555343,0.04969938305731781,0.02839974419036895,-0.4102265557103086
2022-09-21,0.28156863322091535,0.3885372797870723,0.3894515060757774,0.382137826544263,0.3848804618176695,-0.17001404641641085,600028.SS,-0.008007390747784504,-0.014199872095184475,-0.0070997667717643854,-0.014199872095184475,0.021299977418604565,-0.09385121837093949
2022-09-22,0.403686587927493,0.4013361426799821,0.40225036896868716,0.3894515060757774,0.3903656887717737,0.6514627042408878,600028.SS,0.7028926658847936,0.04259961628555343,0.09939910466629133,0.056799826932393604,0.09939910466629133,1.5843969509057219
2022-09-23,0.4734680775743641,0.4086497786187877,0.41596345815030206,0.4013361426799821,0.40225036896868716,0.7295815889285469,600028.SS,1.4137927225173716,0.09229933789452693,0.10649920998971142,0.09229899934287124,0.0567994883807379,0.15050220455904606
2022-09-26,0.299013657808079,0.3903656887717737,0.4031645516646835,0.3903656887717737,0.40225036896868716,0.7249391920881214,600028.SS,-1.4298075040129405,0.0,-0.09939944321794703,-0.08519923257110686,-0.14199872095184476,-0.009139567212943688
2022-09-27,0.3077370976338049,0.39127991506047877,0.3931083240451802,0.3848804618176695,0.3903656887717737,0.13504813764611087,600028.SS,-0.7189074473803626,-0.09229933789452693,-0.07809912724768676,-0.04259961628555343,0.007100105323420089,-1.138050706596288
2022-09-28,0.28156863322091535,0.3885372797870723,0.3949367330298816,0.3885372797870723,0.39219409775647507,-0.283194854883351,600028.SS,-0.008007390747784504,0.014199872095184475,0.014199872095184475,0.02839974419036895,-0.021299977418604565,-0.8069514266069043
2022-09-29,0.29029137739753325,0.3894515060757774,0.3958509157258779,0.3867088708023709,0.3931083240451802,-0.1540505760269862,600028.SS,0.7028926658847936,0.007100105323420089,0.0070997667717643854,-0.014199872095184475,0.007100105323420089,0.24892726734268752
2022-09-30,0.31645937804435065,0.39219409775647507,0.3931083240451802,0.3885372797870723,0.3903656887717737,-0.2724083184650481,600028.SS,1.4137927225173716,-0.021299977418604565,-0.02129963886694886,0.014199872095184475,0.02129963886694886,-0.22848995562748822
2022-10-10,0.3600730989274402,0.39676514201458296,0.4013361426799821,0.3949367330298816,0.39767932471057926,0.24401649711022586,600028.SS,-1.4298075040129405,0.0567994883807379,0.06389925515250229,0.04969972160897351,0.03549984951378904,0.9959692405102186
2022-10-11,0.3426276105742044,0.3949367330298816,0.3985935509992844,0.3931083240451802,0.3958509157258779,-0.10506308914030146,600028.SS,-0.7189074473803626,-0.014199872095184475,-0.02129963886694886,-0.014199872095184475,-0.014199872095184475,-0.6735391773486777
2022-10-12,0.3600730989274402,0.39676514201458296,0.39767932471057926,0.3931083240451802,0.3940225067411765,-0.19929469421943458,600028.SS,-0.008007390747784504,-0.014199872095184475,-0.007100105323420089,0.0,0.014199872095184475,-0.18195201852840182
2022-10-13,0.3077370976338049,0.39127991506047877,0.39767932471057926,0.3885372797870723,0.39676514201458296,0.05564918635189476,600028.SS,0.7028926658847936,0.021299977418604565,0.0,-0.03549984951378904,-0.04259961628555343,0.49158749366086735
2022-10-14,0.3513498909847493,0.3958509157258779,0.39767932471057926,0.3931083240451802,0.3940225067411765,-0.16713203310065794,600028.SS,1.4137927225173716,-0.021299977418604565,0.0,0.03549984951378904,0.035499510962133336,-0.4299168617530052
2022-10-17,0.31645937804435065,0.39219409775647507,0.3949367330298816,0.3903656887717737,0.3940225067411765,-0.13853967577029525,600028.SS,-1.4298075040129405,0.0,-0.02129963886694886,-0.021299977418604565,-0.02839974419036895,0.05496837000442182
2022-10-18,0.31645937804435065,0.39219409775647507,0.3940225067411765,0.39127991506047877,0.3931083240451802,-0.34641476556502254,600028.SS,-0.7189074473803626,-0.0070997667717643854,-0.007100105323420089,0.007100105323420089,0.0,-0.40116379141744335
2022-10-19,0.29029137739753325,0.3894515060757774,0.3931083240451802,0.3885372797870723,0.39127991506047877,-0.2150684528741083,600028.SS,-0.008007390747784504,-0.014199872095184475,-0.0070997667717643854,-0.021299977418604565,-0.02129963886694886,0.2531748644842331
2022-10-20,0.299013657808079,0.3903656887717737,0.39127991506047877,0.3885372797870723,0.3885372797870723,-0.35779538879646083,600028.SS,0.7028926658847936,-0.021299977418604565,-0.014199872095184475,0.0,0.0070997667717643854,-0.2754967340709374
2022-10-21,0.3600730989274402,0.39676514201458296,0.39767932471057926,0.3894515060757774,0.3903656887717737,0.09225305371818936,600028.SS,1.4137927225173716,0.014199872095184475,0.04969938305731781,0.007100105323420089,0.04969972160897351,0.8679330186979608
2022-10-24,0.3513498909847493,0.3958509157258779,0.3985935509992844,0.3903656887717737,0.39767932471057926,0.3849663902559707,600028.SS,-1.4298075040129405,0.0567994883807379,0.007100105323420089,0.0070997667717643854,-0.007100105323420089,0.564442610909172
2022-10-25,0.3077370976338049,0.39127991506047877,0.39676514201458296,0.39127991506047877,0.3958509157258779,-0.1375940924066365,600028.SS,-0.7189074473803626,-0.014199872095184475,-0.014199872095184475,0.007100105323420089,-0.035499510962133336,-1.008173890108888
2022-10-26,0.2641226811016069,0.3867088708023709,0.3931083240451802,0.3867088708023709,0.39127991506047877,-0.007817010436871032,600028.SS,-0.008007390747784504,-0.035499510962133336,-0.02839974419036895,-0.03549984951378904,-0.03549984951378904,0.2501479083035435
2022-10-27,0.3077370976338049,0.39127991506047877,0.3931083240451802,0.3876230534983672,0.3876230534983672,-0.12804793108860235,600028.SS,0.7028926658847936,-0.028400082742024654,0.0,0.0070997667717643854,0.03549984951378904,-0.2321032091121313
2022-10-28,0.3077370976338049,0.39127991506047877,0.3958509157258779,0.3894515060757774,0.39219409775647507,-0.03807756015946008,600028.SS,1.4137927225173716,0.03549984951378904,0.02129963886694886,0.014200210646840178,0.0,0.1733630427044741
2022-10-31,0.12455946992482927,0.37208159892475967,0.3848804618176695,0.3711673726360546,0.3839662355289644,1.1224737219872067,600028.SS,-1.4298075040129405,-0.06389959370415799,-0.08519923257110686,-0.14199905950350045,-0.14909882627526483,2.2384523010678774
2022-11-01,0.15945044663130092,0.3757384168941625,0.3766525995901588,0.3702531899400583,0.3711673726360546,0.17655216681808186,600028.SS,-0.7189074473803626,-0.09939910466629133,-0.06389959370415799,-0.0070997667717643854,0.02839974419036895,-1.8248131502355618
2022-11-02,0.16817319080791882,0.3766525995901588,0.37756682587886387,0.372995781620756,0.3757384168941625,-0.17154313219152809,600028.SS,-0.008007390747784504,0.03549984951378904,0.007100105323420089,0.02129963886694886,0.0070997667717643854,-0.671640543637704
2022-11-03,0.23795444857175319,0.3839662355289644,0.3867088708023709,0.3739100079094611,0.3748241906054574,0.21230768569386915,600028.SS,0.7028926658847936,-0.007100105323420089,0.07099936047592238,0.007100105323420089,0.0567994883807379,0.7402415923716913
2022-11-04,0.2641226811016069,0.3867088708023709,0.3894515060757774,0.38305205283296806,0.3839662355289644,-0.21772809437059323,600028.SS,1.4137927225173716,0.07099936047592238,0.021299977418604565,0.07099936047592238,0.021299977418604565,-0.8296990383095972
2022-11-07,0.299013657808079,0.3903656887717737,0.39219409775647507,0.3848804618176695,0.3876230534983672,-0.28782210186715096,600028.SS,-1.4298075040129405,0.02839974419036895,0.02129963886694886,0.014199872095184475,0.02839974419036895,-0.13539197531430516
2022-11-08,0.3077370976338049,0.39127991506047877,0.39219409775647507,0.3885372797870723,0.3903656887717737,-0.49316533321192907,600028.SS,-0.7189074473803626,0.021299977418604565,0.0,0.02839974419036895,0.007100105323420089,-0.39627998148406757
2022-11-09,0.3077370976338049,0.39127991506047877,0.3931083240451802,0.3885372797870723,0.3894515060757774,-0.4523496690506591,600028.SS,-0.008007390747784504,-0.0070997667717643854,0.007100105323420089,0.0,0.0,0.07854642877018085
2022-11-10,0.28156863322091535,0.3885372797870723,0.3903656887717737,0.38305205283296806,0.3894515060757774,-0.3071108446615682,600028.SS,0.7028926658847936,0.0,-0.021299977418604565,-0.04259961628555343,-0.021299977418604565,0.27997272383235605
2022-11-11,0.31645937804435065,0.39219409775647507,0.3940225067411765,0.3885372797870723,0.39219409775647507,-0.09037931887873736,600028.SS,1.4137927225173716,0.02129963886694886,0.02839974419036895,0.04259961628555343,0.02839974419036895,0.41787804995263184
2022-11-14,0.31645937804435065,0.39219409775647507,0.39676514201458296,0.39127991506047877,0.3940225067411765,-0.25390372827420704,600028.SS,-1.4298075040129405,0.014199872095184475,0.021299977418604565,0.021299977418604565,0.0,-0.3156138691892802
2022-11-15,0.3077370976338049,0.39127991506047877,0.39219409775647507,0.3885372797870723,0.3903656887717737,-0.3200224916571632,600028.SS,-0.7189074473803626,-0.02839974419036895,-0.03549984951378904,-0.021299977418604565,-0.0070997667717643854,-0.1277239571081567
2022-11-16,0.3251821222209686,0.3931083240451802,0.3949367330298816,0.3894515060757774,0.3903656887717737,-0.271434491395741,600028.SS,-0.008007390747784504,0.0,0.021299977418604565,0.007100105323420089,0.014199872095184475,0.09353881993336795
2022-11-17,0.33390486639758693,0.3940225067411765,0.3958509157258779,0.39127991506047877,0.39219409775647507,-0.3990339010470232,600028.SS,0.7028926658847936,0.014199872095184475,0.0070997667717643854,0.014199872095184475,0.0070997667717643854,-0.2463166023493004
2022-11-18,0.28156863322091535,0.3885372797870723,0.3940225067411765,0.3885372797870723,0.3931083240451802,-0.284685075282123,600028.SS,1.4137927225173716,0.007100105323420089,-0.014199872095184475,-0.021299977418604565,-0.04259961628555343,0.22038768576444367
2022-11-21,0.27284519339518853,0.3876230534983672,0.3885372797870723,0.3857946445136658,0.3876230534983672,-0.3736653946952563,600028.SS,-1.4298075040129405,-0.04259995483720913,-0.04259961628555343,-0.021299977418604565,-0.007100105323420089,-0.17182258925516622
2022-11-22,0.3426276105742044,0.3949367330298816,0.39767932471057926,0.3876230534983672,0.3885372797870723,0.15737072153221307,600028.SS,-0.7189074473803626,0.007100105323420089,0.07099936047592238,0.014199872095184475,0.056799826932393604,1.0241536025807618
2022-11-23,0.41240886833803875,0.40225036896868716,0.4049929606493849,0.3958509157258779,0.3958509157258779,0.46331710067096826,600028.SS,-0.008007390747784504,0.0567994883807379,0.0567994883807379,0.06389959370415799,0.0567994883807379,0.589968392141025
2022-11-24,0.39496407563391184,0.4004219599839858,0.4031645516646835,0.3995077336952807,0.4004219599839858,-0.1727760659108057,600028.SS,0.7028926658847936,0.03549984951378904,-0.014199872095184475,0.02839974419036895,-0.014199872095184475,-1.2271719346079284
2022-11-25,0.49091356592759994,0.4104781876034891,0.41139241389219416,0.4013361426799821,0.40225036896868716,0.9934177148046859,600028.SS,1.4137927225173716,0.014199872095184475,0.06389959370415799,0.014199872095184475,0.07809912724768676,2.249336357623266
2022-11-28,0.4560228211041646,0.40682136963408627,0.4086497786187877,0.3995077336952807,0.40682136963408627,0.14328958511236853,600028.SS,-1.4298075040129405,0.035499510962133336,-0.021299977418604565,-0.014199872095184475,-0.02839974419036895,-1.640033119225093
2022-11-29,0.49091356592759994,0.4104781876034891,0.4104781876034891,0.4040787779533886,0.40682136963408627,0.010249041407262264,600028.SS,-0.7189074473803626,0.0,0.014199872095184475,0.03549984951378904,0.02839974419036895,-0.2568122382887537
2022-11-30,0.5258050064001442,0.4141350491656007,0.4141350491656007,0.4086497786187877,0.4086497786187877,-0.013246448229921859,600028.SS,-0.008007390747784504,0.014199872095184475,0.028400082742024654,0.035499510962133336,0.028400082742024654,-0.045506103374360535
2022-12-01,0.5083595180469084,0.4123066401808993,0.41687764084629836,0.41139241389219416,0.41596345815030206,-0.10711651896914791,600028.SS,0.7028926658847936,0.056799826932393604,0.02129963886694886,0.021299977418604565,-0.014199872095184475,-0.18125463949422632
2022-12-02,0.49963654198725416,0.41139241389219416,0.415049231861597,0.4095640049074928,0.4141350491656007,-0.28022661968985346,600028.SS,1.4137927225173716,-0.014199872095184475,-0.014199872095184475,-0.014199872095184475,-0.007100105323420089,-0.3341041187185937
2022-12-05,0.6043094721066691,0.4223628678004026,0.42510550307380907,0.4132208228768956,0.4132208228768956,0.28869225653633795,600028.SS,-1.4298075040129405,-0.007100105323420089,0.07809946579934246,0.02839974419036895,0.08519923257110686,1.0972272768176308
2022-12-06,0.6304774727534864,0.42510550307380907,0.42601968576980537,0.4187060498309998,0.4214486851044063,0.12973457544770933,600028.SS,-0.7189074473803626,0.06389959370415799,0.0070997667717643854,0.04259961628555343,0.021299977418604565,-0.306804911852654
2022-12-07,0.578141007693779,0.41962027611970487,0.42510550307380907,0.4177918671350035,0.424191276785104,-0.13487377073410606,600028.SS,-0.008007390747784504,0.02129963886694886,-0.0070997667717643854,-0.0070997667717643854,-0.04259961628555343,-0.5105989934926536
2022-12-08,0.5258050064001442,0.4141350491656007,0.4223628678004026,0.4104781876034891,0.41962027611970487,-0.07773897792565598,600028.SS,0.7028926658847936,-0.035499510962133336,-0.021299977418604565,-0.056799826932393604,-0.04259961628555343,0.11002509322424443
2022-12-09,0.5083595180469084,0.4123066401808993,0.41596345815030206,0.4104781876034891,0.4141350491656007,-0.141641079383717,600028.SS,1.4137927225173716,-0.04259961628555343,-0.04969938305731781,0.0,-0.014199872095184475,-0.12344814321818348
2022-12-12,0.4821910536340183,0.4095640049074928,0.41596345815030206,0.4077355959227914,0.4141350491656007,-0.2401517021468791,600028.SS,-1.4298075040129405,0.0,0.0,-0.02129963886694886,-0.021299977418604565,-0.1902059985527475
2022-12-13,0.4821910536340183,0.4095640049074928,0.41139241389219416,0.4086497786187877,0.4104781876034891,-0.2312013233823898,600028.SS,-0.7189074473803626,-0.028400082742024654,-0.03549984951378904,0.0070997667717643854,0.0,0.01708011837918076
2022-12-14,0.46474533339774665,0.4077355959227914,0.41139241389219416,0.4049929606493849,0.4104781876034891,-0.37201006632642947,600028.SS,-0.008007390747784504,0.0,0.0,-0.02839974419036895,-0.014199872095184475,-0.2717966496835957
2022-12-15,0.42985482045734763,0.4040787779533886,0.4077355959227914,0.40225036896868716,0.4077355959227914,-0.39683588605512926,600028.SS,0.7028926658847936,-0.02129963886694886,-0.02839974419036895,-0.02129963886694886,-0.02839974419036895,-0.04807223392393502
2022-12-16,0.4560228211041646,0.40682136963408627,0.4086497786187877,0.4013361426799821,0.40225036896868716,-0.40292772477495536,600028.SS,1.4137927225173716,-0.04259961628555343,0.0070997667717643854,-0.007100105323420089,0.02129963886694886,-0.011935457579014444
2022-12-19,0.36879561122102184,0.39767932471057926,0.40590718693808997,0.3958509157258779,0.4049929606493849,-0.14023352788278404,600028.SS,-1.4298075040129405,0.02129963886694886,-0.02129963886694886,-0.04259961628555343,-0.07099936047592238,0.5065374099309861
2022-12-20,0.3600730989274402,0.39676514201458296,0.40225036896868716,0.3958509157258779,0.39767932471057926,-0.3493101957279715,600028.SS,-0.7189074473803626,-0.0567994883807379,-0.02839974419036895,0.0,-0.0070997667717643854,-0.4034815666543178
2022-12-21,0.377518587280676,0.3985935509992844,0.4013361426799821,0.3949367330298816,0.39767932471057926,-0.2963879264603866,600028.SS,-0.008007390747784504,0.0,-0.007100105323420089,-0.0070997667717643854,0.014199872095184475,0.10189937659349452
2022-12-22,0.377518587280676,0.3985935509992844,0.40225036896868716,0.39676514201458296,0.4013361426799821,-0.35048602088561925,600028.SS,0.7028926658847936,0.02839974419036895,0.007100105323420089,0.014199872095184475,0.0,-0.10453677519333417
2022-12-23,0.3600730989274402,0.39676514201458296,0.3995077336952807,0.3958509157258779,0.39767932471057926,-0.5076511490738214,600028.SS,1.4137927225173716,-0.02839974419036895,-0.021299977418604565,-0.007100105323420089,-0.014199872095184475,-0.3033471799793022
2022-12-26,0.33390486639758693,0.3940225067411765,0.3995077336952807,0.3931083240451802,0.3985935509992844,-0.36867012856207115,600028.SS,-1.4298075040129405,0.007100105323420089,0.0,-0.02129963886694886,-0.021299977418604565,0.2679017785795172
2022-12-27,0.3862410995742568,0.3995077336952807,0.4004219599839858,0.3949367330298816,0.3958509157258779,-0.3704999629054933,600028.SS,-0.7189074473803626,-0.021299977418604565,0.007100105323420089,0.014199872095184475,0.04259961628555343,-0.003714295250610724
2022-12-28,0.42985482045734763,0.4040787779533886,0.40590718693808997,0.39767932471057926,0.3985935509992844,-0.3258157620463537,600028.SS,-0.008007390747784504,0.021299977418604565,0.04259961628555343,0.02129963886694886,0.03549984951378904,0.08600861448323431
2022-12-29,0.3600730989274402,0.39676514201458296,0.4031645516646835,0.39676514201458296,0.40225036896868716,-0.32285826654211636,600028.SS,0.7028926658847936,0.02839974419036895,-0.021299977418604565,-0.0070997667717643854,-0.0567994883807379,0.005520189822919169
2022-12-30,0.377518587280676,0.3985935509992844,0.4004219599839858,0.39767932471057926,0.3995077336952807,-0.46908470132640695,600028.SS,1.4137927225173716,-0.021299977418604565,-0.02129963886694886,0.0070997667717643854,0.014199872095184475,-0.2822470669357599
2023-01-03,0.41240886833803875,0.40225036896868716,0.4031645516646835,0.39767932471057926,0.4004219599839858,-0.32122434922527326,600028.SS,-0.7189074473803626,0.007100105323420089,0.02129963886694886,0.0,0.02839974419036895,0.28502950063634824
2023-01-04,0.42113184439769297,0.4031645516646835,0.4049929606493849,0.3995077336952807,0.4013361426799821,-0.3248174678654238,600028.SS,-0.008007390747784504,0.0070997667717643854,0.014199872095184475,0.014199872095184475,0.0070997667717643854,-0.007115569663838907
2023-01-05,0.403686587927493,0.4013361426799821,0.4049929606493849,0.4004219599839858,0.40225036896868716,-0.31544461370184207,600028.SS,0.7028926658847936,0.007100105323420089,0.0,0.007100105323420089,-0.014199872095184475,0.017895049226020254
2023-01-06,0.39496407563391184,0.4004219599839858,0.40225036896868716,0.39676514201458296,0.4013361426799821,-0.18626175519828525,600028.SS,1.4137927225173716,-0.007100105323420089,-0.02129963886694886,-0.02839974419036895,-0.0070997667717643854,0.2490016852724048
2023-01-09,0.39496407563391184,0.4004219599839858,0.40225036896868716,0.3995077336952807,0.4004219599839858,-0.4527921144329624,600028.SS,-1.4298075040129405,-0.0070997667717643854,0.0,0.02129963886694886,0.0,-0.5143064465849987
2023-01-10,0.3862410995742568,0.3995077336952807,0.4013361426799821,0.3985935509992844,0.4004219599839858,-0.5166513503065326,600028.SS,-0.7189074473803626,0.0,-0.007100105323420089,-0.0070997667717643854,-0.007100105323420089,-0.12336545796090143
2023-01-11,0.42113184439769297,0.4031645516646835,0.4049929606493849,0.3985935509992844,0.3995077336952807,-0.24734435591012166,600028.SS,-0.008007390747784504,-0.007100105323420089,0.02839974419036895,0.0,0.02839974419036895,0.5192931175572385
2023-01-12,0.4473003088105834,0.40590718693808997,0.40682136963408627,0.40225036896868716,0.4049929606493849,-0.45513782655107293,600028.SS,0.7028926658847936,0.04259961628555343,0.014199872095184475,0.02839974419036895,0.021299977418604565,-0.40100635274468777
2023-01-13,0.4560228211041646,0.40682136963408627,0.4095640049074928,0.4040787779533886,0.40682136963408627,-0.34448724912020906,600028.SS,1.4137927225173716,0.014199872095184475,0.021299977418604565,0.014199872095184475,0.0070997667717643854,0.21325397655166375
2023-01-16,0.4734680775743641,0.4086497786187877,0.4104781876034891,0.4040787779533886,0.40682136963408627,-0.19545785482306566,600028.SS,-1.4298075040129405,0.0,0.0070997667717643854,0.0,0.014199872095184475,0.2872845160735352
2023-01-17,0.4560228211041646,0.40682136963408627,0.4095640049074928,0.4031645516646835,0.4086497786187877,-0.1662244206568647,600028.SS,-0.7189074473803626,0.014199872095184475,-0.0070997667717643854,-0.007100105323420089,-0.014199872095184475,0.056204970501968106
2023-01-18,0.4734680775743641,0.4086497786187877,0.4095640049074928,0.40590718693808997,0.40682136963408627,-0.40572200060615077,600028.SS,-0.008007390747784504,-0.014199872095184475,0.0,0.021299977418604565,0.014199872095184475,-0.46216176369271506
2023-01-19,0.49091356592759994,0.4104781876034891,0.41139241389219416,0.40682136963408627,0.4077355959227914,-0.3940960043586079,600028.SS,0.7028926658847936,0.007100105323420089,0.014199872095184475,0.0070997667717643854,0.014199872095184475,0.022241231253367428
2023-01-20,0.5345275186937257,0.415049231861597,0.41962027611970487,0.4104781876034891,0.4123066401808993,-0.15251106113777538,600028.SS,1.4137927225173716,0.03549984951378904,0.06389959370415799,0.02839974419036895,0.03549984951378904,0.46581886866802424
2023-01-30,0.5170820303404899,0.4132208228768956,0.41962027611970487,0.4123066401808993,0.4177918671350035,-0.008909253605689995,600028.SS,-1.4298075040129405,0.04259961628555343,0.0,0.014200210646840178,-0.014199872095184475,0.2768150120781671
2023-01-31,0.5170820303404899,0.4132208228768956,0.41596345815030206,0.4123066401808993,0.4141350491656007,-0.3295144327626166,600028.SS,-0.7189074473803626,-0.02839974419036895,-0.02839974419036895,0.0,0.0,-0.6186136769860864
2023-02-01,0.5170820303404899,0.4132208228768956,0.415049231861597,0.4104781876034891,0.4141350491656007,-0.16774281643474842,600028.SS,-0.008007390747784504,0.0,-0.007100105323420089,-0.014200210646840178,0.0,0.3118635325379757
2023-02-02,0.5170820303404899,0.4132208228768956,0.41596345815030206,0.4095640049074928,0.4132208228768956,-0.1958962875742168,600028.SS,0.7028926658847936,-0.007100105323420089,0.007100105323420089,-0.0070997667717643854,0.0,-0.054491082898311866
2023-02-03,0.4734680775743641,0.4086497786187877,0.4132208228768956,0.4086497786187877,0.4123066401808993,-0.32298707448670183,600028.SS,1.4137927225173716,-0.0070997667717643854,-0.021299977418604565,-0.007100105323420089,-0.03549984951378904,-0.24533549821840858
2023-02-06,0.49091356592759994,0.4104781876034891,0.41139241389219416,0.40682136963408627,0.4077355959227914,-0.44159744497675946,600028.SS,-1.4298075040129405,-0.03549984951378904,-0.014199872095184475,-0.014199872095184475,0.014199872095184475,-0.22897726067007898
2023-02-07,0.49963654198725416,0.41139241389219416,0.4132208228768956,0.4095640049074928,0.4104781876034891,-0.4866270489016542,600028.SS,-0.7189074473803626,0.02129963886694886,0.014199872095184475,0.021299977418604565,0.007100105323420089,-0.08704417643167618
2023-02-08,0.5083595180469084,0.4123066401808993,0.41596345815030206,0.41139241389219416,0.4132208228768956,-0.4288034624887732,600028.SS,-0.008007390747784504,0.021299977418604565,0.021299977418604565,0.014199872095184475,0.007100105323420089,0.1113537366353454
2023-02-09,0.5083595180469084,0.4123066401808993,0.4132208228768956,0.4104781876034891,0.4123066401808993,-0.5221091995158218,600028.SS,0.7028926658847936,-0.0070997667717643854,-0.021299977418604565,-0.007100105323420089,0.0,-0.18016607208662638
2023-02-10,0.49963654198725416,0.41139241389219416,0.4123066401808993,0.4095640049074928,0.41139241389219416,-0.45603235756885,600028.SS,1.4137927225173716,-0.007100105323420089,-0.0070997667717643854,-0.0070997667717643854,-0.007100105323420089,0.12727379384110693
2023-02-13,0.49091356592759994,0.4104781876034891,0.4123066401808993,0.4086497786187877,0.41139241389219416,-0.3358687137097023,600028.SS,-1.4298075040129405,0.0,0.0,-0.007100105323420089,-0.007100105323420089,0.2316041368144736
2023-02-14,0.5083595180469084,0.4123066401808993,0.4132208228768956,0.4104781876034891,0.4104781876034891,-0.44774100688482704,600028.SS,-0.7189074473803626,-0.007100105323420089,0.0070997667717643854,0.014199872095184475,0.014200210646840178,-0.21597989546461743
2023-02-15,0.5083595180469084,0.4123066401808993,0.4132208228768956,0.4104781876034891,0.4123066401808993,-0.4849259044842542,600028.SS,-0.008007390747784504,0.014200210646840178,0.0,0.0,0.0,-0.07191218724898564
2023-02-16,0.5083595180469084,0.4123066401808993,0.4187060498309998,0.41139241389219416,0.4132208228768956,-0.00546132264441009,600028.SS,0.7028926658847936,0.0070997667717643854,0.04259961628555343,0.007100105323420089,0.0,0.9246750665959513
2023-02-17,0.5170820303404899,0.4132208228768956,0.41596345815030206,0.4123066401808993,0.4123066401808993,-0.3927524996685261,600028.SS,1.4137927225173716,-0.0070997667717643854,-0.02129963886694886,0.007100105323420089,0.0070997667717643854,-0.7472471473159126
2023-02-20,0.6043094721066691,0.4223628678004026,0.4232770940891077,0.4141350491656007,0.4141350491656007,0.09329507688257309,600028.SS,-1.4298075040129405,0.014199872095184475,0.0567994883807379,0.014199872095184475,0.07099936047592238,0.9373732863415432
2023-02-21,0.6653679856938854,0.4287623210432119,0.4315049127239096,0.4223628678004026,0.4232770940891077,0.13014777086082455,600028.SS,-0.7189074473803626,0.07099936047592238,0.06389925515250229,0.06389925515250229,0.04969972160897351,0.07090208627311649
2023-02-22,0.6304774727534864,0.42510550307380907,0.4296765037392082,0.42510550307380907,0.4278480947545068,-0.3071798979441046,600028.SS,-0.008007390747784504,0.035499510962133336,-0.014199872095184475,0.021299977418604565,-0.02839974419036895,-0.8437646740344054
2023-02-23,0.6304774727534864,0.42510550307380907,0.4278480947545068,0.4232770940891077,0.4269339120585105,-0.24718688187766127,600028.SS,0.7028926658847936,-0.0070997667717643854,-0.014199872095184475,-0.014199872095184475,0.0,0.1155384421792278
2023-02-24,0.6130315206341781,0.4232770940891077,0.4269339120585105,0.4214486851044063,0.42601968576980537,-0.380125935829834,600028.SS,1.4137927225173716,-0.007100105323420089,-0.0070997667717643854,-0.014199872095184475,-0.014199872095184475,-0.25661647036834634
2023-02-27,0.5955869598130874,0.4214486851044063,0.42510550307380907,0.4205344588157012,0.4223628678004026,-0.40261742912602994,600028.SS,-1.4298075040129405,-0.02839974419036895,-0.014199872095184475,-0.007100105323420089,-0.014199872095184475,-0.0435694519382229
2023-02-28,0.6391995212809954,0.42601968576980537,0.4278480947545068,0.4214486851044063,0.4214486851044063,-0.1563959403009102,600028.SS,-0.7189074473803626,-0.0070997667717643854,0.02129963886694886,0.007100105323420089,0.035499510962133336,0.4747624995725175
2023-03-01,0.7177049145196656,0.4342475479973161,0.43516177428602115,0.42601968576980537,0.42601968576980537,0.14983549714873454,600028.SS,-0.008007390747784504,0.035499510962133336,0.056799826932393604,0.035499510962133336,0.06389959370415799,0.5905182532955227
2023-03-02,0.804931892519772,0.4433895929208231,0.4488748198749273,0.4324191390126147,0.4342475479973161,0.45264655165437456,600028.SS,0.7028926658847936,0.06389959370415799,0.10649887143805571,0.04969972160897351,0.07099936047592238,0.5839205305048926
2023-03-03,0.9532178478731675,0.45893109108713936,0.46350213534524726,0.4433895929208231,0.44430381920952816,1.4273637915039157,600028.SS,1.4137927225173716,0.07809946579934246,0.1135993153131315,0.08519923257110686,0.1206990820848959,1.8799890774432315
2023-03-06,1.0229998012861108,0.466244727025945,0.4689873622993515,0.45893109108713936,0.4616737263605459,0.6554610675698893,600028.SS,-1.4298075040129405,0.13489895418008035,0.04259961628555343,0.1206990820848959,0.0567994883807379,-1.489140792012897
2023-03-07,1.1625637081119975,0.480872042496265,0.4982419060545739,0.466244727025945,0.466244727025945,2.2585527493863067,600028.SS,-0.7189074473803626,0.035499510962133336,0.2271979535229516,0.0567994883807379,0.1135993153131315,3.0920873847632584
2023-03-08,1.206176733345978,0.4854430431616641,0.4881856784350706,0.46715895331465007,0.47355836296475057,0.979270786141554,600028.SS,-0.008007390747784504,0.0567994883807379,-0.07809912724768676,0.007100105323420089,0.035499510962133336,-2.467846283618923
2023-03-09,1.206176733345978,0.4854430431616641,0.4982419060545739,0.4836146341769627,0.4854430431616641,0.6815973654254572,600028.SS,0.7028926658847936,0.09229933789452693,0.07809912724768676,0.12779884885666026,0.0,-0.5743796284098924
2023-03-10,1.1189502191119443,0.4763009982381571,0.48727145214636547,0.47355836296475057,0.4817862251922613,0.5311278837729304,600028.SS,1.4137927225173716,-0.02839974419036895,-0.08519923257110686,-0.07809946579934246,-0.07099936047592238,-0.2904316613167321
2023-03-13,1.398077105231572,0.5055555855860883,0.5082981772667859,0.4763009982381571,0.4763009982381571,1.648464470095619,600028.SS,-1.4298075040129405,-0.04259961628555343,0.1632986983704493,0.021299977418604565,0.22719829207460732,2.155093628019945
2023-03-14,1.3893545929379905,0.5046413592973832,0.5128692215248939,0.4982419060545739,0.5028129503126818,0.8955383795481116,600028.SS,-0.7189074473803626,0.20589831465600275,0.03549984951378904,0.1703984651422137,-0.007100105323420089,-1.4525359531298336
2023-03-15,1.398077105231572,0.5055555855860883,0.5101265862514874,0.4909282701157683,0.5037271766013869,0.752995384873915,600028.SS,-0.008007390747784504,0.007100105323420089,-0.021299977418604565,-0.0567994883807379,0.007100105323420089,-0.27514192193879805
2023-03-16,1.3282951518186288,0.4982419060545739,0.5064697682820846,0.4954993143738762,0.5000703150392752,0.3484727273817837,600028.SS,0.7028926658847936,-0.028400082742024654,-0.02839974419036895,0.03549984951378904,-0.056799826932393604,-0.7804856861758371
2023-03-17,1.5289180359978043,0.5192686311749943,0.527496493402505,0.5000703150392752,0.5009845413279804,1.3320119977024751,600028.SS,1.4137927225173716,0.007100105323420089,0.1632986983704493,0.035499510962133336,0.1632986983704493,1.8970062689250116
2023-03-20,1.5114725476445685,0.517440222190293,0.5421237652801163,0.5128692215248939,0.5192686311749943,1.540680917622969,600028.SS,-1.4298075040129405,0.14199872095184476,0.1135989767614758,0.09939944321794703,-0.014199872095184475,0.4023257450438937
2023-03-21,1.4329680819380437,0.509212403555491,0.5220112664484009,0.5000703150392752,0.518354448478998,0.7363655940991128,600028.SS,-0.7189074473803626,-0.0070997667717643854,-0.15619859304702924,-0.09939944321794703,-0.06389925515250229,-1.5516628401339208
2023-03-22,1.494026595525261,0.5156118132055916,0.5210970401596958,0.5073839945707896,0.5101265862514874,0.27587953394280057,600028.SS,-0.008007390747784504,-0.06389959370415799,-0.007100105323420089,0.056799826932393604,0.04969938305731781,-0.8884358845142645
2023-03-23,1.54636352435104,0.5210970401596958,0.5220112664484009,0.5119549952361888,0.5146976305095953,0.05260165510686717,600028.SS,0.7028926658847936,0.03549984951378904,0.007100105323420089,0.035499510962133336,0.04259961628555343,-0.43087488925652045
2023-03-24,1.3893545929379905,0.5046413592973832,0.5192686311749943,0.5009845413279804,0.5192686311749943,0.8973446909284174,600028.SS,1.4137927225173716,0.035499510962133336,-0.021299977418604565,-0.08519923257110686,-0.12779884885666026,1.629276282370799
2023-03-27,1.2410677100524496,0.4890998611310669,0.4954993143738762,0.4763009982381571,0.4890998611310669,1.8367871698370233,600028.SS,-1.4298075040129405,-0.2342980588463717,-0.18459833723739819,-0.19169844256081828,-0.1206990820848959,1.811946084011172
2023-03-28,1.4242451058783894,0.5082981772667859,0.5137834042208902,0.4982419060545739,0.4982419060545739,1.3846561034278684,600028.SS,-0.7189074473803626,0.07099936047592238,0.14199872095184476,0.1703984651422137,0.14909882627526483,-0.8723195801227295
2023-03-29,1.3457406401718646,0.5000703150392752,0.5119549952361888,0.49732772335857756,0.5119549952361888,0.3173158577284581,600028.SS,-0.008007390747784504,0.10649920998971142,-0.014199872095184475,-0.0070997667717643854,-0.06389959370415799,-2.0590228498027683
2023-03-30,1.4591360825848612,0.5119549952361888,0.5201828574636995,0.499156132343279,0.5009845413279804,0.42967575391510626,600028.SS,0.7028926658847936,-0.08519923257110686,0.06389959370415799,0.014199872095184475,0.09229933789452693,0.2165511545273805
2023-03-31,1.476581570938097,0.5137834042208902,0.5165260394942967,0.5055555855860883,0.5119549952361888,0.08478961567871304,600028.SS,1.4137927225173716,0.08519923257110686,-0.02839974419036895,0.04969972160897351,0.014199872095184475,-0.6654502563164082
2023-04-03,1.4242451058783894,0.5082981772667859,0.527496493402505,0.5046413592973832,0.5210970401596958,0.6083305158156621,600028.SS,-1.4298075040129405,0.07099936047592238,0.08519923257110686,-0.007100105323420089,-0.04259961628555343,1.0096957600436265
2023-04-04,1.624867990057565,0.5293249023872065,0.532067537660613,0.5055555855860883,0.5110408125401925,0.9772370032977451,600028.SS,-0.7189074473803626,-0.07809912724768676,0.03549984951378904,0.007100105323420089,0.1632986983704493,0.7114148349860954
2023-04-06,1.6423130146447291,0.5311533113719079,0.5338959466453144,0.5201828574636995,0.527496493402505,0.18696749758579057,600028.SS,0.7028926658847936,0.12779884885666026,0.014199872095184475,0.1135989767614758,0.014199872095184475,-1.5245692620732956
2023-04-07,1.5550860366446217,0.5220112664484009,0.5311533113719079,0.5165260394942967,0.5311533113719079,0.3063610454734013,600028.SS,1.4137927225173716,0.02839974419036895,-0.021299977418604565,-0.02839974419036895,-0.07099936047592238,0.23011866579395882
2023-04-10,1.712095431823744,0.5384669473107134,0.5448664005535228,0.5220112664484009,0.5229254491443972,0.7110143992071308,600028.SS,-1.4298075040129405,-0.06389959370415799,0.10649920998971142,0.04259961628555343,0.12779884885666026,0.7803684925218679
2023-04-11,1.808044922117433,0.5485232185229256,0.5494374448116307,0.5329817203566093,0.5357243556300157,0.7232855284021874,600028.SS,-0.7189074473803626,0.09939944321794703,0.03549984951378904,0.08519923257110686,0.07809946579934246,0.023485655758014885
2023-04-12,1.9476083651772462,0.5631504904005368,0.5704641263393424,0.5512658537963321,0.5521800364923284,0.7556859596569908,600028.SS,-0.008007390747784504,0.12779884885666026,0.16329835981879362,0.14199905950350045,0.1135989767614758,0.06231392649064097
2023-04-13,1.8691043632367939,0.5549226717657348,0.5786919885668531,0.5530942627810335,0.5668073083699395,0.9972330251305078,600028.SS,0.7028926658847936,0.1135989767614758,0.06389959370415799,0.014199872095184475,-0.06389925515250229,0.4657458046629661
2023-04-14,1.8952719001175387,0.5576652634464326,0.5640647166892419,0.550351627507627,0.5576652634464326,0.10214798473678434,600028.SS,1.4137927225173716,-0.07099936047592238,-0.1135989767614758,-0.021299977418604565,0.02129963886694886,-1.7267524249832102
2023-04-17,2.11334027264995,0.5805203975515545,0.5823488065362559,0.5530942627810335,0.5558368544617311,1.110877876376835,600028.SS,-1.4298075040129405,-0.014199872095184475,0.14199872095184476,0.021299977418604565,0.1774985704656338,1.9455975346136065
2023-04-18,2.095894784296714,0.5786919885668531,0.5805203975515545,0.568635717354641,0.5786919885668531,0.1446242197756929,600028.SS,-0.7189074473803626,0.1774985704656338,-0.014199872095184475,0.12069874353324019,-0.014199872095184475,-1.8640326093416122
2023-04-19,2.052281295296661,0.5741209879014539,0.5850914418096623,0.5722925789167526,0.5759493968861554,0.008013335013152725,600028.SS,-0.008007390747784504,-0.02129963886694886,0.03549984951378904,0.028400082742024654,-0.035499510962133336,-0.26369922169107834
2023-04-20,2.104617760356369,0.5796062148555582,0.5823488065362559,0.5668073083699395,0.5713783526280475,0.3577679936572516,600028.SS,0.7028926658847936,-0.03549984951378904,-0.021299977418604565,-0.04259995483720913,0.04259961628555343,0.6744720541117785
2023-04-21,2.0261132946498437,0.5713783526280475,0.5914908514597629,0.5695499436433461,0.5786919885668531,0.38321998882529734,600028.SS,1.4137927225173716,0.0567994883807379,0.07099936047592238,0.021299977418604565,-0.06389959370415799,0.04891079126299217
2023-04-24,2.0871722720031336,0.5777778058708568,0.5887482597790652,0.5722925789167526,0.5759493968861554,0.9245590138216784,600028.SS,-1.4298075040129405,-0.02129963886694886,-0.02129963886694886,0.021299977418604565,0.04969972160897351,1.0440273234790554
2023-04-25,2.2703496678290724,0.5969761220065759,0.6006329399759787,0.5786919885668531,0.5805203975515545,1.0226246320631647,600028.SS,-0.7189074473803626,0.035499510962133336,0.09229933789452693,0.04969938305731781,0.14909882627526483,0.18897831110068036
2023-04-26,2.2529041794758364,0.5951477130218745,0.5988045309912773,0.583263032824961,0.5914908514597629,0.5860300324584133,600028.SS,-0.008007390747784504,0.08519923257110686,-0.014199872095184475,0.03549984951378904,-0.014199872095184475,-0.8423506255350699
2023-04-27,2.32268613288878,0.60246134896068,0.6079465759147843,0.5841772155209572,0.5878340334903601,0.24815917850763156,600028.SS,0.7028926658847936,-0.02839974419036895,0.07099936047592238,0.0070997667717643854,0.0567994883807379,-0.651918174742017
2023-04-28,2.427358599242122,0.6134318028688884,0.6161743945495862,0.5887482597790652,0.5978903047025722,0.5419309924821217,600028.SS,1.4137927225173716,0.07809946579934246,0.06389925515250229,0.03549984951378904,0.08519923257110686,0.5664843532584557
2023-05-04,2.427358599242122,0.6134318028688884,0.6180028471269964,0.5850914418096623,0.5997187136872736,0.5559467963099255,600028.SS,0.7028926658847936,0.014199872095184475,0.014200210646840178,-0.02839974419036895,0.0,0.026851033195324062
2023-05-05,2.32268613288878,0.60246134896068,0.6152602118535899,0.5942334867331693,0.611603393884187,0.2735105224756935,600028.SS,1.4137927225173716,0.09229933789452693,-0.021299977418604565,0.07099936047592238,-0.08519923257110686,-0.5449880448087432
2023-05-08,2.5843670668890995,0.6298874837312011,0.6335443017006038,0.6052039406413778,0.6052039406413778,0.6164870768773913,600028.SS,-1.4298075040129405,-0.04969972160897351,0.14199872095184476,0.08519923257110686,0.21299808142776713,0.6613974792558422
2023-05-09,2.5145855772422285,0.6225738477923954,0.6390295286547081,0.6207454388076941,0.6289733010352048,0.571817926490824,600028.SS,-0.7189074473803626,0.18459867578905387,0.04259961628555343,0.1206990820848959,-0.0567994883807379,-0.08634888220184311
2023-05-10,2.218012739003292,0.5914908514597629,0.6234880740811005,0.5823488065362559,0.6225738477923954,1.4069241565262234,600028.SS,-0.008007390747784504,-0.04969972160897351,-0.12069874353324019,-0.29819765255052966,-0.2413981641697918,1.6106874359740497
2023-05-11,2.095894784296714,0.5786919885668531,0.5942334867331693,0.5768635795821517,0.5905766687637666,0.40804401964103765,600028.SS,0.7028926658847936,-0.24849793094155617,-0.22719829207460732,-0.04259961628555343,-0.09939910466629133,-1.9269672210713875
2023-05-12,2.104617760356369,0.5796062148555582,0.5914908514597629,0.568635717354641,0.5786919885668531,0.3651595708146857,600028.SS,1.4137927225173716,-0.09229933789452693,-0.021299977418604565,-0.06389959370415799,0.007100105323420089,-0.08290629511405928
2023-05-15,2.1395087370628403,0.583263032824961,0.5841772155209572,0.5658931256739432,0.5786919885668531,0.3367378559038462,600028.SS,-1.4298075040129405,0.0,-0.0567994883807379,-0.02129963886694886,0.02839974419036895,-0.055008509769160406
2023-05-16,2.1656767377096577,0.5860056245056586,0.6006329399759787,0.5796062148555582,0.5841772155209572,0.05686409428850434,600028.SS,-0.7189074473803626,0.04259961628555343,0.12779918740831597,0.10649920998971142,0.02129963886694886,-0.540045105510828
2023-05-17,2.2005672506500566,0.5896624424750615,0.5905766687637666,0.5668073083699395,0.583263032824961,0.28023060506547504,600028.SS,-0.008007390747784504,-0.0070997667717643854,-0.07809946579934246,-0.09939944321794703,0.02839974419036895,0.4306765559760748
2023-05-18,2.32268613288878,0.60246134896068,0.610689167595482,0.5878340334903601,0.5896624424750615,0.4812120193868152,600028.SS,0.7028926658847936,0.04969938305731781,0.15619859304702924,0.1632986983704493,0.09939944321794703,0.38749698705831864
2023-05-19,2.1656767377096577,0.5860056245056586,0.6070323496260792,0.583263032824961,0.60246134896068,0.006591465997040646,600028.SS,1.4137927225173716,0.09939944321794703,-0.02839974419036895,-0.035499510962133336,-0.12779918740831597,-0.9157005123840419
2023-05-22,2.0871722720031336,0.5777778058708568,0.5887482597790652,0.5722925789167526,0.5796062148555582,0.05164169832449932,600028.SS,-1.4298075040129405,-0.1774985704656338,-0.14199872095184476,-0.08519923257110686,-0.06389925515250229,0.08671466822053575
2023-05-23,2.0086678062966077,0.5695499436433461,0.5869198507943638,0.5695499436433461,0.5805203975515545,-0.04627849620098963,600028.SS,-0.7189074473803626,0.0070997667717643854,-0.014199872095184475,-0.021299977418604565,-0.06389959370415799,-0.18906709630007557
2023-05-24,1.8865498515900296,0.5567510807504362,0.568635717354641,0.5540084454770298,0.5668073083699395,0.34568499847509976,600028.SS,-0.008007390747784504,-0.10649920998971142,-0.14199905950350045,-0.1206990820848959,-0.09939910466629133,0.7558904812333277
2023-05-25,1.8865498515900296,0.5567510807504362,0.5585794897351377,0.5448664005535228,0.5521800364923284,0.5515535055991069,600028.SS,0.7028926658847936,-0.1135989767614758,-0.07809912724768676,-0.07099936047592238,0.0,0.3969239091579617
2023-05-26,1.965053853530482,0.5649788993852382,0.5722925789167526,0.5521800364923284,0.5521800364923284,-0.17450663421948703,600028.SS,1.4137927225173716,0.0,0.10649920998971142,0.0567994883807379,0.06389925515250229,-1.400713072967601
2023-05-29,2.2529041794758364,0.5951477130218745,0.5988045309912773,0.5677215346586447,0.568635717354641,0.6491872939174833,600028.SS,-1.4298075040129405,0.12779884885666026,0.20589831465600275,0.1206990820848959,0.2342983973980274,1.5886737592713298
2023-05-30,2.2005672506500566,0.5896624424750615,0.60246134896068,0.583263032824961,0.5951477130218745,0.06828362016530787,600028.SS,-0.7189074473803626,0.20589865320765843,0.02839974419036895,0.1206990820848959,-0.04259995483720913,-1.120714564013385
2023-05-31,2.1220632487096043,0.5814346238402596,0.5896624424750615,0.5759493968861554,0.5841772155209572,0.12428750940820368,600028.SS,-0.008007390747784504,-0.08519957112276255,-0.09939944321794703,-0.0567994883807379,-0.06389925515250229,0.10784364502074992
2023-06-01,2.235458227356528,0.5933192604444643,0.6061181669300829,0.5768635795821517,0.5814346238402596,0.23425140514576936,600028.SS,0.7028926658847936,-0.02129963886694886,0.12779918740831597,0.0070997667717643854,0.09229899934287124,0.21192940689617445
2023-06-02,2.235458227356528,0.5933192604444643,0.6033755316566763,0.5914908514597629,0.5969761220065759,-0.17022759790094807,600028.SS,1.4137927225173716,0.1206990820848959,-0.021299977418604565,0.1135989767614758,0.0,-0.7804014792510178
2023-06-05,2.305240644535544,0.6006329399759787,0.610689167595482,0.5933192604444643,0.5969761220065759,-0.034759132831138774,600028.SS,-1.4298075040129405,0.0,0.0567994883807379,0.014199872095184475,0.056799826932393604,0.2611262603197074
2023-06-06,2.287794692416236,0.5988045309912773,0.6097749848994857,0.5896624424750615,0.5988045309912773,-0.18702708694676698,600028.SS,-0.7189074473803626,0.014199872095184475,-0.0070997667717643854,-0.02839974419036895,-0.014199872095184475,-0.29390081168743065
2023-06-07,2.279072180122654,0.5978903047025722,0.6033755316566763,0.592405077748468,0.5978903047025722,-0.32914294759437246,600028.SS,-0.008007390747784504,-0.007100105323420089,-0.04969972160897351,0.021299977418604565,-0.007100105323420089,-0.2743180048663446
2023-06-08,2.3924676225356505,0.6097749848994857,0.6143459855648847,0.5914908514597629,0.601547122671975,-0.0050081934763766085,600028.SS,0.7028926658847936,0.02839974419036895,0.08519923257110686,-0.007100105323420089,0.09229933789452693,0.6250527257053136
2023-06-09,2.488417576595411,0.6198312561116978,0.6198312561116978,0.60246134896068,0.6079465759147843,0.4571105789651325,600028.SS,1.4137927225173716,0.04969972160897351,0.04259995483720913,0.08519957112276255,0.07809946579934246,0.8912159937778275
2023-06-12,2.348853669769525,0.6052039406413778,0.6289733010352048,0.6006329399759787,0.6170886208382913,0.34840840726478595,600028.SS,-1.4298075040129405,0.07099936047592238,0.07099936047592238,-0.014199872095184475,-0.1135993153131315,-0.20986491271396618
2023-06-13,2.305240644535544,0.6006329399759787,0.6052039406413778,0.5860056245056586,0.60246134896068,0.06641434277573063,600028.SS,-0.7189074473803626,-0.1135989767614758,-0.18459867578905387,-0.1135993153131315,-0.035499510962133336,-0.5441350483102032
2023-06-14,2.313963156829126,0.601547122671975,0.6134318028688884,0.601547122671975,0.6088607586107806,-0.19390473053005547,600028.SS,-0.008007390747784504,0.04969938305731781,0.06389959370415799,0.1206990820848959,0.0070997667717643854,-0.5023252317903232
2023-06-15,2.2616262280033457,0.5960618957178708,0.6042897579453814,0.5905766687637666,0.601547122671975,-0.20195391333369297,600028.SS,0.7028926658847936,-0.0567994883807379,-0.07099936047592238,-0.08519923257110686,-0.04259961628555343,-0.015711062206415376
2023-06-16,2.2529041794758364,0.5951477130218745,0.6070323496260792,0.5942334867331693,0.5978903047025722,0.030376896186732883,600028.SS,1.4137927225173716,-0.02839974419036895,0.02129963886694886,0.02839974419036895,-0.0070997667717643854,0.4479681748064693
2023-06-19,2.2267357150629468,0.592405077748468,0.5969761220065759,0.5823488065362559,0.5951477130218745,0.0764797795607755,600028.SS,-1.4298075040129405,-0.02129963886694886,-0.07809912724768676,-0.09229933789452693,-0.021299977418604565,0.088745171796985
2023-06-20,2.0871722720031336,0.5777778058708568,0.5942334867331693,0.5750351705974502,0.5933192604444643,0.2589307203568922,600028.SS,-0.7189074473803626,-0.014200210646840178,-0.021299977418604565,-0.0567994883807379,-0.1135989767614758,0.3517527649931158
2023-06-21,2.1636760508724335,0.5677215346586447,0.5750351705974502,0.559493672431134,0.5613220814158354,0.01367130022527305,600028.SS,-0.008007390747784504,-0.24849793094155617,-0.14909882627526483,-0.1206990820848959,-0.07809946579934246,-0.47327602338506364
2023-06-26,2.037669881413123,0.5549226717657348,0.5658931256739432,0.5530942627810335,0.5622363077045405,-0.0038127089106846563,600028.SS,-1.4298075040129405,0.007100105323420089,-0.07099936047592238,-0.04969938305731781,-0.09939910466629133,-0.03391030180544825
2023-06-27,2.172675895277434,0.568635717354641,0.5750351705974502,0.5476089922342204,0.5567510807504362,0.031126748868912483,600028.SS,-0.7189074473803626,-0.04259961628555343,0.07099936047592238,-0.04259995483720913,0.10649887143805571,0.06721156322982799
2023-06-28,2.26268036828638,0.5777778058708568,0.5777778058708568,0.5649788993852382,0.5668073083699395,-0.29743173232622644,600028.SS,-0.008007390747784504,0.07809912724768676,0.021299977418604565,0.13489895418008035,0.07099969902757808,-0.6339551410786541
2023-06-29,2.2446797519442345,0.5759493968861554,0.5869198507943638,0.5713783526280475,0.5777778058708568,-0.2281337414046081,600028.SS,0.7028926658847936,0.08519957112276255,0.07099936047592238,0.04969972160897351,-0.014199872095184475,0.1334872057163158
2023-06-30,2.2986825285028165,0.5814346238402596,0.5841772155209572,0.5722925789167526,0.5759493968861554,-0.42033561814908876,600028.SS,1.4137927225173716,-0.014199872095184475,-0.021299977418604565,0.007100105323420089,0.04259961628555343,-0.3709310611539303
2023-07-03,2.4516896224753455,0.5969761220065759,0.5988045309912773,0.5814346238402596,0.583263032824961,-0.11845350638968237,600028.SS,-1.4298075040129405,0.0567994883807379,0.1135993153131315,0.07099936047592238,0.1206990820848959,0.5821286531542119
2023-07-04,2.4246882341960543,0.5942334867331693,0.6033755316566763,0.5914908514597629,0.5942334867331693,-0.34394204062678935,600028.SS,-0.7189074473803626,0.08519923257110686,0.035499510962133336,0.07809912724768676,-0.021299977418604565,-0.43513911690626883
2023-07-05,2.4066866903217634,0.592405077748468,0.5988045309912773,0.5860056245056586,0.5942334867331693,-0.5011916887408233,600028.SS,-0.008007390747784504,0.0,-0.035499510962133336,-0.04259961628555343,-0.014199872095184475,-0.30351021407520673
2023-07-06,2.415687462258909,0.5933192604444643,0.5951477130218745,0.5869198507943638,0.5905766687637666,-0.4713194822065201,600028.SS,0.7028926658847936,-0.02839974419036895,-0.02839974419036895,0.007100105323420089,0.0070997667717643854,0.05743712581324405
2023-07-07,2.4696902388174915,0.5988045309912773,0.6033755316566763,0.5887482597790652,0.592405077748468,-0.3194516917700176,600028.SS,1.4137927225173716,0.014199872095184475,0.06389925515250229,0.014199872095184475,0.04259995483720913,0.29275961965230585
2023-07-10,2.3706854576374727,0.5887482597790652,0.6033755316566763,0.5860056245056586,0.601547122671975,-0.3311182242883019,600028.SS,-1.4298075040129405,0.07099936047592238,0.0,-0.021299977418604565,-0.07809946579934246,-0.02268872261600133
2023-07-11,2.3796857658085457,0.5896624424750615,0.5969761220065759,0.5860056245056586,0.5933192604444643,-0.5124571569119988,600028.SS,-0.7189074473803626,-0.06389959370415799,-0.04969938305731781,0.0,0.0070997667717643854,-0.3499770641388701
2023-07-12,2.4066866903217634,0.592405077748468,0.5997187136872736,0.5905766687637666,0.5942334867331693,-0.3927806874706445,600028.SS,-0.008007390747784504,0.007100105323420089,0.02129963886694886,0.03549984951378904,0.021299977418604565,0.23066440526630821
2023-07-13,2.559694248060366,0.6079465759147843,0.6079465759147843,0.5914908514597629,0.5933192604444643,-0.14360348584274352,600028.SS,0.7028926658847936,-0.007100105323420089,0.06389959370415799,0.0070997667717643854,0.1206990820848959,0.48046390027551444
2023-07-14,2.568694556231439,0.6088607586107806,0.6152602118535899,0.6042897579453814,0.6079465759147843,-0.36539397051392075,600028.SS,1.4137927225173716,0.1135993153131315,0.0567994883807379,0.09939944321794703,0.0070997667717643854,-0.4280057911057818
2023-07-17,2.4786910107546367,0.5997187136872736,0.610689167595482,0.592405077748468,0.6052039406413778,-0.4566255685600156,600028.SS,-1.4298075040129405,-0.021299977418604565,-0.03549984951378904,-0.09229933789452693,-0.07099936047592238,-0.17616517679226784
2023-07-18,2.415687462258909,0.5933192604444643,0.60246134896068,0.5896624424750615,0.60246134896068,-0.511668233873864,600028.SS,-0.7189074473803626,-0.02129963886694886,-0.06389925515250229,-0.021299977418604565,-0.04969972160897351,-0.10635879833554086
2023-07-19,2.4516896224753455,0.5969761220065759,0.601547122671975,0.592405077748468,0.5942334867331693,-0.48064665076309865,600028.SS,-0.008007390747784504,-0.06389959370415799,-0.007100105323420089,0.021299977418604565,0.028400082742024654,0.059654207396706224
2023-07-20,2.307681909141744,0.5823488065362559,0.5988045309912773,0.5823488065362559,0.5951477130218745,-0.33222807706906565,600028.SS,0.7028926658847936,0.007100105323420089,-0.02129963886694886,-0.07809946579934246,-0.1135993153131315,0.28610627811594275
2023-07-21,2.2986825285028165,0.5814346238402596,0.5860056245056586,0.5786919885668531,0.5823488065362559,-0.5060194182061509,600028.SS,1.4137927225173716,-0.09939944321794703,-0.09939944321794703,-0.02839974419036895,-0.0070997667717643854,-0.335418192462566
2023-07-24,2.2986825285028165,0.5814346238402596,0.5869198507943638,0.5732067616127489,0.5777778058708568,-0.5305950572151676,600028.SS,-1.4298075040129405,-0.035499510962133336,0.007100105323420089,-0.04259961628555343,0.0,-0.04758964964520011
2023-07-25,2.3886865377456905,0.5905766687637666,0.5914908514597629,0.5814346238402596,0.5878340334903601,-0.2825306774666229,600028.SS,-0.7189074473803626,0.07809912724768676,0.035499510962133336,0.06389959370415799,0.07099936047592238,0.47831733060903603
2023-07-26,2.2176783636649433,0.5732067616127489,0.5933192604444643,0.5695499436433461,0.5896624424750615,-0.16409986290336917,600028.SS,-0.008007390747784504,0.014199872095184475,0.014199872095184475,-0.09229933789452693,-0.13489895418008035,0.22826160835349205
2023-07-27,2.1816762034485064,0.5695499436433461,0.5796062148555582,0.5658931256739432,0.5750351705974502,-0.19548528482177757,600028.SS,0.7028926658847936,-0.1135989767614758,-0.10649887143805571,-0.02839974419036895,-0.02839974419036895,-0.06072533083531084
2023-07-28,2.2086780554938703,0.5722925789167526,0.5732067616127489,0.5613220814158354,0.5677215346586447,-0.030914796150248718,600028.SS,1.4137927225173716,-0.0567994883807379,-0.04969972160897351,-0.03549984951378904,0.021299977418604565,0.31726239697863795
2023-07-31,2.154675278935288,0.5668073083699395,0.5823488065362559,0.5640647166892419,0.5722925789167526,0.13065773528434133,600028.SS,-1.4298075040129405,0.03549984951378904,0.07099936047592238,0.021299977418604565,-0.04259995483720913,0.3114795091817741
2023-08-01,2.2176783636649433,0.5732067616127489,0.5732067616127489,0.5668073083699395,0.568635717354641,-0.06944692534175655,600028.SS,-0.7189074473803626,-0.028400082742024654,-0.07099936047592238,0.02129963886694886,0.04969972160897351,-0.38617507861594086
2023-08-02,2.0016681849627598,0.5512658537963321,0.5722925789167526,0.5466948095382241,0.5722925789167526,0.6468958641269869,600028.SS,-0.008007390747784504,0.028400082742024654,-0.0070997667717643854,-0.15619859304702924,-0.1703984651422137,1.3815995615026455
2023-08-03,1.9656664885123951,0.5476089922342204,0.5540084454770298,0.5421237652801163,0.5494374448116307,0.18011110976690248,600028.SS,0.7028926658847936,-0.1774985704656338,-0.14199905950350045,-0.03549984951378904,-0.028400082742024654,-0.9005857048647252
2023-08-04,2.019668801304905,0.5530942627810335,0.5613220814158354,0.550351627507627,0.550351627507627,0.049101783554729196,600028.SS,1.4137927225173716,0.0070997667717643854,0.0567994883807379,0.06389959370415799,0.04259995483720913,-0.2528941360863846
2023-08-07,2.0916726579717055,0.5604078987198391,0.5640647166892419,0.550351627507627,0.5530942627810335,-0.11379130727663603,600028.SS,-1.4298075040129405,0.021299977418604565,0.021299977418604565,0.0,0.0567994883807379,-0.3143960918389865
2023-08-08,2.109673274313851,0.5622363077045405,0.5658931256739432,0.5549226717657348,0.559493672431134,-0.3038787261720382,600028.SS,-0.7189074473803626,0.04969938305731781,0.014199872095184475,0.03549984951378904,0.014199872095184475,-0.366852393072292
2023-08-09,2.0916726579717055,0.5604078987198391,0.5622363077045405,0.5549226717657348,0.5613220814158354,-0.36223013508051405,600028.SS,-0.008007390747784504,0.014199872095184475,-0.02839974419036895,0.0,-0.014199872095184475,-0.11274117521555942
2023-08-10,2.154675278935288,0.5668073083699395,0.5695499436433461,0.5604078987198391,0.5622363077045405,-0.26974623584775387,600028.SS,0.7028926658847936,0.007100105323420089,0.0567994883807379,0.04259961628555343,0.04969938305731781,0.1782114948354677
2023-08-11,2.0466697258181235,0.5558368544617311,0.568635717354641,0.5549226717657348,0.5658931256739432,-0.25796949262585867,600028.SS,1.4137927225173716,0.02839974419036895,-0.007100105323420089,-0.04259961628555343,-0.08519923257110686,0.02253201353259918
2023-08-14,2.0646712696924143,0.5576652634464326,0.559493672431134,0.5485232185229256,0.5521800364923284,-0.39065855220344825,600028.SS,-1.4298075040129405,-0.10649920998971142,-0.07099936047592238,-0.04969972160897351,0.014199872095184475,-0.25613424553863595
2023-08-15,2.1276738906559967,0.5640647166892419,0.5713783526280475,0.5549226717657348,0.5576652634464326,-0.10383412457165268,600028.SS,-0.7189074473803626,0.04259961628555343,0.09229933789452693,0.04969972160897351,0.04969972160897351,0.5530832429269786
2023-08-16,2.037669881413123,0.5549226717657348,0.5640647166892419,0.5512658537963321,0.5640647166892419,-0.22475080140268577,600028.SS,-0.008007390747784504,0.04969972160897351,-0.0567994883807379,-0.02839974419036895,-0.07099936047592238,-0.233425993504132
2023-08-17,2.0826714222684872,0.559493672431134,0.559493672431134,0.5485232185229256,0.5530942627810335,-0.37356400432637604,600028.SS,0.7028926658847936,-0.08519923257110686,-0.03549984951378904,-0.021299977418604565,0.035499510962133336,-0.2872367945150382
2023-08-18,2.037669881413123,0.5549226717657348,0.5640647166892419,0.5549226717657348,0.5576652634464326,-0.40731738175632515,600028.SS,1.4137927225173716,0.035499510962133336,0.03549984951378904,0.04969972160897351,-0.035499510962133336,-0.0652929813883212
2023-08-21,2.010668493133832,0.5521800364923284,0.5585794897351377,0.5494374448116307,0.5567510807504362,-0.23737522227272848,600028.SS,-1.4298075040129405,-0.0070997667717643854,-0.04259961628555343,-0.04259961628555343,-0.021299977418604565,0.32762404230337094
2023-08-22,2.154675278935288,0.5668073083699395,0.5695499436433461,0.5512658537963321,0.5530942627810335,-0.03644193467920083,600028.SS,-0.7189074473803626,-0.02839974419036895,0.08519923257110686,0.014199872095184475,0.1135989767614758,0.3874041533569099
2023-08-23,2.1456749707642153,0.5658931256739432,0.5722925789167526,0.5649788993852382,0.5668073083699395,-0.32775139692602145,600028.SS,-0.008007390747784504,0.10649887143805571,0.021299977418604565,0.10649887143805571,-0.0070997667717643854,-0.5621039170293981
2023-08-24,2.1006725023767054,0.5613220814158354,0.5722925789167526,0.559493672431134,0.5658931256739432,-0.21666591487789877,600028.SS,0.7028926658847936,-0.0070997667717643854,0.0,-0.04259961628555343,-0.03549984951378904,0.21409288264844115
2023-08-25,2.1186731187188514,0.5631504904005368,0.568635717354641,0.5604078987198391,0.5631504904005368,-0.334820646752577,600028.SS,1.4137927225173716,-0.021299977418604565,-0.028400082742024654,0.007100105323420089,0.014199872095184475,-0.22809835987850263
2023-08-28,2.154675278935288,0.5668073083699395,0.5860056245056586,0.5631504904005368,0.5814346238402596,0.21730979069222225,600028.SS,-1.4298075040129405,0.14199905950350045,0.13489895418008035,0.02129963886694886,0.02839974419036895,1.0648433399952226
2023-08-29,2.0646712696924143,0.5576652634464326,0.5722925789167526,0.5567510807504362,0.5668073083699395,0.13211681120540913,600028.SS,-0.7189074473803626,-0.1135993153131315,-0.10649887143805571,-0.04969938305731781,-0.07099936047592238,-0.16451702746374602
2023-08-30,2.0466697258181235,0.5558368544617311,0.5640647166892419,0.5558368544617311,0.559493672431134,-0.13607288902924694,600028.SS,-0.008007390747784504,-0.0567994883807379,-0.06389959370415799,-0.007100105323420089,-0.014199872095184475,-0.5175072203323294
2023-08-31,2.037669881413123,0.5549226717657348,0.5604078987198391,0.5530942627810335,0.5585794897351377,-0.30030503090280525,600028.SS,0.7028926658847936,-0.0070997667717643854,-0.02839974419036895,-0.02129963886694886,-0.0070997667717643854,-0.3169790446029102
2023-09-01,2.0736711140974147,0.5585794897351377,0.559493672431134,0.5540084454770298,0.5567510807504362,-0.30891315583372847,600028.SS,1.4137927225173716,-0.014199872095184475,-0.007100105323420089,0.0070997667717643854,0.02839974419036895,-0.016789229555571474
2023-09-04,2.2446797519442345,0.5759493968861554,0.5796062148555582,0.5613220814158354,0.5631504904005368,0.40079137517861935,600028.SS,-1.4298075040129405,0.04969938305731781,0.15619893159868492,0.0567994883807379,0.13489895418008035,1.3687947411580046
2023-09-05,2.2806809846285256,0.5796062148555582,0.583263032824961,0.5704641263393424,0.5750351705974502,-0.18903105457458463,600028.SS,-0.7189074473803626,0.09229933789452693,0.02839974419036895,0.07099936047592238,0.02839974419036895,-1.137918333502178
2023-09-06,2.253680060115307,0.5768635795821517,0.583263032824961,0.5713783526280475,0.5805203975515545,-0.2120270337483589,600028.SS,-0.008007390747784504,0.04259961628555343,0.0,0.007100105323420089,-0.021299977418604565,-0.04454257630076954
2023-09-07,2.253680060115307,0.5768635795821517,0.5850914418096623,0.5759493968861554,0.5768635795821517,-0.08615204922896319,600028.SS,0.7028926658847936,-0.02839974419036895,0.014199872095184475,0.03549984951378904,0.0,0.24262098582116748
2023-09-08,2.1816762034485064,0.5695499436433461,0.5768635795821517,0.568635717354641,0.5759493968861554,-0.4547089470920457,600028.SS,1.4137927225173716,-0.0070997667717643854,-0.06389959370415799,-0.056799826932393604,-0.0567994883807379,-0.7111097958525527
2023-09-11,2.2086780554938703,0.5722925789167526,0.5786919885668531,0.5695499436433461,0.5704641263393424,-0.18870638550695007,600028.SS,-1.4298075040129405,-0.04259995483720913,0.014199872095184475,0.007100105323420089,0.021299977418604565,0.5129190559313214
2023-09-12,2.2176783636649433,0.5732067616127489,0.5741209879014539,0.5622363077045405,0.5713783526280475,-0.14337705170029674,600028.SS,-0.7189074473803626,0.007100105323420089,-0.035499510962133336,-0.0567994883807379,0.0070997667717643854,0.08725303898788177
2023-09-13,2.235678980007089,0.5750351705974502,0.5805203975515545,0.5713783526280475,0.5732067616127489,-0.07004494403650079,600028.SS,-0.008007390747784504,0.014199872095184475,0.04969938305731781,0.07099936047592238,0.014199872095184475,0.1412687858509557
2023-09-14,2.271680676457453,0.5786919885668531,0.583263032824961,0.5741209879014539,0.5741209879014539,0.14535616469376778,600028.SS,0.7028926658847936,0.007100105323420089,0.021299977418604565,0.021299977418604565,0.02839974419036895,0.41531175166017925
2023-09-15,2.1841721924512743,0.5567510807504362,0.5759493968861554,0.5558368544617311,0.5695499436433461,0.672657123834405,600028.SS,1.4137927225173716,-0.03549984951378904,-0.0567994883807379,-0.14199905950350045,-0.1703984651422137,1.0169486984978515
2023-09-18,2.1104811548123315,0.5494374448116307,0.5585794897351377,0.5457805832495191,0.5567510807504362,0.22878561142371923,600028.SS,-1.4298075040129405,-0.09939910466629133,-0.13489895418008035,-0.07809946579934246,-0.0567994883807379,-0.856387373539938
2023-09-19,2.2394405866220004,0.5622363077045405,0.5640647166892419,0.5485232185229256,0.5512658537963321,0.25818463805723485,600028.SS,-0.7189074473803626,-0.04259961628555343,0.04259961628555343,0.021299977418604565,0.09939910466629133,0.05652438888682283
2023-09-20,2.230228801121818,0.5613220814158354,0.5640647166892419,0.5540084454770298,0.5622363077045405,-0.33829181494782007,600028.SS,-0.008007390747784504,0.08519923257110686,0.0,0.04259961628555343,-0.007100105323420089,-1.1507535632342965
2023-09-21,2.2118061576536006,0.559493672431134,0.568635717354641,0.5585794897351377,0.5622363077045405,-0.14984331984094618,600028.SS,0.7028926658847936,0.0,0.035499510962133336,0.03549984951378904,-0.014199872095184475,0.3633217037382596
2023-09-22,2.3223434097611237,0.5704641263393424,0.5722925789167526,0.5604078987198391,0.5640647166892419,0.20689275797260073,600028.SS,1.4137927225173716,0.014199872095184475,0.028400082742024654,0.014199872095184475,0.08519923257110686,0.6879388118167737
2023-09-25,2.230228801121818,0.5613220814158354,0.5741209879014539,0.559493672431134,0.5741209879014539,-0.15215687500630948,600028.SS,-1.4298075040129405,0.07809946579934246,0.014199872095184475,-0.007100105323420089,-0.07099936047592238,-0.6927708264360407
2023-09-26,2.2025948359194927,0.5585794897351377,0.5649788993852382,0.5585794897351377,0.5604078987198391,-0.3317972347749856,600028.SS,-0.7189074473803626,-0.10649920998971142,-0.07099969902757808,-0.0070997667717643854,-0.02129963886694886,-0.3467006143902361
2023-09-27,2.248652372122181,0.5631504904005368,0.5677215346586447,0.559493672431134,0.5613220814158354,-0.25881681000681295,600028.SS,-0.008007390747784504,0.0070997667717643854,0.021299977418604565,0.0070997667717643854,0.035499510962133336,0.14059040968854505
2023-09-28,2.1657495489830567,0.5549226717657348,0.568635717354641,0.5549226717657348,0.5677215346586447,-0.03514765615302125,600028.SS,0.7028926658847936,0.04969972160897351,0.0070997667717643854,-0.035499510962133336,-0.06389925515250229,0.4312603371368564
2023-10-09,2.1565377634828753,0.5540084454770298,0.5576652634464326,0.536638538326012,0.550351627507627,0.32442163740610624,600028.SS,-1.4298075040129405,-0.13489895418008035,-0.08519923257110686,-0.14199905950350045,-0.007100105323420089,0.6934039227126616
2023-10-10,2.0367891896412433,0.5421237652801163,0.5576652634464326,0.5402953562954149,0.5567510807504362,-0.041240234041743824,600028.SS,-0.7189074473803626,0.04969972160897351,0.0,0.02839974419036895,-0.09229933789452693,-0.7055254557152195
2023-10-11,1.9170406157996125,0.5302391286759116,0.5448664005535228,0.527496493402505,0.5448664005535228,0.21157535566258773,600028.SS,-0.008007390747784504,-0.09229933789452693,-0.09939910466629133,-0.09939910466629133,-0.09229899934287124,0.4874821424799728
2023-10-12,1.9354637230339018,0.532067537660613,0.5348101293413107,0.5238396754331023,0.532067537660613,-0.14960777342311207,600028.SS,0.7028926658847936,-0.09939910466629133,-0.07809946579934246,-0.02839974419036895,0.014199872095184475,-0.6968862182263545
2023-10-13,1.963097688236228,0.5348101293413107,0.536638538326012,0.5256680844178037,0.5302391286759116,-0.2253556465395913,600028.SS,1.4137927225173716,-0.014199872095184475,0.014199872095184475,0.014199872095184475,0.02129963886694886,-0.1462979582601918
2023-10-16,1.9723094737364095,0.5357243556300157,0.5439521742648177,0.5329817203566093,0.5375527646147171,-0.1370443992078114,600028.SS,-1.4298075040129405,0.0567994883807379,0.0567994883807379,0.0567994883807379,0.007100105323420089,0.17016268831433864
2023-10-17,2.018366082406953,0.5402953562954149,0.54120958258412,0.532067537660613,0.5357243556300157,-0.24192678208843402,600028.SS,-0.7189074473803626,-0.014199872095184475,-0.02129963886694886,-0.0070997667717643854,0.035499510962133336,-0.2024967588657366
2023-10-18,2.009155224438917,0.5393811735994186,0.5439521742648177,0.5375527646147171,0.5421237652801163,-0.23558266937230202,600028.SS,-0.008007390747784504,0.04969938305731781,0.02129963886694886,0.04259961628555343,-0.0070997667717643854,0.01205278045029973
2023-10-19,1.8894061868312126,0.527496493402505,0.5375527646147171,0.5265823107065087,0.5375527646147171,-0.18085585900286086,600028.SS,0.7028926658847936,-0.035499510962133336,-0.04969938305731781,-0.08519923257110686,-0.09229933789452693,0.10538023302075943
2023-10-20,1.8157146854261972,0.5201828574636995,0.5284107196912102,0.5192686311749943,0.527496493402505,-0.20314188819185713,600028.SS,1.4137927225173716,-0.07809946579934246,-0.07099936047592238,-0.056799826932393604,-0.0567994883807379,-0.04317312344374731
2023-10-23,1.7143892188188554,0.5101265862514874,0.5229254491443972,0.5037271766013869,0.517440222190293,0.027762126590314757,600028.SS,-1.4298075040129405,-0.07809946579934246,-0.04259995483720913,-0.12069874353324019,-0.07809946579934246,0.44521596947851627
2023-10-24,1.7420236477872544,0.5128692215248939,0.518354448478998,0.5073839945707896,0.5082981772667859,-0.12489036927356043,600028.SS,-0.7189074473803626,-0.07099936047592238,-0.035499510962133336,0.02839974419036895,0.021299977418604565,-0.29464257069450467
2023-10-25,1.6222750739456224,0.5009845413279804,0.5165260394942967,0.499156132343279,0.5146976305095953,0.2538177959276017,600028.SS,-0.008007390747784504,0.04969972160897351,-0.014199872095184475,-0.06389959370415799,-0.09229933789452693,0.7303217098981378
2023-10-26,1.6959665753506379,0.5082981772667859,0.509212403555491,0.4982419060545739,0.499156132343279,-0.12251317104506247,600028.SS,0.7028926658847936,-0.1206990820848959,-0.0567994883807379,-0.007100105323420089,0.0567994883807379,-0.7261055298916682
2023-10-27,1.732811862287073,0.5119549952361888,0.5192686311749943,0.5073839945707896,0.5101265862514874,0.060094405230564876,600028.SS,1.4137927225173716,0.08519923257110686,0.07809912724768676,0.07099969902757808,0.02839974419036895,0.35205490586152355
2023-10-30,1.5393717870404258,0.49275667910046966,0.5128692215248939,0.4909282701157683,0.5119549952361888,0.38044139704001406,600028.SS,-1.4298075040129405,0.014199872095184475,-0.04969938305731781,-0.12779918740831597,-0.14909882627526483,0.617746349162771
2023-10-31,1.6038519667113325,0.499156132343279,0.5018987240239767,0.4890998611310669,0.49275667910046966,0.08232023874077551,600028.SS,-0.7189074473803626,-0.14909882627526483,-0.08519957112276255,-0.014199872095184475,0.04969972160897351,-0.5752432885628276
2023-11-01,1.6130632884454412,0.5000703150392752,0.5037271766013869,0.49275667910046966,0.4982419060545739,-0.0953337816465378,600028.SS,-0.008007390747784504,0.04259961628555343,0.014200210646840178,0.02839974419036895,0.0070997667717643854,-0.34286907949461426
2023-11-02,1.668332146382239,0.5055555855860883,0.5110408125401925,0.5000703150392752,0.5018987240239767,0.0820177012595111,600028.SS,0.7028926658847936,0.02839974419036895,0.0567994883807379,0.0567994883807379,0.04259995483720913,0.3419162028034544
2023-11-03,1.649909039147949,0.5037271766013869,0.5128692215248939,0.5018987240239767,0.5064697682820846,-0.0948411038367926,600028.SS,1.4137927225173716,0.03549984951378904,0.014199872095184475,0.014199872095184475,-0.014199872095184475,-0.3413351547455893
2023-11-06,1.5209486798061356,0.4909282701157683,0.5055555855860883,0.48727145214636547,0.5037271766013869,0.4805481649682603,600028.SS,-1.4298075040129405,-0.02129963886694886,-0.0567994883807379,-0.1135989767614758,-0.09939944321794703,1.1097082934993174
2023-11-07,1.5209486798061356,0.4909282701157683,0.49275667910046966,0.48635726945036917,0.490014087419772,-0.2196719905496919,600028.SS,-0.7189074473803626,-0.10649920998971142,-0.09939944321794703,-0.0070997667717643854,0.0,-1.350869223281501
2023-11-08,1.4656802856354103,0.4854430431616641,0.48727145214636547,0.4836146341769627,0.48727145214636547,-0.25383723413104325,600028.SS,-0.008007390747784504,-0.021299977418604565,-0.04259961628555343,-0.021299977418604565,-0.04259961628555343,-0.06608744760402929
2023-11-09,1.5485835725406072,0.4936709053891748,0.4964134970698725,0.48270045148096635,0.4836146341769627,0.14152462370974062,600028.SS,0.7028926658847936,-0.02839974419036895,0.07099936047592238,-0.0070997667717643854,0.06389959370415799,0.7624457291308895
2023-11-10,1.557794894274716,0.4945850880851711,0.4982419060545739,0.48727145214636547,0.49275667910046966,-0.2033143816393731,600028.SS,1.4137927225173716,0.07099936047592238,0.014199872095184475,0.035499510962133336,0.0070997667717643854,-0.6653593396764638
2023-11-13,1.6314859319136588,0.5018987240239767,0.5037271766013869,0.49275667910046966,0.4964134970698725,-0.15540469617626154,600028.SS,-1.4298075040129405,0.02839974419036895,0.04259995483720913,0.04259961628555343,0.0567994883807379,0.09223038953908119
2023-11-14,1.585429323243115,0.49732772335857756,0.5055555855860883,0.4945850880851711,0.5028129503126818,-0.2866487737338425,600028.SS,-0.7189074473803626,0.04969972160897351,0.014199872095184475,0.014199872095184475,-0.035499510962133336,-0.25334695798588625
2023-11-15,1.668332146382239,0.5055555855860883,0.5064697682820846,0.499156132343279,0.5000703150392752,-0.23960765520458233,600028.SS,-0.008007390747784504,-0.021299977418604565,0.0070997667717643854,0.03549984951378904,0.06389959370415799,0.09055497367235679
2023-11-16,1.6222750739456224,0.5009845413279804,0.5110408125401925,0.5009845413279804,0.5037271766013869,-0.39378528011595254,600028.SS,0.7028926658847936,0.028400082742024654,0.03549984951378904,0.014199872095184475,-0.03549984951378904,-0.29758445727271593
2023-11-17,1.585429323243115,0.49732772335857756,0.5009845413279804,0.4936709053891748,0.4982419060545739,-0.3663875004717954,600028.SS,1.4137927225173716,-0.04259995483720913,-0.07809946579934246,-0.0567994883807379,-0.02839974419036895,0.05266409806923648
2023-11-20,1.6314859319136588,0.5018987240239767,0.5046413592973832,0.49732772335857756,0.499156132343279,-0.35343131699731356,600028.SS,-1.4298075040129405,0.007100105323420089,0.02839974419036895,0.02839974419036895,0.035499510962133336,0.024807086225356417
2023-11-21,1.64069771741384,0.5028129503126818,0.5082981772667859,0.5018987240239767,0.5046413592973832,-0.317913568257553,600028.SS,-0.7189074473803626,0.04259961628555343,0.02839974419036895,0.035499510962133336,0.007100105323420089,0.06832705336936717
2023-11-22,1.6130632884454412,0.5000703150392752,0.5064697682820846,0.5000703150392752,0.5028129503126818,-0.5116692898294304,600028.SS,-0.008007390747784504,-0.014199872095184475,-0.014199872095184475,-0.014199872095184475,-0.021299977418604565,-0.37392833882682575
2023-11-23,1.6130632884454412,0.5000703150392752,0.5018987240239767,0.4982419060545739,0.499156132343279,-0.5527534648567147,600028.SS,0.7028926658847936,-0.02839974419036895,-0.03549984951378904,-0.014199872095184475,0.0,-0.0794336700694567
2023-11-24,1.6222750739456224,0.5009845413279804,0.5046413592973832,0.5000703150392752,0.5000703150392752,-0.4813224561140633,600028.SS,1.4137927225173716,0.0070997667717643854,0.021299977418604565,0.014199872095184475,0.007100105323420089,0.13760167492079994
2023-11-27,1.585429323243115,0.49732772335857756,0.5000703150392752,0.49275667910046966,0.499156132343279,-0.25846090950042755,600028.SS,-1.4298075040129405,-0.0070997667717643854,-0.03549984951378904,-0.0567994883807379,-0.02839974419036895,0.42970250902769846
2023-11-28,1.6038519667113325,0.499156132343279,0.5000703150392752,0.4936709053891748,0.49732772335857756,-0.42794642410510514,600028.SS,-0.7189074473803626,-0.014199872095184475,0.0,0.007100105323420089,0.014199872095184475,-0.3271124997052208
2023-11-29,1.5485835725406072,0.4936709053891748,0.5000703150392752,0.49184249640447336,0.499156132343279,-0.3380549516912797,600028.SS,-0.008007390747784504,0.014199872095184475,0.0,-0.014199872095184475,-0.04259961628555343,0.17321085198747704
2023-11-30,1.6130632884454412,0.5000703150392752,0.5009845413279804,0.4936709053891748,0.4954993143738762,-0.2115346665137803,600028.SS,0.7028926658847936,-0.02839974419036895,0.007100105323420089,0.014199872095184475,0.04969938305731781,0.24386573382993704
2023-12-01,1.585429323243115,0.49732772335857756,0.5009845413279804,0.4909282701157683,0.4982419060545739,-0.15410759762756945,600028.SS,1.4137927225173716,0.02129963886694886,0.0,-0.021299977418604565,-0.02129963886694886,0.11058887703762656
2023-12-04,1.6222750739456224,0.5009845413279804,0.5055555855860883,0.4964134970698725,0.49732772335857756,-0.09477369039113576,600028.SS,-1.4298075040129405,-0.0070997667717643854,0.03549984951378904,0.04259961628555343,0.02839974419036895,0.11426705899773863
2023-12-05,1.530160465306317,0.49184249640447336,0.5018987240239767,0.4909282701157683,0.5000703150392752,-0.1964685968566719,600028.SS,-0.7189074473803626,0.02129963886694886,-0.028400082742024654,-0.04259961628555343,-0.07099936047592238,-0.19634829942926502
2023-12-06,1.5393717870404258,0.49275667910046966,0.4954993143738762,0.4817862251922613,0.49184249640447336,0.08715537852957769,600028.SS,-0.008007390747784504,-0.06389925515250229,-0.04969938305731781,-0.07099936047592238,0.0070997667717643854,0.5469097538567638
2023-12-07,1.5117378218380995,0.490014087419772,0.4909282701157683,0.48270045148096635,0.4890998611310669,-0.0418408242988673,600028.SS,0.7028926658847936,-0.021299977418604565,-0.03549984951378904,0.007100105323420089,-0.02129963886694886,-0.24901093638429989
2023-12-08,1.6130632884454412,0.5000703150392752,0.5000703150392752,0.4881856784350706,0.4909282701157683,0.6517948705930435,600028.SS,1.4137927225173716,0.014199872095184475,0.07099936047592238,0.04259961628555343,0.07809912724768676,1.3377988766520907
2023-12-11,1.5117378218380995,0.490014087419772,0.4982419060545739,0.47904358991885476,0.49732772335857756,0.7426179753340452,600028.SS,-1.4298075040129405,0.04969972160897351,-0.014199872095184475,-0.07099969902757808,-0.07809912724768676,0.1750079173857454
2023-12-12,1.557794894274716,0.4945850880851711,0.4954993143738762,0.4845288604656678,0.48727145214636547,0.03432676630922526,600028.SS,-0.7189074473803626,-0.07809946579934246,-0.02129963886694886,0.04259995483720913,0.035499510962133336,-1.3664378232126857
2023-12-13,1.4748920711355917,0.48635726945036917,0.4945850880851711,0.4854430431616641,0.4909282701157683,-0.2556919641798181,600028.SS,-0.008007390747784504,0.02839974419036895,-0.007100105323420089,0.0070997667717643854,-0.06389925515250229,-0.5596141693975418
2023-12-14,1.4472576421671928,0.4836146341769627,0.490014087419772,0.4836146341769627,0.4890998611310669,-0.3276152594075048,600028.SS,0.7028926658847936,-0.014199872095184475,-0.035499510962133336,-0.014199872095184475,-0.021299977418604565,-0.13892056657203114
2023-12-15,1.4104123552307577,0.4799578162075599,0.4881856784350706,0.4799578162075599,0.4854430431616641,-0.08178333743682725,600028.SS,1.4137927225173716,-0.02839974419036895,-0.014199872095184475,-0.02839974419036895,-0.02839974419036895,0.4740110474234146
2023-12-18,1.4472576421671928,0.4836146341769627,0.4890998611310669,0.4772151809341534,0.4799578162075599,-0.23440211726061902,600028.SS,-1.4298075040129405,-0.04259961628555343,0.0070997667717643854,-0.021299977418604565,0.02839974419036895,-0.29457753438432827
2023-12-19,1.4472576421671928,0.4836146341769627,0.4845288604656678,0.4763009982381571,0.4836146341769627,-0.22322451701557103,600028.SS,-0.7189074473803626,0.02839974419036895,-0.035499510962133336,-0.0070997667717643854,0.0,0.021376301047212175
2023-12-20,1.4380467841991567,0.48270045148096635,0.4881856784350706,0.480872042496265,0.48270045148096635,-0.23958463537323574,600028.SS,-0.008007390747784504,-0.0070997667717643854,0.02839974419036895,0.03549984951378904,-0.0070997667717643854,-0.03174238086691119
2023-12-21,1.4012001059645036,0.47904358991885476,0.4836146341769627,0.4772151809341534,0.480872042496265,-0.08034584648983643,600028.SS,0.7028926658847936,-0.014199872095184475,-0.03549984951378904,-0.028400082742024654,-0.028400082742024654,0.30697785346967227
2023-12-22,1.502526036337918,0.4890998611310669,0.4890998611310669,0.47812940722285846,0.47904358991885476,0.2536620983850941,600028.SS,1.4137927225173716,-0.014200210646840178,0.04259961628555343,0.007100105323420089,0.07809946579934246,0.6440975451713464
2023-12-25,1.5393717870404258,0.49275667910046966,0.4945850880851711,0.48635726945036917,0.4890998611310669,-0.3678569620264335,600028.SS,-1.4298075040129405,0.07809946579934246,0.04259961628555343,0.06389959370415799,0.02839974419036895,-1.1990593185626865
2023-12-26,1.5485835725406072,0.4936709053891748,0.4964134970698725,0.49184249640447336,0.4936709053891748,-0.44305135913855875,600028.SS,-0.7189074473803626,0.03549984951378904,0.014199872095184475,0.04259961628555343,0.007100105323420089,-0.14523033474908936
2023-12-27,1.6591203608820577,0.5046413592973832,0.5073839945707896,0.49184249640447336,0.4945850880851711,-0.009840544300182934,600028.SS,-0.008007390747784504,0.0070997667717643854,0.08519957112276255,0.0,0.08519923257110686,0.8354541993147039
2023-12-28,1.6130632884454412,0.5000703150392752,0.5101265862514874,0.4982419060545739,0.5046413592973832,-0.05887804000018966,600028.SS,0.7028926658847936,0.07809946579934246,0.02129963886694886,0.04969938305731781,-0.03549984951378904,-0.09477517010692686
2023-12-29,1.7143892188188554,0.5101265862514874,0.5119549952361888,0.4964134970698725,0.5000703150392752,0.07104955911830489,600028.SS,1.4137927225173716,-0.03549984951378904,0.014199872095184475,-0.014199872095184475,0.07809946579934246,0.2504382472623116
2024-01-02,1.7512349695213631,0.5137834042208902,0.5165260394942967,0.5082981772667859,0.5101265862514874,0.05608341391529047,600028.SS,-0.7189074473803626,0.07809946579934246,0.03549984951378904,0.09229933789452693,0.02839974419036895,-0.02905348649381664
2024-01-03,1.8341377926604874,0.5220112664484009,0.5220112664484009,0.5110408125401925,0.5110408125401925,-0.05333964622720086,600028.SS,-0.008007390747784504,0.007100105323420089,0.04259961628555343,0.021299977418604565,0.06389959370415799,-0.21125546522872984
2024-01-04,1.8157146854261972,0.5201828574636995,0.5284107196912102,0.5156118132055916,0.5220112664484009,0.0886379152987286,600028.SS,0.7028926658847936,0.08519923257110686,0.04969972160897351,0.035499510962133336,-0.014199872095184475,0.2736819345637944
2024-01-05,1.7512349695213631,0.5137834042208902,0.5229254491443972,0.5110408125401925,0.518354448478998,0.10925523654072201,600028.SS,1.4137927225173716,-0.02839974419036895,-0.04259995483720913,-0.035499510962133336,-0.04969972160897351,0.039584982173956715
2024-01-08,1.7051778970847467,0.509212403555491,0.517440222190293,0.5073839945707896,0.5137834042208902,-0.08377141603912291,600028.SS,-1.4298075040129405,-0.03549984951378904,-0.04259961628555343,-0.02839974419036895,-0.035499510962133336,-0.37252200649988404
2024-01-09,1.7143892188188554,0.5101265862514874,0.5119549952361888,0.5028129503126818,0.5064697682820846,-0.09440940435525283,600028.SS,-0.7189074473803626,-0.0567994883807379,-0.04259961628555343,-0.03549984951378904,0.0070997667717643854,-0.020704719761695495
2024-01-10,1.64069771741384,0.5028129503126818,0.5128692215248939,0.5018987240239767,0.509212403555491,-0.19087170935681028,600028.SS,-0.008007390747784504,0.021299977418604565,0.007100105323420089,-0.007100105323420089,-0.0567994883807379,-0.18625491091155827
2024-01-11,1.5117378218380995,0.490014087419772,0.5018987240239767,0.4890998611310669,0.5009845413279804,0.1537669936443723,600028.SS,0.7028926658847936,-0.06389959370415799,-0.08519957112276255,-0.09939910466629133,-0.09939910466629133,0.6646036687018098
2024-01-12,1.5209486798061356,0.4909282701157683,0.4936709053891748,0.48727145214636547,0.4890998611310669,-0.2086068247264475,600028.SS,1.4137927225173716,-0.09229933789452693,-0.06389925515250229,-0.014199872095184475,0.0070997667717643854,-0.6991829896585608
2024-01-15,1.5670066797748972,0.4954993143738762,0.4964134970698725,0.48727145214636547,0.490014087419772,-0.22495072484891365,600028.SS,-1.4298075040129405,0.007100105323420089,0.02129963886694886,0.0,0.03549984951378904,-0.03171109682014066
2024-01-16,1.5762175377429335,0.4964134970698725,0.499156132343279,0.49184249640447336,0.4954993143738762,-0.23619793741179784,600028.SS,-0.7189074473803626,0.04259961628555343,0.021299977418604565,0.03549984951378904,0.0070997667717643854,-0.02187987843931099
2024-01-17,1.5117378218380995,0.490014087419772,0.4982419060545739,0.490014087419772,0.4954993143738762,-0.16262426438343955,600028.SS,-0.008007390747784504,0.0,-0.007100105323420089,-0.014199872095184475,-0.04969938305731781,0.14173475160312193
2024-01-18,1.4656802856354103,0.4854430431616641,0.49184249640447336,0.4708157712840529,0.49184249640447336,0.7248468146105752,600028.SS,0.7028926658847936,-0.02839974419036895,-0.04969938305731781,-0.14909882627526483,-0.03549984951378904,1.7116962303278347
2024-01-19,1.502526036337918,0.4890998611310669,0.49184249640447336,0.47904358991885476,0.4836146341769627,0.19643001479996264,600028.SS,1.4137927225173716,-0.06389959370415799,0.0,0.06389925515250229,0.02839974419036895,-1.0194703904566866
2024-01-22,1.4472576421671928,0.4836146341769627,0.49275667910046966,0.4799578162075599,0.4881856784350706,0.27843262331113683,600028.SS,-1.4298075040129405,0.03549984951378904,0.0070997667717643854,0.007100105323420089,-0.04259961628555343,0.15799368536760086
2024-01-23,1.4380467841991567,0.48270045148096635,0.4854430431616641,0.47264418026875427,0.4836146341769627,0.11397379262349512,600028.SS,-0.7189074473803626,-0.03549984951378904,-0.0567994883807379,-0.0567994883807379,-0.0070997667717643854,-0.31741631434128276
2024-01-24,1.6038519667113325,0.499156132343279,0.499156132343279,0.48270045148096635,0.48270045148096635,0.21973063094312736,600028.SS,-0.008007390747784504,-0.0070997667717643854,0.10649920998971142,0.07809946579934246,0.12779884885666026,0.20381423410347818
2024-01-25,1.9999434389387358,0.5384669473107134,0.5384669473107134,0.5009845413279804,0.5028129503126818,0.9685905906602865,600028.SS,0.7028926658847936,0.15619859304702924,0.30529741932229404,0.14199872095184476,0.30529741932229404,1.4443233204346162
2024-01-26,1.9354637230339018,0.532067537660613,0.536638538326012,0.5201828574636995,0.536638538326012,0.8453911366628977,600028.SS,1.4137927225173716,0.2626978030367406,-0.014199872095184475,0.14909882627526483,-0.04969938305731781,-0.23782933990801775
2024-01-29,2.0367891896412433,0.5421237652801163,0.559493672431134,0.527496493402505,0.5293249023872065,1.0228804155588527,600028.SS,-1.4298075040129405,-0.0567994883807379,0.1774985704656338,0.0567994883807379,0.07809912724768676,0.3421820033754795
2024-01-30,2.0367891896412433,0.5421237652801163,0.5521800364923284,0.5375527646147171,0.5384669473107134,0.47647067329831877,600028.SS,-0.7189074473803626,0.07099936047592238,-0.0567994883807379,0.07809946579934246,0.0,-1.0541777458656547
2024-01-31,2.0644236186096423,0.5448664005535228,0.5512658537963321,0.5375527646147171,0.5393811735994186,0.2611265923801368,600028.SS,-0.008007390747784504,0.007100105323420089,-0.0070997667717643854,0.0,0.021299977418604565,-0.41557104749518964
2024-02-01,1.963097688236228,0.5348101293413107,0.5439521742648177,0.5329817203566093,0.5402953562954149,0.3548630536827021,600028.SS,0.7028926658847936,0.0070997667717643854,-0.056799826932393604,-0.03549984951378904,-0.07809946579934246,0.18062761532546076
2024-02-02,1.9999434389387358,0.5384669473107134,0.5476089922342204,0.5329817203566093,0.5348101293413107,0.5547446778586755,600028.SS,1.4137927225173716,-0.04259961628555343,0.02839974419036895,0.0,0.02839974419036895,0.38537555486029085
2024-02-05,2.11969247654644,0.550351627507627,0.5530942627810335,0.5393811735994186,0.5393811735994186,0.7427027685660236,600028.SS,-1.4298075040129405,0.03549984951378904,0.04259995483720913,0.04969972160897351,0.09229933789452693,0.36237574174033527
2024-02-06,2.0736344765776784,0.5457805832495191,0.5567510807504362,0.5402953562954149,0.5494374448116307,0.6144294294377828,600028.SS,-0.7189074473803626,0.07809946579934246,0.02839974419036895,0.0070997667717643854,-0.03549984951378904,-0.24761657370987591
2024-02-07,2.11969247654644,0.550351627507627,0.5530942627810335,0.5357243556300157,0.5457805832495191,0.6665302957163125,600028.SS,-0.008007390747784504,-0.028400082742024654,-0.02839974419036895,-0.035499510962133336,0.03549984951378904,0.10031493727488527
2024-02-08,2.0920575838119686,0.5476089922342204,0.5530942627810335,0.54120958258412,0.5485232185229256,0.27067569173924677,600028.SS,0.7028926658847936,0.021299977418604565,0.0,0.04259961628555343,-0.021299977418604565,-0.7637655074230477
2024-02-19,2.3591891604636315,0.5741209879014539,0.5777778058708568,0.5476089922342204,0.5494374448116307,0.6755693002103357,600028.SS,-1.4298075040129405,0.007100105323420089,0.19169844256081828,0.04969938305731781,0.20589865320765843,0.7808319301492281
2024-02-20,2.3315547314952325,0.5713783526280475,0.5796062148555582,0.5695499436433461,0.5741209879014539,0.01848822167480391,600028.SS,-0.7189074473803626,0.19169844256081828,0.014199872095184475,0.1703988036938694,-0.021299977418604565,-1.2676564146477334
2024-02-21,2.3315547314952325,0.5713783526280475,0.5850914418096623,0.5677215346586447,0.5713783526280475,0.4907738585392581,600028.SS,-0.008007390747784504,-0.021299977418604565,0.04259961628555343,-0.014199872095184475,0.0,0.9108272929249267
2024-02-22,2.488149056039372,0.5869198507943638,0.5896624424750615,0.5695499436433461,0.5704641263393424,0.2998553404981002,600028.SS,0.7028926658847936,-0.007100105323420089,0.035499510962133336,0.014199872095184475,0.1206990820848959,-0.36845553572181233
2024-02-23,2.4420919836027557,0.5823488065362559,0.5914908514597629,0.5786919885668531,0.5869198507943638,0.3177960814740236,600028.SS,1.4137927225173716,0.12779918740831597,0.014199872095184475,0.07099936047592238,-0.03549984951378904,0.03442201214647651
2024-02-26,2.340766516995414,0.5722925789167526,0.5878340334903601,0.5704641263393424,0.5805203975515545,-0.023779282006152678,600028.SS,-1.4298075040129405,-0.04969972160897351,-0.02839974419036895,-0.06389959370415799,-0.07809912724768676,-0.659063961442022
2024-02-27,2.3315547314952325,0.5713783526280475,0.5777778058708568,0.5677215346586447,0.5713783526280475,-0.08700878946047137,600028.SS,-0.7189074473803626,-0.07099936047592238,-0.07809912724768676,-0.02129963886694886,-0.007100105323420089,-0.1221507479089506
2024-02-28,2.27628680109058,0.5658931256739432,0.5741209879014539,0.5604078987198391,0.5704641263393424,0.09625816895131216,600028.SS,-0.008007390747784504,-0.007100105323420089,-0.02839974419036895,-0.0567994883807379,-0.04259961628555343,0.3533268162349154
2024-02-29,2.3315547314952325,0.5713783526280475,0.5713783526280475,0.5631504904005368,0.5649788993852382,-0.17857352906474502,600028.SS,0.7028926658847936,-0.04259961628555343,-0.021299977418604565,0.02129963886694886,0.04259961628555343,-0.5303192536207298
2024-03-01,2.285497659058616,0.5668073083699395,0.5713783526280475,0.5631504904005368,0.568635717354641,-0.16839787536458586,600028.SS,1.4137927225173716,0.02839974419036895,0.0,0.0,-0.03549984951378904,0.01944360355034465
2024-03-04,2.4144580184004294,0.5796062148555582,0.583263032824961,0.5658931256739432,0.5668073083699395,0.2737350062060942,600028.SS,-1.4298075040129405,-0.014199872095184475,0.09229933789452693,0.021299977418604565,0.09939944321794703,0.8526643550144998
2024-03-05,2.460515090837046,0.5841772155209572,0.5869198507943638,0.5741209879014539,0.5768635795821517,0.03757423342348742,600028.SS,-0.7189074473803626,0.07809946579934246,0.02839974419036895,0.06389959370415799,0.035499510962133336,-0.45572525378959833
2024-03-06,2.451303769102937,0.583263032824961,0.5905766687637666,0.5796062148555582,0.5841772155209572,-0.14981435560091133,600028.SS,-0.008007390747784504,0.0567994883807379,0.02839974419036895,0.04259961628555343,-0.0070997667717643854,-0.3616465048312798
2024-03-07,2.497360377773481,0.5878340334903601,0.5933192604444643,0.5814346238402596,0.583263032824961,-0.10735337601418496,600028.SS,0.7028926658847936,-0.0070997667717643854,0.02129963886694886,0.014199872095184475,0.035499510962133336,0.0817201479875967
2024-03-08,2.5249952705079526,0.5905766687637666,0.5914908514597629,0.5796062148555582,0.5860056245056586,-0.14368398071441654,600028.SS,1.4137927225173716,0.02129963886694886,-0.014199872095184475,-0.014199872095184475,0.021299977418604565,-0.07026430517754223
2024-03-11,2.4328811256347196,0.5814346238402596,0.5878340334903601,0.5741209879014539,0.5878340334903601,0.12873060395273442,600028.SS,-1.4298075040129405,0.014199872095184475,-0.02839974419036895,-0.04259961628555343,-0.07099936047592238,0.5252874811968828
2024-03-12,2.221017943153782,0.5604078987198391,0.5796062148555582,0.559493672431134,0.5796062148555582,0.36621357596899595,600028.SS,-0.7189074473803626,-0.06389925515250229,-0.06389925515250229,-0.1135993153131315,-0.1632986983704493,0.45790640116190934
2024-03-13,2.2394405866220004,0.5622363077045405,0.5640647166892419,0.5540084454770298,0.5585794897351377,-0.1298202344881681,600028.SS,-0.008007390747784504,-0.1632986983704493,-0.1206990820848959,-0.04259961628555343,0.014199872095184475,-0.9570054587856646
2024-03-14,2.303920766292906,0.568635717354641,0.5722925789167526,0.5604078987198391,0.5640647166892419,-0.07864131059161744,600028.SS,0.7028926658847936,0.04259961628555343,0.06389959370415799,0.04969972160897351,0.04969938305731781,0.09853656322589385
2024-03-15,2.285497659058616,0.5668073083699395,0.5741209879014539,0.5613220814158354,0.5695499436433461,-0.23307632156653535,600028.SS,1.4137927225173716,0.04259961628555343,0.014199872095184475,0.0070997667717643854,-0.014199872095184475,-0.298080940247067
2024-03-18,2.285497659058616,0.5668073083699395,0.5704641263393424,0.5631504904005368,0.5677215346586447,-0.2615643939674654,600028.SS,-1.4298075040129405,-0.014199872095184475,-0.028400082742024654,0.014199872095184475,0.0,-0.055136509566804846
2024-03-19,2.2394405866220004,0.5622363077045405,0.5722925789167526,0.5604078987198391,0.5677215346586447,-0.057540945581546,600028.SS,-0.7189074473803626,0.0,0.014200210646840178,-0.02129963886694886,-0.035499510962133336,0.39336489653112416
2024-03-20,2.3223434097611237,0.5704641263393424,0.5741209879014539,0.5567510807504362,0.5622363077045405,-0.13476667820516755,600028.SS,-0.008007390747784504,-0.04259961628555343,0.014199872095184475,-0.02839974419036895,0.06389925515250229,-0.14914866460250736
2024-03-21,2.3315547314952325,0.5713783526280475,0.5759493968861554,0.5668073083699395,0.5704641263393424,-0.41163209073849694,600028.SS,0.7028926658847936,0.06389925515250229,0.014199872095184475,0.07809912724768676,0.007100105323420089,-0.534242172440028
2024-03-22,2.285497659058616,0.5668073083699395,0.5722925789167526,0.5604078987198391,0.5695499436433461,-0.24281221946533374,600028.SS,1.4137927225173716,-0.0070997667717643854,-0.02839974419036895,-0.04969938305731781,-0.03549984951378904,0.32545921262644506
2024-03-25,2.313132088027015,0.5695499436433461,0.5759493968861554,0.5631504904005368,0.5640647166892419,0.09824875078945042,600028.SS,-1.4298075040129405,-0.04259961628555343,0.02839974419036895,0.02129963886694886,0.021299977418604565,0.6577024271548444
2024-03-26,2.285497659058616,0.5668073083699395,0.5732067616127489,0.5631504904005368,0.5695499436433461,-0.09302599075626611,600028.SS,-0.7189074473803626,0.04259961628555343,-0.021299977418604565,0.0,-0.021299977418604565,-0.36914267045878796
2024-03-27,2.303920766292906,0.568635717354641,0.5722925789167526,0.5640647166892419,0.5649788993852382,-0.28300220510752433,600028.SS,-0.008007390747784504,-0.03549984951378904,-0.0070997667717643854,0.007100105323420089,0.014199872095184475,-0.36663788587607105
2024-03-28,2.303920766292906,0.568635717354641,0.5704641263393424,0.5622363077045405,0.5668073083699395,-0.20875119869838174,600028.SS,0.7028926658847936,0.014199872095184475,-0.014200210646840178,-0.014199872095184475,0.0,0.1430412888992127
2024-03-29,2.460515090837046,0.5841772155209572,0.5887482597790652,0.5677215346586447,0.5677215346586447,-0.06581571776317718,600028.SS,1.4137927225173716,0.007100105323420089,0.14199905950350045,0.04259961628555343,0.1206990820848959,0.2755297062377935
2024-04-01,2.4328811256347196,0.5814346238402596,0.5850914418096623,0.5750351705974502,0.5841772155209572,-0.06603004568563085,600028.SS,-1.4298075040129405,0.12779884885666026,-0.02839974419036895,0.0567994883807379,-0.02129963886694886,-0.0005980758954897006
2024-04-02,2.5342065922420614,0.5914908514597629,0.5969761220065759,0.5796062148555582,0.5805203975515545,0.18968522284992842,600028.SS,-0.7189074473803626,-0.02839974419036895,0.09229933789452693,0.03549984951378904,0.07809912724768676,0.49307545686128573
2024-04-03,2.5618410212104603,0.5942334867331693,0.5988045309912773,0.5878340334903601,0.592405077748468,0.07959058739024115,600028.SS,-0.008007390747784504,0.09229933789452693,0.014199872095184475,0.06389925515250229,0.021299977418604565,-0.21255089554996182
2024-04-08,2.571052342944569,0.5951477130218745,0.6052039406413778,0.5841772155209572,0.5896624424750615,0.19712547334746822,600028.SS,-1.4298075040129405,-0.021299977418604565,0.04969938305731781,-0.02839974419036895,0.007100105323420089,0.22653341338832864
2024-04-09,2.4052466966663206,0.5786919885668531,0.5997187136872736,0.5759493968861554,0.5988045309912773,0.2222981869027227,600028.SS,-0.7189074473803626,0.07099969902757808,-0.04259961628555343,-0.06389925515250229,-0.12779918740831597,0.04837207302825575
2024-04-10,2.4328811256347196,0.5814346238402596,0.5878340334903601,0.5768635795821517,0.5786919885668531,-0.1373603224787552,600028.SS,-0.008007390747784504,-0.15619893159868492,-0.09229933789452693,0.0070997667717643854,0.021299977418604565,-0.6939453141421437
2024-04-11,2.451303769102937,0.583263032824961,0.5887482597790652,0.5777778058708568,0.5814346238402596,-0.21645659342713028,600028.SS,0.7028926658847936,0.021299977418604565,0.007100105323420089,0.007100105323420089,0.014199872095184475,-0.1527568258926359
2024-04-12,2.451303769102937,0.583263032824961,0.5869198507943638,0.5805203975515545,0.5823488065362559,-0.1838208580031227,600028.SS,1.4137927225173716,0.0070997667717643854,-0.014199872095184475,0.02129963886694886,0.0,0.06276781475558214
2024-04-15,2.70001223852031,0.6079465759147843,0.6097749848994857,0.5823488065362559,0.5841772155209572,0.5047049312501167,600028.SS,-1.4298075040129405,0.014199872095184475,0.1774985704656338,0.014199872095184475,0.19169844256081828,1.3279421613537858
2024-04-16,2.727646203722636,0.610689167595482,0.6198312561116978,0.5997187136872736,0.6042897579453814,0.5353970189551589,600028.SS,-0.7189074473803626,0.15619893159868492,0.07809946579934246,0.13489895418008035,0.02129963886694886,0.05901862963148608
2024-04-17,2.690800916786201,0.6070323496260792,0.6079465759147843,0.592405077748468,0.6070323496260792,0.33482574398729487,600028.SS,-0.008007390747784504,0.02129963886694886,-0.09229933789452693,-0.0567994883807379,-0.02839974419036895,-0.38707515095506356
2024-04-18,2.5986863081468954,0.5978903047025722,0.6070323496260792,0.5942334867331693,0.5997187136872736,0.17710090344539392,600028.SS,0.7028926658847936,-0.0567994883807379,-0.007100105323420089,0.014199872095184475,-0.07099936047592238,-0.30442683305109314
2024-04-19,2.7184353457546,0.6097749848994857,0.6189170298229927,0.5969761220065759,0.5969761220065759,0.6899446817544971,600028.SS,1.4137927225173716,-0.02129963886694886,0.09229933789452693,0.021299977418604565,0.09229933789452693,0.9890616247338845
2024-04-22,2.5618410212104603,0.5942334867331693,0.6189170298229927,0.592405077748468,0.6061181669300829,0.5163379589194308,600028.SS,-1.4298075040129405,0.07099936047592238,0.0,-0.03549984951378904,-0.1206990820848959,-0.33506207433230406
2024-04-23,2.488149056039372,0.5869198507943638,0.5969761220065759,0.5805203975515545,0.5942334867331693,0.053799897580038315,600028.SS,-0.7189074473803626,-0.09229933789452693,-0.1703984651422137,-0.09229933789452693,-0.0567994883807379,-0.8923940772645058
2024-04-24,2.552629235710279,0.5933192604444643,0.5960618957178708,0.5869198507943638,0.592405077748468,-0.2555061222116427,600028.SS,-0.008007390747784504,-0.014199872095184475,-0.007100105323420089,0.04969972160897351,0.04969938305731781,-0.5968182457494428
2024-04-25,2.5986863081468954,0.5978903047025722,0.5988045309912773,0.5896624424750615,0.5933192604444643,-0.3650357096362694,600028.SS,0.7028926658847936,0.0070997667717643854,0.021299977418604565,0.02129963886694886,0.03549984951378904,-0.21146095025443443
2024-04-26,2.5986863081468954,0.5978903047025722,0.6070323496260792,0.5960618957178708,0.5988045309912773,0.04210293490693299,600028.SS,1.4137927225173716,0.04259995483720913,0.06389925515250229,0.04969972160897351,0.0,0.785162476144007
2024-04-29,2.340766516995414,0.5722925789167526,0.5951477130218745,0.5704641263393424,0.5942334867331693,1.1366833557764702,600028.SS,-1.4298075040129405,-0.03549984951378904,-0.09229899934287124,-0.19879854788423837,-0.19879820933258266,2.1111982882595903
2024-04-30,2.423669340134538,0.5805203975515545,0.5869198507943638,0.5704641263393424,0.5722925789167526,0.4399786875300313,600028.SS,-0.7189074473803626,-0.1703984651422137,-0.06389959370415799,0.0,0.06389925515250229,-1.3440880496903715
2024-05-06,2.396035374932212,0.5777778058708568,0.5805203975515545,0.568635717354641,0.5796062148555582,0.25726077010922305,600028.SS,-1.4298075040129405,0.0567994883807379,-0.04969972160897351,-0.014199872095184475,-0.02129963886694886,-0.3526370468287562
2024-05-07,2.4420919836027557,0.5823488065362559,0.583263032824961,0.5750351705974502,0.5768635795821517,-0.08214579729073072,600028.SS,-0.7189074473803626,-0.021299977418604565,0.021299977418604565,0.04969972160897351,0.035499510962133336,-0.6548804780248231
2024-05-08,2.488149056039372,0.5869198507943638,0.592405077748468,0.5796062148555582,0.5814346238402596,-0.06842172913989789,600028.SS,-0.008007390747784504,0.03549984951378904,0.07099936047592238,0.03549984951378904,0.03549984951378904,0.026288291784113144
2024-05-09,2.460515090837046,0.5841772155209572,0.5914908514597629,0.583263032824961,0.5887482597790652,-0.09738247830984563,600028.SS,0.7028926658847936,0.0567994883807379,-0.007100105323420089,0.02839974419036895,-0.021299977418604565,-0.056048275980859756
2024-05-10,2.4697264125711555,0.5850914418096623,0.5887482597790652,0.583263032824961,0.5850914418096623,-0.07231411801056048,600028.SS,1.4137927225173716,-0.02839974419036895,-0.02129963886694886,0.0,0.007100105323420089,0.04817078157450432
2024-05-13,2.460515090837046,0.5841772155209572,0.5887482597790652,0.5805203975515545,0.5850914418096623,-0.1587284778204546,600028.SS,-1.4298075040129405,0.0,0.0,-0.021299977418604565,-0.007100105323420089,-0.16687300015029669
2024-05-14,2.4420919836027557,0.5823488065362559,0.5860056245056586,0.5796062148555582,0.5841772155209572,-0.3086451418879806,600028.SS,-0.7189074473803626,-0.007100105323420089,-0.021299977418604565,-0.0070997667717643854,-0.014199872095184475,-0.28936530785884973
2024-05-15,2.4052466966663206,0.5786919885668531,0.583263032824961,0.5777778058708568,0.5814346238402596,-0.4779276645637845,600028.SS,-0.008007390747784504,-0.02129963886694886,-0.02129963886694886,-0.014199872095184475,-0.02839974419036895,-0.3267209399011377
2024-05-16,2.3776122676979217,0.5759493968861554,0.5814346238402596,0.5713783526280475,0.5796062148555582,-0.18569653945263473,600028.SS,0.7028926658847936,-0.014199872095184475,-0.014199872095184475,-0.04969972160897351,-0.02129963886694886,0.5635124526866939
2024-05-17,2.4144580184004294,0.5796062148555582,0.5796062148555582,0.5722925789167526,0.5759493968861554,-0.26595039858487624,600028.SS,1.4137927225173716,-0.02839974419036895,-0.014199872095184475,0.007100105323420089,0.02839974419036895,-0.15498974719644684
2024-05-20,2.4789377343052634,0.5860056245056586,0.5896624424750615,0.5768635795821517,0.5786919885668531,0.043968063012284786,600028.SS,-1.4298075040129405,0.02129963886694886,0.07809912724768676,0.035499510962133336,0.04969938305731781,0.5976303116953902
2024-05-21,2.4328811256347196,0.5814346238402596,0.5841772155209572,0.5796062148555582,0.583263032824961,-0.2862573061593809,600028.SS,-0.7189074473803626,0.03549984951378904,-0.04259961628555343,0.021299977418604565,-0.035499510962133336,-0.6371704725114794
2024-05-22,2.4789377343052634,0.5860056245056586,0.5869198507943638,0.5796062148555582,0.5814346238402596,-0.1769203622990776,600028.SS,-0.008007390747784504,-0.014199872095184475,0.021299977418604565,0.0,0.035499510962133336,0.21072005263468951
2024-05-23,2.4420919836027557,0.5823488065362559,0.5860056245056586,0.5777778058708568,0.5850914418096623,-0.21919666768025492,600028.SS,0.7028926658847936,0.02839974419036895,-0.007100105323420089,-0.014199872095184475,-0.02839974419036895,-0.0817332212407862
2024-05-24,2.488149056039372,0.5869198507943638,0.5914908514597629,0.5777778058708568,0.5814346238402596,0.05235085944835422,600028.SS,1.4137927225173716,-0.02839974419036895,0.04259961628555343,0.0,0.03549984951378904,0.5236149768672574
2024-05-27,2.571052342944569,0.5951477130218745,0.6006329399759787,0.5869198507943638,0.5869198507943638,-0.053154760830538536,600028.SS,-1.4298075040129405,0.04259961628555343,0.07099969902757808,0.07099936047592238,0.06389959370415799,-0.20369894810999872
2024-05-28,2.6447438443495845,0.60246134896068,0.6088607586107806,0.5951477130218745,0.5960618957178708,-0.08167533802840234,600028.SS,-0.7189074473803626,0.07099936047592238,0.06389925515250229,0.06389959370415799,0.0567994883807379,-0.05519920945832158
2024-05-29,2.672377809551911,0.6052039406413778,0.6088607586107806,0.5988045309912773,0.601547122671975,-0.24507437444062885,600028.SS,-0.008007390747784504,0.04259961628555343,0.0,0.02839974419036895,0.02129963886694886,-0.31537203188555885
2024-05-30,2.5986863081468954,0.5978903047025722,0.6088607586107806,0.5960618957178708,0.6033755316566763,-0.21561279796856497,600028.SS,0.7028926658847936,0.014199872095184475,0.0,-0.021299977418604565,-0.0567994883807379,0.05664504394273217
2024-05-31,2.5157830212416985,0.5896624424750615,0.6006329399759787,0.5896624424750615,0.5988045309912773,-0.1999786676972802,600028.SS,1.4137927225173716,-0.035499510962133336,-0.06389925515250229,-0.04969972160897351,-0.06389959370415799,0.029972692212350036
2024-06-03,2.4697264125711555,0.5850914418096623,0.5933192604444643,0.5814346238402596,0.5850914418096623,-0.12260589636679521,600028.SS,-1.4298075040129405,-0.10649920998971142,-0.056799826932393604,-0.06389925515250229,-0.035499510962133336,0.14906299462799164
2024-06-04,2.4052466966663206,0.5786919885668531,0.5850914418096623,0.5768635795821517,0.5814346238402596,-0.0769406506714773,600028.SS,-0.7189074473803626,-0.02839974419036895,-0.06389925515250229,-0.03549984951378904,-0.04969972160897351,0.08790099378118078
2024-06-05,2.340766516995414,0.5722925789167526,0.5823488065362559,0.5713783526280475,0.5796062148555582,-0.12346278567438336,600028.SS,-0.008007390747784504,-0.014199872095184475,-0.021299977418604565,-0.04259961628555343,-0.04969938305731781,-0.08992318339385846
2024-06-06,2.4052466966663206,0.5786919885668531,0.583263032824961,0.5722925789167526,0.5741209879014539,0.077187959267104,600028.SS,0.7028926658847936,-0.04259961628555343,0.007100105323420089,0.007100105323420089,0.04969938305731781,0.3868591447642438
2024-06-07,2.3684004821977402,0.5750351705974502,0.5823488065362559,0.5722925789167526,0.5805203975515545,-0.08999787667065282,600028.SS,1.4137927225173716,0.04969938305731781,-0.007100105323420089,0.0,-0.02839974419036895,-0.3226765512748078
2024-06-11,2.2670750155903985,0.5649788993852382,0.5805203975515545,0.5631504904005368,0.5768635795821517,0.33542832813698775,600028.SS,-0.7189074473803626,-0.02839974419036895,-0.014199872095184475,-0.07099969902757808,-0.07809946579934246,0.8204381324424327
2024-06-12,2.303920766292906,0.568635717354641,0.5704641263393424,0.5604078987198391,0.5649788993852382,0.01800066835530721,600028.SS,-0.008007390747784504,-0.09229933789452693,-0.07809946579934246,-0.02129963886694886,0.02839974419036895,-0.6124844241091603
2024-06-13,2.230228801121818,0.5613220814158354,0.5704641263393424,0.559493672431134,0.5695499436433461,0.10043019349045591,600028.SS,0.7028926658847936,0.03549984951378904,0.0,-0.007100105323420089,-0.0567994883807379,0.15881718308285894
2024-06-14,2.2394405866220004,0.5622363077045405,0.5631504904005368,0.5558368544617311,0.5604078987198391,0.9339140223361888,600028.SS,1.4137927225173716,-0.07099936047592238,-0.0567994883807379,-0.02839974419036895,0.007100105323420089,1.60755791700502
2024-06-17,2.0920575838119686,0.5476089922342204,0.5585794897351377,0.5466948095382241,0.5576652634464326,0.6090282726194003,600028.SS,-1.4298075040129405,-0.021299977418604565,-0.035499510962133336,-0.07099936047592238,-0.1135993153131315,-0.6268706524189701
2024-06-18,2.11969247654644,0.550351627507627,0.5521800364923284,0.5421237652801163,0.5494374448116307,-0.05888760571532018,600028.SS,-0.7189074473803626,-0.06389925515250229,-0.04969972160897351,-0.03549984951378904,0.021299977418604565,-1.2885561228784517
2024-06-19,2.1657495489830567,0.5549226717657348,0.5604078987198391,0.550351627507627,0.5512658537963321,0.16100842013177388,600028.SS,-0.008007390747784504,0.014199872095184475,0.06389959370415799,0.06389959370415799,0.03549984951378904,0.42398218932437565
2024-06-20,2.2578636938562897,0.5640647166892419,0.5649788993852382,0.5549226717657348,0.5558368544617311,0.21533724084825537,600028.SS,0.7028926658847936,0.035499510962133336,0.035499510962133336,0.03549984951378904,0.07099936047592238,0.1046125337757466
2024-06-21,2.230228801121818,0.5613220814158354,0.5668073083699395,0.5567510807504362,0.5631504904005368,0.20063419629185358,600028.SS,1.4137927225173716,0.0567994883807379,0.014199872095184475,0.014199872095184475,-0.021299977418604565,-0.028545980416045846
2024-06-24,2.221017943153782,0.5604078987198391,0.5649788993852382,0.5567510807504362,0.5640647166892419,-0.07087606181676649,600028.SS,-1.4298075040129405,0.007100105323420089,-0.014199872095184475,0.0,-0.0070997667717643854,-0.5239123862805048
2024-06-25,2.2025948359194927,0.5585794897351377,0.5668073083699395,0.5576652634464326,0.5631504904005368,-0.004070088762729006,600028.SS,-0.7189074473803626,-0.007100105323420089,0.014199872095184475,0.0070997667717643854,-0.014199872095184475,0.12868024598439015
2024-06-26,2.2394405866220004,0.5622363077045405,0.5640647166892419,0.5549226717657348,0.559493672431134,-0.09017642012241367,600028.SS,-0.008007390747784504,-0.02839974419036895,-0.02129963886694886,-0.02129963886694886,0.02839974419036895,-0.1662788309127054
2024-06-27,2.248652372122181,0.5631504904005368,0.5658931256739432,0.559493672431134,0.5613220814158354,-0.10193154110121189,600028.SS,0.7028926658847936,0.014199872095184475,0.014199872095184475,0.035499510962133336,0.0070997667717643854,-0.022859604682275315
2024-06-28,2.396035374932212,0.5777778058708568,0.5786919885668531,0.5622363077045405,0.5668073083699395,0.3503991816595275,600028.SS,1.4137927225173716,0.04259961628555343,0.09939910466629133,0.021299977418604565,0.1135993153131315,0.8723354065711143
2024-07-01,2.460515090837046,0.5841772155209572,0.5869198507943638,0.5750351705974502,0.5759493968861554,0.03568594883371576,600028.SS,-1.4298075040129405,0.07099969902757808,0.06389959370415799,0.09939910466629133,0.04969938305731781,-0.6072484499847927
2024-07-02,2.5157830212416985,0.5896624424750615,0.5933192604444643,0.5841772155209572,0.5869198507943638,0.12857795625836263,600028.SS,-0.7189074473803626,0.08519923257110686,0.04969938305731781,0.07099936047592238,0.04259961628555343,0.17899871216251392
2024-07-03,2.497360377773481,0.5878340334903601,0.592405077748468,0.5841772155209572,0.5896624424750615,-0.06340148034031345,600028.SS,-0.008007390747784504,0.02129963886694886,-0.0070997667717643854,0.0,-0.014199872095184475,-0.3705019868533177
2024-07-04,2.571052342944569,0.5951477130218745,0.5969761220065759,0.5878340334903601,0.5896624424750615,0.06574637013046697,600028.SS,0.7028926658847936,0.0,0.03549984951378904,0.02839974419036895,0.056799826932393604,0.24893415678232483
2024-07-05,2.571052342944569,0.5951477130218745,0.5951477130218745,0.5951477130218745,0.5951477130218745,-0.8521629883309613,600028.SS,1.4137927225173716,0.04259995483720913,-0.014199872095184475,0.056799826932393604,0.0,-1.7707792272334792
2024-07-08,2.5618410212104603,0.5942334867331693,0.5960618957178708,0.5850914418096623,0.5869198507943638,0.023288198143246418,600028.SS,-1.4298075040129405,-0.06389959370415799,0.0070997667717643854,-0.07809946579934246,-0.007100105323420089,1.6885105461172811
2024-07-09,2.5986863081468954,0.5978903047025722,0.6006329399759787,0.5896624424750615,0.5951477130218745,0.014905824089403528,600028.SS,-0.7189074473803626,0.06389959370415799,0.03549984951378904,0.035499510962133336,0.02839974419036895,-0.016353769043955878
2024-07-10,2.488149056039372,0.5869198507943638,0.60246134896068,0.5860056245056586,0.5960618957178708,0.008134024522883919,600028.SS,-0.008007390747784504,0.0070997667717643854,0.014199872095184475,-0.02839974419036895,-0.08519923257110686,-0.013247063106351441
2024-07-11,2.488149056039372,0.5869198507943638,0.5905766687637666,0.5823488065362559,0.5896624424750615,0.02485674559902872,600028.SS,0.7028926658847936,-0.04969972160897351,-0.09229933789452693,-0.02839974419036895,0.0,0.03207252152400201
2024-07-12,2.4697264125711555,0.5850914418096623,0.5942334867331693,0.5841772155209572,0.5878340334903601,-0.019261059328827358,600028.SS,1.4137927225173716,-0.014199872095184475,0.02839974419036895,0.014199872095184475,-0.014199872095184475,-0.08528536839125475
2024-07-15,2.607898093647077,0.5988045309912773,0.6006329399759787,0.5823488065362559,0.5850914418096623,0.2010010041980891,600028.SS,-1.4298075040129405,-0.02129963886694886,0.04969972160897351,-0.014199872095184475,0.10649920998971142,0.42468825504331126
2024-07-16,2.740919188720632,0.5933192604444643,0.5942334867331693,0.5805203975515545,0.583263032824961,0.04124505175881181,600028.SS,-0.7189074473803626,-0.014199872095184475,-0.04969972160897351,-0.014199872095184475,-0.04259995483720913,-0.3083447315656817
2024-07-17,2.683909816713342,0.5878340334903601,0.5960618957178708,0.5850914418096623,0.592405077748468,-0.012747217284161928,600028.SS,-0.008007390747784504,0.07099936047592238,0.014199872095184475,0.03549984951378904,-0.04259961628555343,-0.10433264409228875
2024-07-18,2.769424106607313,0.5960618957178708,0.5988045309912773,0.5896624424750615,0.5905766687637666,0.1191771379067824,600028.SS,0.7028926658847936,-0.014199872095184475,0.021299977418604565,0.035499510962133336,0.06389959370415799,0.2542898753584062
2024-07-19,2.750421291782265,0.5942334867331693,0.5997187136872736,0.5850914418096623,0.5960618957178708,0.18013712975435817,600028.SS,1.4137927225173716,0.04259961628555343,0.0070997667717643854,-0.035499510962133336,-0.014199872095184475,0.11740368307582029
2024-07-22,2.674408641183854,0.5869198507943638,0.5933192604444643,0.5759493968861554,0.5914908514597629,0.05834471791462915,600028.SS,-1.4298075040129405,-0.03549984951378904,-0.04969972160897351,-0.07099936047592238,-0.0567994883807379,-0.23511523617666766
2024-07-23,2.683909816713342,0.5878340334903601,0.592405077748468,0.5841772155209572,0.5860056245056586,-0.011038215315047577,600028.SS,-0.7189074473803626,-0.04259961628555343,-0.0070997667717643854,0.06389925515250229,0.0070997667717643854,-0.13402035378150146
2024-07-24,2.902445665446941,0.6088607586107806,0.6125175765801834,0.5850914418096623,0.5860056245056586,0.5658840711467314,600028.SS,-0.008007390747784504,0.0,0.15619859304702924,0.007100105323420089,0.1632986983704493,1.1126653967529017
2024-07-25,2.892944489917453,0.6079465759147843,0.611603393884187,0.5997187136872736,0.6097749848994857,0.35695362208996767,600028.SS,0.7028926658847936,0.18459867578905387,-0.0070997667717643854,0.1135989767614758,-0.0070997667717643854,-0.4031995189863828
2024-07-26,2.826433478614603,0.601547122671975,0.6097749848994857,0.5960618957178708,0.6070323496260792,0.06478594748534926,600028.SS,1.4137927225173716,-0.021299977418604565,-0.014199872095184475,-0.02839974419036895,-0.04969972160897351,-0.5637593595119913
2024-07-29,2.9404517588631096,0.6125175765801834,0.6125175765801834,0.5978903047025722,0.601547122671975,-0.012323319450806522,600028.SS,-1.4298075040129405,-0.04259961628555343,0.02129963886694886,0.014199872095184475,0.08519923257110686,-0.1489240089621598
2024-07-30,2.7219163738955836,0.5914908514597629,0.610689167595482,0.5878340334903601,0.6097749848994857,0.09055159251411946,600028.SS,-0.7189074473803626,0.06389959370415799,-0.014199872095184475,-0.07809946579934246,-0.1632986983704493,0.19825516323257128
2024-07-31,2.740919188720632,0.5933192604444643,0.5960618957178708,0.5814346238402596,0.5914908514597629,0.46432960677152063,600028.SS,-0.008007390747784504,-0.14199905950350045,-0.1135989767614758,-0.04969938305731781,0.014199872095184475,0.720811731110554
2024-08-01,2.807430200023482,0.5997187136872736,0.6052039406413778,0.5905766687637666,0.592405077748468,-0.03359528966341752,600028.SS,0.7028926658847936,0.007100105323420089,0.07099936047592238,0.07099936047592238,0.04969972160897351,-0.9606532553215675
2024-08-02,2.835935117910163,0.60246134896068,0.6042897579453814,0.5905766687637666,0.5969761220065759,-0.24918901711199612,600028.SS,1.4137927225173716,0.03549984951378904,-0.0070997667717643854,0.0,0.021299977418604565,-0.41605260135338745
2024-08-05,2.693411919774975,0.5887482597790652,0.5988045309912773,0.583263032824961,0.5988045309912773,0.05854475937942035,600028.SS,-1.4298075040129405,0.014199872095184475,-0.04259961628555343,-0.0567994883807379,-0.10649920998971142,0.5934161792580308
2024-08-06,2.693411919774975,0.5887482597790652,0.5942334867331693,0.5850914418096623,0.5905766687637666,-0.25898879411105574,600028.SS,-0.7189074473803626,-0.06389959370415799,-0.03549984951378904,0.014199872095184475,0.0,-0.6126886870081814
2024-08-07,2.769424106607313,0.5960618957178708,0.6033755316566763,0.5860056245056586,0.5878340334903601,-0.17277415276777958,600028.SS,-0.008007390747784504,-0.021299977418604565,0.07099936047592238,0.0070997667717643854,0.0567994883807379,0.16611845544925277
2024-08-08,2.750421291782265,0.5942334867331693,0.60246134896068,0.5933192604444643,0.5988045309912773,-0.4668782324784788,600028.SS,0.7028926658847936,0.08519957112276255,-0.0070997667717643854,0.0567994883807379,-0.014199872095184475,-0.5674945740506663
2024-08-09,2.807430200023482,0.5997187136872736,0.601547122671975,0.5933192604444643,0.5942334867331693,-0.436715495298851,600028.SS,1.4137927225173716,-0.03549984951378904,-0.007100105323420089,0.0,0.04259961628555343,0.0579975427874295
2024-08-12,2.8169323030851148,0.6006329399759787,0.6079465759147843,0.5969761220065759,0.5997187136872736,-0.2335922925137737,600028.SS,-1.4298075040129405,0.04259961628555343,0.04969972160897351,0.028400082742024654,0.007100105323420089,0.39162837433022524
2024-08-13,2.8834428506218925,0.6070323496260792,0.610689167595482,0.5997187136872736,0.6006329399759787,-0.272932656307274,600028.SS,-0.7189074473803626,0.007100105323420089,0.02129963886694886,0.02129963886694886,0.04969938305731781,-0.07606995807929463
2024-08-14,2.892944489917453,0.6079465759147843,0.6097749848994857,0.60246134896068,0.6061181669300829,-0.4857376051051056,600028.SS,-0.008007390747784504,0.04259961628555343,-0.0070997667717643854,0.021299977418604565,0.007100105323420089,-0.410673207068222
2024-08-15,2.930950583333622,0.611603393884187,0.6134318028688884,0.6033755316566763,0.6052039406413778,-0.34635822846169917,600028.SS,0.7028926658847936,-0.007100105323420089,0.02839974419036895,0.0070997667717643854,0.02839974419036895,0.26867018474094495
2024-08-16,2.9214489440380613,0.610689167595482,0.6180028471269964,0.6070323496260792,0.6125175765801834,-0.07872164396420382,600028.SS,1.4137927225173716,0.0567994883807379,0.03549984951378904,0.02839974419036895,-0.007100105323420089,0.5160709925378492
2024-08-19,2.9594550374542306,0.6143459855648847,0.6216596650963991,0.6097749848994857,0.610689167595482,-0.13172595476779128,600028.SS,-1.4298075040129405,-0.014199872095184475,0.02839974419036895,0.021299977418604565,0.02839974419036895,-0.10242692923553123
2024-08-20,2.902445665446941,0.6088607586107806,0.6134318028688884,0.6033755316566763,0.6125175765801834,-0.3054515285076026,600028.SS,-0.7189074473803626,0.014199872095184475,-0.06389959370415799,-0.04969972160897351,-0.04259961628555343,-0.335291330920166
2024-08-21,2.9119477685085737,0.6097749848994857,0.610689167595482,0.5997187136872736,0.6079465759147843,-0.40355737244466366,600028.SS,-0.008007390747784504,-0.035499510962133336,-0.021299977418604565,-0.02839974419036895,0.007100105323420089,-0.18942520338160668
2024-08-22,2.978458316045351,0.6161743945495862,0.6207454388076941,0.6052039406413778,0.6079465759147843,-0.19532034456231273,600028.SS,0.7028926658847936,0.0,0.07809946579934246,0.04259961628555343,0.04969938305731781,0.4014926500396799
2024-08-23,3.0544709666437617,0.6234880740811005,0.6244022567770969,0.6134318028688884,0.6152602118535899,-0.24445989526205614,600028.SS,1.4137927225173716,0.0567994883807379,0.02839974419036895,0.06389959370415799,0.056799826932393604,-0.0949720283560421
2024-08-26,3.1209815141805395,0.6298874837312011,0.6326301190046075,0.6207454388076941,0.6262306657617983,-0.003760774531329921,600028.SS,-1.4298075040129405,0.08519923257110686,0.06389959370415799,0.0567994883807379,0.04969938305731781,0.46411016782162595
2024-08-27,3.396526734921428,0.6563994358057258,0.6582278447904272,0.6298874837312011,0.6308017100199061,0.42679656683336914,600028.SS,-0.7189074473803626,0.03549984951378904,0.19879820933258266,0.07099936047592238,0.20589831465600275,0.8303358009662687
2024-08-28,3.320514084323017,0.6490857998669202,0.6591420710791323,0.6445147992015211,0.6536568441250281,-0.1104619725484646,600028.SS,-0.008007390747784504,0.1774985704656338,0.007100105323420089,0.1135993153131315,-0.0567994883807379,-1.0365255996636304
2024-08-29,3.101978699355491,0.6280590747464997,0.6554852531097295,0.625316483065802,0.6481716171709239,0.11914273860133251,600028.SS,0.7028926658847936,-0.04259961628555343,-0.02839974419036895,-0.14909882627526483,-0.1632986983704493,0.44270968719153037
2024-08-30,3.0449693273482015,0.6225738477923954,0.6326301190046075,0.6134318028688884,0.6262306657617983,0.27106418400361254,600028.SS,1.4137927225173716,-0.1703988036938694,-0.1774985704656338,-0.09229933789452693,-0.04259961628555343,0.2928631170081097
2024-09-02,3.1969937010128775,0.6372011196700067,0.6417721639281145,0.6152602118535899,0.6170886208382913,0.17000897542017507,600028.SS,-1.4298075040129405,-0.07099936047592238,0.07099936047592238,0.014199872095184475,0.1135989767614758,-0.19511435885450046
2024-09-03,2.9119477685085737,0.6097749848994857,0.6399437549434132,0.6052039406413778,0.6353727106853053,0.2402908374119876,600028.SS,-0.7189074473803626,0.14199872095184476,-0.014199872095184475,-0.07809946579934246,-0.21299808142776713,0.13538503665780138
2024-09-04,2.835935117910163,0.60246134896068,0.6079465759147843,0.5942334867331693,0.6033755316566763,-0.20764855747298586,600028.SS,-0.008007390747784504,-0.24849793094155617,-0.24849793094155617,-0.08519923257110686,-0.0567994883807379,-0.8642340858378273
2024-09-05,2.7979290244939943,0.5988045309912773,0.6079465759147843,0.592405077748468,0.6052039406413778,-0.09294207334625744,600028.SS,0.7028926658847936,0.014199872095184475,0.0,-0.014199872095184475,-0.02839974419036895,0.22107758825890841
2024-09-06,2.8454367572057233,0.6033755316566763,0.6143459855648847,0.5978903047025722,0.5988045309912773,-0.3196584789274268,600028.SS,1.4137927225173716,-0.04969938305731781,0.04969938305731781,0.04259961628555343,0.035499510962133336,-0.43750761040050823
2024-09-09,2.6364025477676853,0.583263032824961,0.6061181669300829,0.5814346238402596,0.6033755316566763,0.027064978513903,600028.SS,-1.4298075040129405,0.035499510962133336,-0.06389925515250229,-0.12779884885666026,-0.15619859304702924,0.6686250406089338
2024-09-10,2.750421291782265,0.5942334867331693,0.5969761220065759,0.5823488065362559,0.583263032824961,-0.12750165421660958,600028.SS,-0.7189074473803626,-0.15619859304702924,-0.07099936047592238,0.0070997667717643854,0.08519923257110686,-0.2983348310747452
2024-09-11,2.5603903609353473,0.5759493968861554,0.592405077748468,0.5631504904005368,0.5914908514597629,0.24549268572297198,600028.SS,-0.008007390747784504,0.06389925515250229,-0.03549984951378904,-0.14909882627526483,-0.14199872095184476,0.7193000682377831
2024-09-12,2.588894815055956,0.5786919885668531,0.5805203975515545,0.5704641263393424,0.5750351705974502,-0.2426964618892478,600028.SS,0.7028926658847936,-0.12779884885666026,-0.09229933789452693,0.0567994883807379,0.02129963886694886,-0.9418735534744131
2024-09-13,2.5947303835475624,0.5658931256739432,0.5722925789167526,0.5649788993852382,0.5677215346586447,-0.23163184888979993,600028.SS,1.4137927225173716,-0.0567994883807379,-0.06389925515250229,-0.04259961628555343,-0.09939910466629133,0.021158355121989644
2024-09-18,2.7892477873808743,0.5841772155209572,0.5887482597790652,0.5677215346586447,0.5677215346586447,-0.17305106158629818,600028.SS,-0.008007390747784504,0.0,0.12779884885666026,0.021299977418604565,0.14199872095184476,0.1128143337833609
2024-09-19,2.7211669279222517,0.5777778058708568,0.5869198507943638,0.5631504904005368,0.5841772155209572,-0.03431958200938797,600028.SS,0.7028926658847936,0.12779884885666026,-0.014199872095184475,-0.03549984951378904,-0.04969938305731781,0.2674204284090999
2024-09-20,2.7795221490722453,0.583263032824961,0.5905766687637666,0.5759493968861554,0.5759493968861554,0.028438677321679238,600028.SS,1.4137927225173716,-0.06389925515250229,0.02839974419036895,0.09939944321794703,0.04259961628555343,0.1208724380525918
2024-09-23,2.8767808509889012,0.592405077748468,0.5978903047025722,0.5805203975515545,0.5850914418096623,-0.3208912263016045,600028.SS,-1.4298075040129405,0.07099936047592238,0.0567994883807379,0.035499510962133336,0.07099936047592238,-0.674022025223364
2024-09-24,3.1491056801216106,0.6180028471269964,0.6189170298229927,0.5942334867331693,0.6006329399759787,0.12994910834977294,600028.SS,-0.7189074473803626,0.1206990820848959,0.1632986983704493,0.10649920998971142,0.19879854788423837,0.8694605332727144
2024-09-25,3.1102017355888756,0.6143459855648847,0.6390295286547081,0.610689167595482,0.6298874837312011,0.4615283305760707,600028.SS,-0.008007390747784504,0.2271979535229516,0.15619859304702924,0.12779884885666026,-0.028400082742024654,0.6394126782914283
2024-09-26,3.139379578046909,0.6170886208382913,0.6170886208382913,0.6052039406413778,0.6161743945495862,0.33718949431108014,600028.SS,0.7028926658847936,-0.10649920998971142,-0.1703984651422137,-0.04259961628555343,0.021299977418604565,-0.24002714304212958
2024-09-27,3.051846514438882,0.6088607586107806,0.6207454388076941,0.5960618957178708,0.6207454388076941,0.5491718226652035,600028.SS,1.4137927225173716,0.03549984951378904,0.02839974419036895,-0.07099936047592238,-0.06389959370415799,0.4087171201311603
2024-09-30,3.3436230839549226,0.6362869369740104,0.6509142088516215,0.610689167595482,0.611603393884187,2.407214826433941,600028.SS,-1.4298075040129405,-0.07099936047592238,0.2342980588463717,0.1135989767614758,0.21299841997942284,3.5838738820309186
2024-10-08,3.401978305104916,0.6417721639281145,0.6984528860465667,0.625316483065802,0.694796068077164,2.8920514020840264,600028.SS,-0.7189074473803626,0.6460946881583772,0.3691970130264521,0.1135993153131315,0.04259961628555343,0.9350373349656602
2024-10-09,2.974039552905557,0.601547122671975,0.6399437549434132,0.601547122671975,0.6399437549434132,1.354235327976843,600028.SS,-0.008007390747784504,-0.42599650140719,-0.4543962455975589,-0.18459867578905387,-0.31239752464571413,-2.966543775483749
2024-10-10,3.265816122421598,0.6289733010352048,0.6399437549434132,0.6079465759147843,0.6088607586107806,1.1345296971298664,600028.SS,0.7028926658847936,-0.2413981641697918,0.0,0.04969972160897351,0.21299841997942284,-0.42398422749251125
2024-10-11,3.139379578046909,0.6170886208382913,0.6408579812321182,0.610689167595482,0.6317158927159024,0.66825132936738,600028.SS,1.4137927225173716,0.1774985704656338,0.007100105323420089,0.02129963886694886,-0.09229933789452693,-0.8996089141221281
2024-10-14,3.188009160888273,0.6216596650963991,0.6308017100199061,0.6152602118535899,0.6289733010352048,0.2795488490943187,600028.SS,-1.4298075040129405,-0.02129963886694886,-0.07809946579934246,0.03549984951378904,0.03549984951378904,-0.7499694704482909
2024-10-15,2.9934912932888884,0.6033755316566763,0.6170886208382913,0.6033755316566763,0.6170886208382913,0.2551060058150264,600028.SS,-0.7189074473803626,-0.09229933789452693,-0.10649920998971142,-0.09229933789452693,-0.14199905950350045,-0.04733349428866727
2024-10-16,2.9837656549802594,0.60246134896068,0.6088607586107806,0.5960618957178708,0.5988045309912773,-0.005440955124986076,600028.SS,-0.008007390747784504,-0.14199872095184476,-0.06389959370415799,-0.0567994883807379,-0.0070997667717643854,-0.502764813984087
2024-10-17,2.8962325913722324,0.5942334867331693,0.6097749848994857,0.5942334867331693,0.6042897579453814,0.12849279033618433,600028.SS,0.7028926658847936,0.04259961628555343,0.007100105323420089,-0.014199872095184475,-0.06389959370415799,0.25816587409836567
2024-10-18,2.964313914596928,0.6006329399759787,0.6061181669300829,0.5887482597790652,0.5951477130218745,0.3698363234800378,600028.SS,1.4137927225173716,-0.07099936047592238,-0.02839974419036895,-0.04259961628555343,0.04969972160897351,0.4653532024567118
2024-10-21,2.944862174213597,0.5988045309912773,0.6125175765801834,0.5969761220065759,0.6097749848994857,0.624223858332474,600028.SS,-1.4298075040129405,0.1135989767614758,0.04969938305731781,0.06389959370415799,-0.014199872095184475,0.4905143346347867
2024-10-22,2.9934912932888884,0.6033755316566763,0.6052039406413778,0.5969761220065759,0.5988045309912773,0.10393775488371829,600028.SS,-0.7189074473803626,-0.08519923257110686,-0.0567994883807379,0.0,0.035499510962133336,-1.0037867428743756
2024-10-23,2.9837656549802594,0.60246134896068,0.6052039406413778,0.5978903047025722,0.6042897579453814,0.15090740385564613,600028.SS,-0.008007390747784504,0.04259961628555343,0.0,0.0070997667717643854,-0.0070997667717643854,0.09041711298980536
2024-10-24,2.8865064892975307,0.5933192604444643,0.601547122671975,0.592405077748468,0.5997187136872736,0.04566591533291908,600028.SS,0.7028926658847936,-0.03549984951378904,-0.02839974419036895,-0.04259961628555343,-0.07099969902757808,-0.2031894530809587
2024-10-25,2.8476030085308683,0.5896624424750615,0.5933192604444643,0.5878340334903601,0.5933192604444643,-0.15519759844368575,600028.SS,1.4137927225173716,-0.04969972160897351,-0.06389959370415799,-0.03549984951378904,-0.02839974419036895,-0.3876388628786408
2024-10-28,2.837877370222239,0.5887482597790652,0.5887482597790652,0.5814346238402596,0.5860056245056586,0.09822228357375486,600028.SS,-1.4298075040129405,-0.0567994883807379,-0.035499510962133336,-0.04969938305731781,-0.0070997667717643854,0.48864778774007167
2024-10-29,2.6336338643142247,0.5695499436433461,0.5786919885668531,0.568635717354641,0.5777778058708568,0.8991609531370601,600028.SS,-0.7189074473803626,-0.06389925515250229,-0.07809946579934246,-0.09939944321794703,-0.14909882627526483,1.5447801688295613
2024-10-30,2.5947303835475624,0.5658931256739432,0.5713783526280475,0.5640647166892419,0.5695499436433461,0.11835376587117108,600028.SS,-0.008007390747784504,-0.06389959370415799,-0.0567994883807379,-0.035499510962133336,-0.02839974419036895,-1.5063169917615065
2024-10-31,2.5850042814728607,0.5649788993852382,0.5695499436433461,0.5631504904005368,0.5668073083699395,0.09108495567068603,600028.SS,0.7028926658847936,-0.021299977418604565,-0.014199872095184475,-0.007100105323420089,-0.007100105323420089,-0.052784622617499964
2024-11-01,2.6822634471555893,0.5741209879014539,0.5768635795821517,0.5649788993852382,0.5658931256739432,0.5410333681356856,600028.SS,1.4137927225173716,-0.0070997667717643854,0.0567994883807379,0.014199872095184475,0.07099969902757808,0.867740066461579
2024-11-04,2.6433595026228542,0.5704641263393424,0.5750351705974502,0.5649788993852382,0.5741209879014539,0.18642907826551214,600028.SS,-1.4298075040129405,0.06389959370415799,-0.014199872095184475,0.0,-0.028400082742024654,-0.6841960141940103
2024-11-05,2.6822634471555893,0.5741209879014539,0.5750351705974502,0.5668073083699395,0.5704641263393424,0.3346058940383795,600028.SS,-0.7189074473803626,-0.028400082742024654,0.0,0.014199872095184475,0.028400082742024654,0.2856399409331178
2024-11-06,2.6822634471555893,0.5741209879014539,0.5814346238402596,0.5713783526280475,0.5732067616127489,0.5074408003154859,600028.SS,-0.008007390747784504,0.021299977418604565,0.04969972160897351,0.03549984951378904,0.0,0.33320398518097044
2024-11-07,2.7795221490722453,0.583263032824961,0.5841772155209572,0.5713783526280475,0.5741209879014539,0.3696685507750538,600028.SS,0.7028926658847936,0.007100105323420089,0.02129963886694886,0.0,0.07099936047592238,-0.26593942782845365
2024-11-08,2.7308925662308807,0.5786919885668531,0.5878340334903601,0.5777778058708568,0.5850914418096623,0.31261427768429,600028.SS,1.4137927225173716,0.08519923257110686,0.02839974419036895,0.04969972160897351,-0.03549984951378904,-0.11023907451889253
2024-11-11,2.6336338643142247,0.5695499436433461,0.5750351705974502,0.5677215346586447,0.5741209879014539,0.23473816960434296,600028.SS,-1.4298075040129405,-0.08519923257110686,-0.09939910466629133,-0.07809946579934246,-0.07099936047592238,-0.150403201606379
2024-11-12,2.5850042814728607,0.5649788993852382,0.5722925789167526,0.5649788993852382,0.5668073083699395,0.14875770193666465,600028.SS,-0.7189074473803626,-0.056799826932393604,-0.02129963886694886,-0.021299977418604565,-0.03549984951378904,-0.16603604705988606
2024-11-13,2.6433595026228542,0.5704641263393424,0.5741209879014539,0.5640647166892419,0.5649788993852382,0.010720506933130357,600028.SS,-0.008007390747784504,-0.014199872095184475,0.014199872095184475,-0.0070997667717643854,0.04259961628555343,-0.26645049245156754
2024-11-14,2.672537345080887,0.5732067616127489,0.5796062148555582,0.568635717354641,0.5695499436433461,0.39297158940451776,600028.SS,0.7028926658847936,0.03549984951378904,0.04259961628555343,0.035499510962133336,0.021299977418604565,0.7371557943856819
2024-11-15,2.7211669279222517,0.5777778058708568,0.583263032824961,0.5704641263393424,0.5722925789167526,0.41910181862133083,600028.SS,1.4137927225173716,0.021299977418604565,0.02839974419036895,0.014199872095184475,0.03549984951378904,0.05021906589603495
2024-11-18,2.760070408688914,0.5814346238402596,0.5896624424750615,0.5777778058708568,0.5786919885668531,0.4951474401500059,600028.SS,-1.4298075040129405,0.04969938305731781,0.04969938305731781,0.056799826932393604,0.02839974419036895,0.1465029986751029
2024-11-19,2.6919890854642183,0.5750351705974502,0.5841772155209572,0.5722925789167526,0.583263032824961,0.25361723269653064,600028.SS,-0.7189074473803626,0.03549984951378904,-0.04259961628555343,-0.04259961628555343,-0.04969972160897351,-0.46608258572603667
2024-11-20,2.740618668305583,0.5796062148555582,0.5823488065362559,0.5722925789167526,0.5732067616127489,0.013466637402003205,600028.SS,-0.008007390747784504,-0.07809946579934246,-0.014199872095184475,0.0,0.03549984951378904,-0.46342139289110124
2024-11-21,2.7308925662308807,0.5786919885668531,0.5823488065362559,0.5768635795821517,0.5786919885668531,-0.2732678041810288,600028.SS,0.7028926658847936,0.04259961628555343,0.0,0.035499510962133336,-0.007100105323420089,-0.5532789642111792
2024-11-22,2.672537345080887,0.5732067616127489,0.5823488065362559,0.5732067616127489,0.5786919885668531,0.0005364863379836798,600028.SS,1.4137927225173716,0.0,0.0,-0.02839974419036895,-0.04259961628555343,0.5279681441873151
2024-11-25,2.7308925662308807,0.5786919885668531,0.5887482597790652,0.5741209879014539,0.5759493968861554,0.4490425939409105,600028.SS,-1.4298075040129405,-0.02129963886694886,0.04969972160897351,0.007100105323420089,0.04259961628555343,0.8649579429931488
2024-11-26,2.760070408688914,0.5814346238402596,0.5823488065362559,0.568635717354641,0.5750351705974502,0.013036627449369594,600028.SS,-0.7189074473803626,-0.007100105323420089,-0.04969972160897351,-0.04259995483720913,0.021299977418604565,-0.8412151859746678
2024-11-27,2.7795221490722453,0.583263032824961,0.583263032824961,0.5777778058708568,0.5814346238402596,-0.06529332412149406,600028.SS,-0.008007390747784504,0.04969972160897351,0.007100105323420089,0.07099969902757808,0.014199872095184475,-0.15127863970568545
2024-11-28,2.7989738894555765,0.5850914418096623,0.5869198507943638,0.5805203975515545,0.5823488065362559,-0.13222267005470195,600028.SS,0.7028926658847936,0.0070997667717643854,0.02839974419036895,0.02129963886694886,0.014199872095184475,-0.1292875244200734
2024-11-29,2.760070408688914,0.5814346238402596,0.5878340334903601,0.5814346238402596,0.5860056245056586,-0.05831150120432951,600028.SS,1.4137927225173716,0.02839974419036895,0.0070997667717643854,0.007100105323420089,-0.02839974419036895,0.1423857617131297
2024-12-02,2.7114408258475495,0.5768635795821517,0.5805203975515545,0.5750351705974502,0.5796062148555582,0.14285633896649919,600028.SS,-1.4298075040129405,-0.04969938305731781,-0.0567994883807379,-0.04969972160897351,-0.03549984951378904,0.38785659184411875
2024-12-03,2.750344306614212,0.5805203975515545,0.5805203975515545,0.5741209879014539,0.5768635795821517,-0.008606206781152401,600028.SS,-0.7189074473803626,-0.021299977418604565,0.0,-0.0070997667717643854,0.02839974419036895,-0.2923472250767625
2024-12-04,2.8767808509889012,0.592405077748468,0.5942334867331693,0.5786919885668531,0.5805203975515545,0.986949396867937,600028.SS,-0.008007390747784504,0.02839974419036895,0.10649920998971142,0.035499510962133336,0.09229933789452693,1.9201850876591962
2024-12-05,2.7892477873808743,0.5841772155209572,0.5914908514597629,0.5823488065362559,0.5896624424750615,-0.06658851573866337,600028.SS,0.7028926658847936,0.07099936047592238,-0.021299977418604565,0.02839974419036895,-0.06389959370415799,-2.0323989398192626
2024-12-06,2.8086995277642055,0.5860056245056586,0.5896624424750615,0.5823488065362559,0.5823488065362559,-0.11188756225507225,600028.SS,1.4137927225173716,-0.0567994883807379,-0.014199872095184475,0.0,0.014199872095184475,-0.08756391575791603
2024-12-09,2.8670547489141995,0.5914908514597629,0.592405077748468,0.5823488065362559,0.5850914418096623,-0.03707148917635912,600028.SS,-1.4298075040129405,0.021299977418604565,0.021299977418604565,0.0,0.04259961628555343,0.14413127013964255
2024-12-10,2.837877370222239,0.5887482597790652,0.5988045309912773,0.5887482597790652,0.5960618957178708,0.17067724000609533,600028.SS,-0.7189074473803626,0.08519923257110686,0.04969972160897351,0.04969972160897351,-0.02129963886694886,0.400550749815733
2024-12-11,2.837877370222239,0.5887482597790652,0.5914908514597629,0.5869198507943638,0.5887482597790652,-0.2117253223970376,600028.SS,-0.008007390747784504,-0.0567994883807379,-0.056799826932393604,-0.014199872095184475,0.0,-0.7378172897159022
2024-12-12,2.85732911060557,0.5905766687637666,0.592405077748468,0.5878340334903601,0.5896624424750615,-0.06910678963082653,600028.SS,0.7028926658847936,0.0070997667717643854,0.007100105323420089,0.0070997667717643854,0.014199872095184475,0.27491833137356014
2024-12-13,2.760070408688914,0.5814346238402596,0.5887482597790652,0.5796062148555582,0.5878340334903601,0.514567282933738,600028.SS,1.4137927225173716,-0.014199872095184475,-0.02839974419036895,-0.06389925515250229,-0.07099936047592238,1.1256892054249363
2024-12-16,2.8476030085308683,0.5896624424750615,0.5914908514597629,0.5814346238402596,0.5814346238402596,0.17972174168056693,600028.SS,-1.4298075040129405,-0.04969938305731781,0.02129963886694886,0.014199872095184475,0.06389925515250229,-0.6460825198283483
2024-12-17,2.837877370222239,0.5887482597790652,0.5960618957178708,0.5869198507943638,0.5878340334903601,-0.020937960248724477,600028.SS,-0.7189074473803626,0.04969938305731781,0.03549984951378904,0.04259961628555343,-0.0070997667717643854,-0.3872457214988496
2024-12-18,2.905958693446934,0.5951477130218745,0.5997187136872736,0.5905766687637666,0.5905766687637666,0.13536287451991838,600028.SS,-0.008007390747784504,0.021299977418604565,0.02839974419036895,0.02839974419036895,0.04969972160897351,0.3013107082587155
2024-12-19,2.85732911060557,0.5905766687637666,0.5988045309912773,0.5887482597790652,0.5933192604444643,-0.08699325449063927,600028.SS,0.7028926658847936,0.02129963886694886,-0.0070997667717643854,-0.014199872095184475,-0.03549984951378904,-0.42909688663818774
2024-12-20,2.7795221490722453,0.583263032824961,0.592405077748468,0.583263032824961,0.5914908514597629,-0.0263286196264767,600028.SS,1.4137927225173716,-0.014199872095184475,-0.04969972160897351,-0.04259961628555343,-0.0567994883807379,0.11683395637189883
2024-12-23,2.935136072138895,0.5978903047025722,0.5997187136872736,0.5841772155209572,0.5841772155209572,0.7334829223640068,600028.SS,-1.4298075040129405,-0.0567994883807379,0.0567994883807379,0.0070997667717643854,0.1135989767614758,1.4654482953690238
2024-12-24,3.0032173953635906,0.6042897579453814,0.6079465759147843,0.5933192604444643,0.5942334867331693,0.2731756727540986,600028.SS,-0.7189074473803626,0.07809946579934246,0.06389959370415799,0.07099936047592238,0.04969972160897351,-0.8880909692119346
2024-12-25,3.1491056801216106,0.6180028471269964,0.6180028471269964,0.6042897579453814,0.6042897579453814,0.4425357895295197,600028.SS,-0.008007390747784504,0.07809946579934246,0.07809946579934246,0.08519957112276255,0.10649920998971142,0.32650131525680404
2024-12-26,3.061572616513584,0.6097749848994857,0.6180028471269964,0.6052039406413778,0.6161743945495862,0.14864864036117004,600028.SS,0.7028926658847936,0.09229899934287124,0.0,0.0070997667717643854,-0.06389959370415799,-0.5670761274595464
2024-12-27,3.042120876130253,0.6079465759147843,0.6134318028688884,0.6006329399759787,0.6088607586107806,-0.03186815010457517,600028.SS,1.4137927225173716,-0.0567994883807379,-0.03549984951378904,-0.035499510962133336,-0.014199872095184475,-0.3483911990057968
